Time   C(t)   
ps   
0           1           1  2.56583e-10   0.0319772
10     0.68362     0.86303   -0.907827   0.0166911
20    0.666179    0.855479   -0.581121  0.00140491
30    0.655522    0.850866    -0.60164  0.00122329
40    0.641713    0.844887    -1.31057  0.00125836
50    0.630355     0.83997   -0.677344  0.00101264
60     0.62146    0.836119    -1.31016  0.000598216
70    0.618391    0.834791  -0.0447506  0.000671792
80    0.608024    0.830303   -0.467173  0.00064438
90    0.605503    0.829211    0.549428  0.000495297
100    0.598118    0.826014   -0.121503   0.0007478
110    0.590547    0.822736   -0.677606  0.000650582
120    0.585107    0.820381    -1.04297  0.000544521
130    0.579657    0.818022    -0.31288  0.000600454
140    0.573098    0.815182    -1.25475  0.000467712
150    0.570302    0.813972    -1.00553  0.000297201
160    0.567154    0.812609   -0.814192  0.000306508
170    0.564172    0.811318    0.279518  0.000538665
180     0.55638    0.807945    -1.69676  0.000658718
190    0.550998    0.805614   -0.871288  0.000450391
200    0.547373    0.804045   -0.698163  0.000486615
210    0.541266    0.801401   -0.947891  0.000447682
220    0.538419    0.800169   -0.621747  0.000364614
230    0.533973    0.798244   -0.717801  0.000504932
240     0.52832    0.795797   -0.430184  0.000452718
250    0.524919    0.794324    -1.88935  0.000371531
260     0.52089     0.79258    -1.67813  0.000381085
270    0.517297    0.791024    -1.40987  0.00035294
280    0.513831    0.789524    -1.90891  0.000431719
290    0.508663    0.787286       -1.41  0.000265104
300    0.508529    0.787228    -2.17884  0.000308424
310    0.502494    0.784616    -2.27402  0.000214759
320    0.504234    0.785369    -2.19811  0.000146249
330    0.499569     0.78335    -2.37086  0.000533996
340    0.493554    0.780745    -2.10248  0.000424984
350     0.49107     0.77967    -1.27739  0.000158784
360    0.490378     0.77937     -2.1988  0.000199716
370    0.487075    0.777941    -2.12265  0.00046341
380     0.48111    0.775358    -2.52476  0.000313182
390    0.480812    0.775229    -1.71911  7.27698e-05
400    0.479655    0.774728    -2.35352  0.000230934
410    0.476193    0.773229    -1.81515  0.000357887
420    0.472497    0.771629    -1.35427  0.000220656
430     0.47178    0.771319    -1.43136  0.000123842
440     0.47002    0.770557    -2.48854  0.000312254
450    0.465535    0.768615    -1.83542  0.000344524
460    0.463129    0.767574    -2.21904  0.000213587
470    0.461263    0.766766    -2.21969  0.00025498
480     0.45803    0.765366    -1.79665  0.00019851
490    0.457293    0.765047    -2.12355  0.000187691
500    0.454276    0.763741    -2.16252  0.000500563
510    0.447282    0.760713    -1.77752  0.000373505
520    0.446806    0.760507     -1.6819  0.000226012
530    0.442762    0.758756    -1.87401  0.000235492
540    0.442096    0.758468    -1.97043  0.000307173
550    0.436618    0.756096    -1.81661  0.00022036
560    0.437689     0.75656     -1.3955  0.000127015
570    0.434078    0.754996    -1.68351  0.000345455
580     0.43078    0.753569    -2.08588  0.000141403
590     0.43125    0.753772     -2.9507  0.000300784
600    0.424764    0.750964    -1.75963  0.000593977
610     0.41937    0.748629    -1.37519  0.000191414
620    0.420936    0.749307    -1.35769  -2.74464e-05
630    0.419919    0.748867    -2.35609  0.000305493
640    0.414826    0.746662    -2.14416  0.000241184
650    0.415095    0.746778    -2.45201  0.00031376
660    0.408551    0.743945    -2.39409   0.0005043
670    0.405009    0.742412    -1.39616  0.000231472
680    0.403921    0.741941    -2.08757  0.00019955
690    0.401018    0.740684    -2.08763  0.00017653
700    0.400391    0.740412     -2.2799  0.000186458
710    0.397289     0.73907    -1.60773  0.000210077
720    0.396189    0.738593     -3.0096  0.000187193
730    0.393545    0.737449    -2.22243  0.000143082
740    0.393328    0.737354    -1.55086  0.00021378
750     0.38927    0.735598    -2.24177  0.000392133
760    0.385485    0.733959    -1.51237  0.000130285
770    0.386664     0.73447    -2.14669  0.000224774
780    0.380989    0.732013    -2.03066  0.000391728
790     0.37883    0.731078    -2.24224  0.000213917
800    0.376711    0.730161     -2.3768  0.000120261
810    0.376424    0.730036    -3.85592  0.000179519
820    0.373121    0.728606    -3.22194  0.00023163
830    0.371792    0.728031    -3.97081  0.000277214
840    0.367576    0.726206    -3.24111  0.000261113
850    0.366569     0.72577    -3.14542  1.78367e-05
860     0.36722    0.726052    -3.10749  0.000269353
870    0.361182    0.723438     -3.4332  0.00035737
880    0.360072    0.722957    -2.60786  0.000284711
890    0.355488    0.720973    -2.77996  0.00015444
900    0.356984     0.72162    -3.29971  0.000112215
910    0.353244    0.720001    -1.91668  8.10728e-05
920    0.355362    0.720918    -2.22537  0.000167561
930    0.349893     0.71855    -1.99474  0.00035156
940    0.348331    0.717874    -1.78346  0.000134793
950    0.347197    0.717383     -1.9945  0.000252473
960    0.343281    0.715688    -2.58971  0.000140184
970    0.344393    0.716169    -2.43682  0.000159948
980    0.340082    0.714303    -2.20585   0.0002922
990    0.338549    0.713639    -2.24452  0.000269009
1000    0.334702    0.711974    -1.49572  0.000276679
1010    0.333016    0.711244   -0.939389  0.000195386
1020    0.330795    0.710282   -0.708493  0.000140342
1030    0.330209    0.710028    -1.95702  0.000121383
1040    0.328367    0.709231    -1.26621  0.000140899
1050    0.327391    0.708808    -1.43854  0.000172827
1060     0.32491    0.707735    -1.72731  0.000313692
1070    0.321117    0.706092    -0.80539  0.000180778
1080    0.321295    0.706169    -1.15104  0.000176634
1090    0.317584    0.704563   -0.805934  0.000254677
1100    0.316201    0.703964    -1.34418  0.000262614
1110    0.312332    0.702289   -0.978852  0.000202139
1120    0.312158    0.702214      -1.594  0.000163768
1130    0.309057    0.700871    -1.55517  0.000288565
1140    0.306387    0.699715   -0.594731  0.000237913
1150    0.304298    0.698811    -1.01745  0.000187008
1160    0.302647    0.698096    -1.01783  0.000258525
1170    0.299128    0.696573   -0.307302  0.000180544
1180    0.299036    0.696533    -0.61557  0.000171286
1190    0.295702     0.69509   -0.135132  0.000338757
1200    0.292261      0.6936    -0.19266  0.00025091
1210    0.290684    0.692917   -0.826471  4.4407e-05
1220    0.291373    0.693215   -0.117088  0.000192729
1230    0.286829    0.691248   -0.116001  0.000210208
1240    0.287169    0.691395    -1.17235  -4.30197e-06
1250    0.286915    0.691286    -1.13448  0.00025575
1260    0.282054    0.689181    -1.09604  0.000390041
1270    0.279115    0.687908   -0.961764  0.000242093
1280    0.277212    0.687085   -0.442482  0.000205347
1290    0.275008     0.68613    -1.36453  0.000126161
1300    0.274689    0.685992    0.478384  6.17892e-05
1310    0.273772    0.685595   -0.174428  0.000301404
1320    0.268661    0.683383    0.171316  0.000189528
1330    0.269981    0.683954   -0.923406  9.52452e-05
1340    0.266756    0.682558   -0.635526  0.000195304
1350    0.266075    0.682263    -1.71069  0.000195929
1360    0.262837    0.680861    -1.59554  0.000258924
1370    0.260897    0.680021    -1.11495  0.000209388
1380    0.258649    0.679048    -1.19174  8.66473e-05
1390    0.259164    0.679271    -2.36314  0.000102109
1400    0.256607    0.678164     -1.0381  0.000132453
1410    0.256515    0.678124    -1.65333  9.50322e-05
1420    0.254706    0.677341   -0.904124  0.00017094
1430    0.253096    0.676644    -1.17325  0.000143549
1440    0.251835    0.676098    -1.57618  7.04497e-05
1450    0.251687    0.676034    -1.65314  2.49758e-05
1460    0.251336    0.675882   -0.444431  4.53919e-05
1470    0.250779    0.675641    -1.15443  0.000142077
1480    0.248494    0.674652    -1.53865  0.000109179
1490    0.248595    0.674696   -0.425412  6.8859e-05
1500    0.247117    0.674056     -2.0379  0.000176042
1510    0.245075    0.673172   -0.866648  0.000178975
1520    0.243538    0.672506    -1.05844  0.000143674
1530    0.242201    0.671928    -1.02023  0.000105564
1540    0.241426    0.671592   -0.885611  8.27715e-05
1550    0.240546    0.671211  -0.0604982  8.81895e-05
1560    0.239663    0.670829   -0.617745  5.75155e-05
1570    0.239395    0.670713   -0.118476  7.56815e-05
1580    0.238149    0.670173  -0.0995685  0.000160787
1590     0.23618    0.669321   -0.944019  1.93506e-05
1600    0.237762    0.670006    -1.05967  0.000102205
1610    0.234136    0.668436    -1.00166  0.000125342
1620    0.235255     0.66892   -0.560854  8.19944e-05
1630    0.232496    0.667726   -0.234393  0.000224409
1640    0.230767    0.666977    0.130765  0.000147171
1650    0.229552    0.666451   -0.407106  0.000199536
1660    0.226776     0.66525    0.322797  0.000179105
1670     0.22597    0.664901   -0.618157  0.000111981
1680    0.224537     0.66428    0.341629  0.000182554
1690    0.222319     0.66332    -1.44333  0.000154247
1700    0.221452    0.662944    -0.71436  0.000157303
1710    0.219173    0.661958   -0.810433  0.000118389
1720    0.219084    0.661919   -0.733849  -3.30009e-05
1730    0.219833    0.662244   -0.407574  0.000137293
1740    0.216338    0.660731    -0.08053  0.000108455
1750    0.217664    0.661305   -0.196822  0.000140652
1760    0.213525    0.659513    0.686549  0.000209119
1770    0.213482    0.659494    0.456327  8.59246e-05
1780    0.211807    0.658769  -0.0238654  9.13359e-05
1790    0.211655    0.658703    0.282696  0.000152485
1800    0.208757    0.657449   -0.196522  0.000189637
1810    0.207862    0.657061    0.513236  8.96283e-05
1820    0.206964    0.656672   -0.638489  0.000150847
1830    0.204845    0.655755    -1.57896  0.000153745
1840    0.203889    0.655341    -1.09947  0.000271074
1850    0.199424    0.653408   -0.734224  0.000199763
1860    0.199894    0.653612   -0.907311  5.93945e-05
1870    0.198236    0.652894    -1.11889  0.000296675
1880    0.193961    0.651043    -1.98211  0.000150482
1890    0.195226    0.651591    -1.48369  -3.05988e-05
1900    0.194573    0.651308    -1.65661  0.000185928
1910    0.191508    0.649981    -1.77112  0.000264004
1920    0.189293    0.649022    -1.02282  9.56446e-05
1930    0.189595    0.649153    -1.63716  0.000106817
1940    0.187156    0.648097    -1.07986  0.000238747
1950     0.18482    0.647085    -1.65595  5.07966e-05
1960     0.18614    0.647657    -1.38842  0.000145505
1970     0.18191    0.645826    -1.19568  0.000245418
1980    0.181232    0.645532     -1.2342  0.000235436
1990    0.177201    0.643787   -0.715541  0.000206049
2000    0.177111    0.643748    -0.81197  0.000139117
2010    0.174419    0.642583   -0.926724  -5.88231e-05
2020    0.178287    0.644257   -0.774775  -9.66229e-05
2030    0.176351    0.643419   -0.889266  0.000289083
2040    0.172506    0.641754    -1.21575  8.54291e-05
2050    0.174642    0.642679    -1.15901  5.60209e-05
2060    0.171385    0.641269     -1.0815  0.000167747
2070    0.171288    0.641227    -2.15702  0.000108215
2080    0.169221    0.640332   -0.563329  0.000108415
2090    0.169119    0.640288    -1.54266  -9.06661e-06
2100    0.169402    0.640411   -0.756167  0.000139157
2110    0.166336    0.639083   -0.813395  0.000243683
2120    0.164529    0.638301    -1.42806  0.000164512
2130    0.163046    0.637659    -1.00507  0.00011545
2140     0.16222    0.637301   -0.122338  0.000113034
2150    0.160785     0.63668   -0.717266  6.07781e-05
2160    0.161004    0.636775   -0.525384  6.10113e-05
2170    0.159565    0.636152     -1.3894  8.0514e-05
2180    0.159394    0.636078  -0.0847487  5.30958e-05
2190    0.158503    0.635692      -1.275  0.000116971
2200    0.157054    0.635065   -0.736998  0.000178403
2210    0.154935    0.634148   -0.698866  2.29649e-05
2220    0.156595    0.634866   -0.948706  -2.13534e-05
2230    0.155362    0.634332     -1.7551  0.000243476
2240    0.151726    0.632758   -0.641432  7.07179e-05
2250    0.153948     0.63372    -1.58263  -4.89302e-05
2260    0.152704    0.633182   -0.968345  0.000239229
2270    0.149163    0.631649   -0.507209  0.000206007
2280    0.148584    0.631398    -1.48605  0.000150619
2290    0.146151    0.630345  -0.0462597  7.49037e-05
2300    0.147086    0.630749   -0.968175  0.00010911
2310    0.143969      0.6294    -1.25628  4.42982e-05
2320      0.1462    0.630366   0.0676134  3.06472e-05
2330    0.143356    0.629134    0.701631  8.13052e-05
2340    0.144574    0.629662   -0.143345  0.000127035
2350    0.140815    0.628035   -0.431036  0.000149718
2360     0.14158    0.628366   0.0102174  2.84314e-06
2370    0.140758     0.62801   -0.373678  8.22902e-05
2380    0.139934    0.627653   -0.604368  6.8295e-05
2390    0.139392    0.627419   -0.143607  6.27466e-05
2400    0.138679     0.62711   -0.662288  -2.54981e-05
2410    0.139902    0.627639    0.355043  -0.000111072
2420      0.1409    0.628071   -0.528553  2.8713e-05
2430    0.139328    0.627391   0.0477687  0.000223348
2440    0.136433    0.626138    0.949634  0.000155101
2450    0.136226    0.626048   -0.758737  6.37472e-06
2460    0.136306    0.626082    0.105559  0.000141519
2470    0.133395    0.624822  -0.0476471  0.000104243
2480    0.134221     0.62518   0.0475247  7.59505e-05
2490    0.131876    0.624165   -0.412786  0.000145257
2500    0.131316    0.623922    0.240026  6.76408e-05
2510    0.130524    0.623579   -0.240486  7.65145e-05
2520    0.129786     0.62326   -0.336408  0.00018981
2530    0.126727    0.621936   -0.355315  0.000114679
2540    0.127492    0.622267   -0.777718  -1.01849e-06
2550    0.126748    0.621944   -0.413442  -5.93252e-05
2560    0.128678     0.62278   -0.797844  0.000100959
2570    0.124729     0.62107    -1.06609  0.000162102
2580    0.125436    0.621377   -0.222066  4.60189e-05
2590    0.123808    0.620672   -0.509534  5.18773e-05
2600    0.124399    0.620928    -1.16315  -2.69849e-05
2610    0.124348    0.620906   -0.856553  0.000316136
2620    0.118076     0.61819     -1.5083  0.000331274
2630    0.117722    0.618037   -0.875009  3.54521e-05
2640    0.117367    0.617883   -0.798201  4.14755e-05
2650    0.116893    0.617678   -0.471925  0.000144803
2660    0.114471     0.61663   0.0269125  7.71064e-05
2670    0.115351     0.61701   -0.606506  2.43139e-05
2680    0.113985    0.616419   -0.836989  0.000175285
2690    0.111845    0.615493   -0.318251  0.000154956
2700    0.110886    0.615077   -0.587973  1.88276e-05
2710    0.111469     0.61533   -0.607087  1.89651e-05
2720    0.110506    0.614913   -0.376696  0.000173812
2730    0.107992    0.613825    0.198913  9.96102e-05
2740    0.108514    0.614051   -0.300225  -5.82173e-05
2750    0.109157    0.614329  0.00631817  0.000204851
2760    0.104417    0.612277      0.0455  0.000282901
2770    0.103499    0.611879    0.256309  5.30269e-05
2780    0.103357    0.611818   -0.300843  0.000104284
2790    0.101413    0.610976    0.313574  2.32674e-05
2800    0.102891    0.611616   -0.493026  1.15167e-05
2810    0.101183    0.610877    0.179349  0.000153008
2820   0.0998311    0.610291   0.0634892  0.00021994
2830   0.0967838    0.608972   -0.204734  0.000111615
2840   0.0975988    0.609325   -0.666283  -2.41347e-05
2850   0.0972665    0.609181   -0.243954  0.000118217
2860   0.0952344    0.608301   -0.378234  0.000230844
2870   0.0926497    0.607182   -0.666713  0.000125025
2880   0.0927339    0.607219   -0.762412  -7.54267e-05
2890   0.0941582    0.607836   -0.225477  0.000140962
2900   0.0899147    0.605998   -0.627624  0.000223403
2910   0.0896901    0.605901   -0.148331  2.24482e-05
2920   0.0894657    0.605804   -0.436511  8.68335e-05
2930   0.0879535    0.605149   -0.916141  0.00018517
2940   0.0857623    0.604201  -0.0330339  8.4307e-05
2950   0.0862673    0.604419   -0.609317  0.000127772
2960   0.0832069    0.603094    0.158474  9.39857e-05
2970   0.0843876    0.603606    0.254509  8.5333e-05
2980   0.0815002    0.602356    0.101378  0.000255145
2990   0.0792847    0.601396    0.254696  0.000135282
3000   0.0787946    0.601184    0.254771  -7.17096e-05
3010   0.0807189    0.602017     0.56077  0.000123676
3020   0.0763211    0.600113  -0.0914978  0.000170149
3030   0.0773159    0.600544    0.407246  9.63882e-05
3040   0.0743933    0.599279    0.253722  0.000161833
3050   0.0740792    0.599143    0.848651  0.000181163
3060     0.07077     0.59771    0.426584  0.00027517
3070   0.0685758     0.59676    0.254322  6.01929e-05
3080   0.0695662    0.597189    0.253815  4.4924e-05
3090   0.0676774    0.596371   -0.168551  0.00023938
3100   0.0647786    0.595116    0.369338  0.000155184
3110   0.0645737    0.595028     1.27122  -8.96353e-05
3120   0.0665713    0.595892    0.387758  4.26389e-05
3130   0.0637209    0.594658     0.71407  9.60372e-05
3140   0.0646505    0.595061    0.483437  -7.40774e-05
3150   0.0652025      0.5953    0.598265  -4.27075e-05
3160   0.0655047    0.595431     1.34683  0.00013785
3170   0.0624455    0.594106    0.233371  0.00024601
3180   0.0605845    0.593301     1.09753  0.000160932
3190   0.0592268    0.592713     1.67329  0.000148768
3200   0.0576091    0.592012    0.790242  -7.02031e-07
3210   0.0592409    0.592719     1.09718  5.05622e-05
3220   0.0565979    0.591575    0.732302  0.000232738
3230   0.0545861    0.590704     1.69244  0.00011176
3240   0.0543627    0.590607     1.13541  0.000134635
3250   0.0518934    0.589538    0.790167  1.92543e-05
3260   0.0539776     0.59044    0.923716  -5.43069e-05
3270   0.0529796    0.590008     1.65343  0.000219149
3280   0.0495946    0.588543     1.05824  0.000216381
3290   0.0486519    0.588135     1.44193  1.03533e-05
3300   0.0493875    0.588453     1.71056  4.93644e-05
3310   0.0476646    0.587707      1.8065  0.000143357
3320   0.0465204    0.587212     1.80652  0.000137341
3330   0.0449178    0.586518     1.55717  0.000114968
3340    0.044221    0.586216     1.21126  -6.69803e-05
3350   0.0462574    0.587098     1.55575  3.73382e-05
3360   0.0434743    0.585893     2.03658  0.000118768
3370   0.0438821     0.58607     1.97837  0.000103045
3380   0.0414134    0.585001     2.43906  0.000122747
3390   0.0414271    0.585007     0.96063  5.44172e-05
3400    0.040325     0.58453     1.13351  9.06885e-05
3410   0.0396134    0.584222     2.24677  -1.19079e-06
3420   0.0403488     0.58454     2.55355  0.000114273
3430   0.0373279    0.583232      2.2659  0.000124275
3440   0.0378633    0.583464     2.40014  0.00017777
3450   0.0337725    0.581693     2.49614  0.000254112
3460   0.0327811    0.581264     2.15077  0.000192129
3470   0.0299299    0.580029     1.92083  7.63562e-05
3480    0.031254    0.580603     2.32367  -3.61817e-05
3490   0.0306536    0.580343     2.30407  0.000140094
3500   0.0284521     0.57939     2.13132  9.70422e-05
3510   0.0287127    0.579502     1.86246  0.000124309
3520   0.0259659    0.578313       1.863  0.000285069
3530   0.0230113    0.577034     1.70942  8.14296e-05
3540   0.0243373    0.577608     2.16924  -0.000126079
3550   0.0255329    0.578126      1.4587  0.000132432
3560   0.0216887    0.576461     2.15036  0.000223348
3570    0.021066    0.576192     1.97717  3.53901e-05
3580   0.0209809    0.576155     2.51446  0.000160539
3590   0.0178552    0.574802      2.5339  0.000214957
3600   0.0166817    0.574294     2.55288  0.000117542
3610   0.0155043    0.573784     2.59161  0.000216278
3620   0.0123562    0.572421     2.68772  0.00015223
3630   0.0124597    0.572466     2.91796  -1.72304e-05
3640   0.0127008     0.57257     2.07253  5.43002e-05
3650   0.0113737    0.571996     2.66728  0.000218302
3660  0.00833474     0.57068     2.53346  0.000290693
3670  0.00555985    0.569479     2.59135  0.000171705
3680  0.00490064    0.569193     3.45448  6.60441e-05
3690  0.00423896    0.568907     2.07222  0.000117845
3700  0.00254374    0.568173       3.128  0.000118114
3710  0.00187669    0.567884     3.01268  -7.80014e-05
3720  0.00410376    0.568848     2.60911  1.52478e-05
3730  0.00157173    0.567752     3.24302  0.000180929
3740  0.000485177    0.567282     4.12532  0.00027168
3750  -0.00386187      0.5654     2.87818  0.000268892
3760  -0.00489266    0.564954       2.437  -1.05323e-06
3770  -0.0038408    0.565409     3.60731  4.08284e-05
3780  -0.00570923      0.5646     3.97204  -4.29762e-05
3790  -0.00298128    0.565781     2.80024  5.85475e-05
3800  -0.00688018    0.564093      3.7029  0.000184117
3810  -0.00666361    0.564187     3.56787  9.0475e-05
3820  -0.00868968     0.56331     3.74054  0.000227485
3830  -0.0112133    0.562217     3.47211  0.000157848
3840  -0.0118466    0.561943      3.5297  3.87632e-05
3850  -0.0119886    0.561882      3.5872  0.000130677
3860  -0.0144602    0.560812     4.22064  0.000137995
3870  -0.0147485    0.560687     3.51023  0.000145663
3880  -0.0173734     0.55955     3.01096  0.000110521
3890  -0.0169589     0.55973     3.52878  7.91923e-05
3900  -0.0189573    0.558865     3.89384  0.000153889
3910  -0.0200367    0.558397     3.83581  0.000236365
3920  -0.0236846    0.556818       3.721  0.000137107
3930  -0.0227788     0.55721     3.45201  -7.28867e-05
3940  -0.0222269    0.557449     3.41346  -1.23428e-05
3950   -0.022532    0.557317     3.91248  0.000105881
3960  -0.0243445    0.556532     3.45163  0.000278461
3970  -0.0281012    0.554906     3.66332  0.000142531
3980  -0.0271951    0.555298     4.08516  5.33364e-05
3990  -0.0291679    0.554444     3.20188  0.000132653
4000  -0.0298482     0.55415     3.93177  0.000104277
4010  -0.0312534    0.553541     3.27884  1.76779e-05
4020  -0.0302017    0.553997     3.06732  2.16017e-05
4030  -0.0316855    0.553354     3.02863  7.59224e-05
4040  -0.0317202    0.553339     3.96919  0.000109034
4050  -0.0338661     0.55241     3.58537  5.09338e-05
4060  -0.0327388    0.552898     3.62343  0.000157249
4070  -0.0370111    0.551049     4.02726  0.000288972
4080  -0.0385183    0.550396     3.96939  4.84075e-05
4090  -0.0379793    0.550629     3.37402  0.000254291
4100  -0.0436041    0.548194     3.98864  0.000236214
4110  -0.0427036    0.548584     3.96874  -0.000127001
4120  -0.0410641    0.549294     4.12185  0.000123504
4130  -0.0451736    0.547515     3.85355  0.000282309
4140  -0.0467103     0.54685      4.2765  2.80794e-05
4150  -0.0457352    0.547272     3.87293  0.000121094
4160  -0.0491321    0.545801     4.73679  0.000147136
4170  -0.0486779    0.545998      4.3908  -8.60356e-07
4180  -0.0491149    0.545809     4.87066  0.000107155
4190   -0.050821     0.54507     4.56339  0.000320232
4200  -0.0555196    0.543036     4.21864  8.54429e-05
4210  -0.0525299     0.54433     3.58417  -6.34421e-05
4220  -0.0542507    0.543585     4.04497  4.10348e-05
4230  -0.0533506    0.543975     3.71811  7.52272e-05
4240  -0.0557553    0.542934     4.23705  0.000267247
4250  -0.0586955    0.541661     4.83219  7.95297e-05
4260  -0.0573459    0.542245     4.06359  4.99152e-05
4270  -0.0596938    0.541229      5.1965  0.00014439
4280  -0.0602337    0.540995     4.88914  0.00012994
4290  -0.0622926    0.540104      4.9851  9.98784e-05
4300  -0.0622312     0.54013     4.69663  8.51674e-05
4310   -0.063996    0.539366     4.65876  8.53121e-05
4320  -0.0639375    0.539391     4.12114  8.96148e-05
4330  -0.0657883     0.53859     4.48586  0.000127979
4340  -0.0664971    0.538283      5.2726  0.000189837
4350   -0.069585    0.536946     4.75444  4.44423e-05
4360  -0.0673859    0.537899     5.48346  3.73658e-05
4370  -0.0703323    0.536623     5.13819  0.000175766
4380  -0.0709012    0.536377     4.83073  -4.81196e-06
4390  -0.0702361    0.536665      5.0418  5.32541e-05
4400  -0.0719663    0.535916     4.27386  9.97476e-05
4410  -0.0722311    0.535801     5.82872  2.26203e-05
4420  -0.0724187     0.53572     4.46563  1.10213e-05
4430  -0.0724515    0.535706     5.11784  0.000166865
4440   -0.075756    0.534275     5.00333  0.000268637
4450  -0.0778242    0.533379     4.71554  2.73842e-05
4460  -0.0763037    0.534038     4.79184  -0.000136638
4470  -0.0750915    0.534563     4.86824  5.11061e-05
4480  -0.0773258    0.533595     4.75352  0.000168841
4490  -0.0784683    0.533101      5.0604  0.000185328
4500  -0.0810324    0.531991      4.3312  0.000233185
4510   -0.083132    0.531082     3.81291  0.000147157
4520  -0.0839755    0.530716     4.84945  -1.4456e-05
4530  -0.0828429    0.531207     3.98528  3.32355e-05
4540  -0.0846402    0.530429     3.69733  0.000279397
4550  -0.0884308    0.528788     3.56322  0.000168848
4560  -0.0880172    0.528967     4.00441  -3.75107e-05
4570  -0.0876806    0.529112     4.10045  -2.56974e-05
4580  -0.0875033    0.529189      4.1962  4.6267e-05
4590  -0.0886059    0.528712     4.52214  0.000178589
4600   -0.091075    0.527643     4.77211  6.66428e-05
4610  -0.0899388    0.528135     4.34963  0.00011556
4620  -0.0933862    0.526642     4.65708  0.000155872
4630  -0.0930562    0.526785     4.15777  1.14132e-05
4640  -0.0936145    0.526543      3.3899  8.82514e-05
4650  -0.0948212    0.526021     3.77348  0.000133073
4660  -0.0962759    0.525391     4.31103  0.000121391
4670  -0.0972491     0.52497     3.60064  8.93325e-05
4680  -0.0980626    0.524618     3.61992  5.70878e-05
4690  -0.0983908    0.524476     3.79233  0.000114548
4700   -0.100354    0.523626     4.11889  6.97546e-05
4710  -0.0997859    0.523872     3.98403  4.9812e-05
4720    -0.10135    0.523195     4.46414  0.000140184
4730    -0.10259    0.522658      3.9648  0.000148919
4740   -0.104328    0.521905     4.25262  0.000215459
4750   -0.106899    0.520792     3.63875  -3.99817e-05
4760   -0.103529    0.522251     3.94499  -0.00011408
4770   -0.104617     0.52178     4.02154  0.000167114
4780   -0.106871    0.520804     4.04112  8.86783e-05
4790   -0.106391    0.521012     4.34823  -2.33352e-06
4800   -0.106824    0.520825     3.81056  0.000156086
4810   -0.109512    0.519661     3.59959  0.000298637
4820   -0.112797    0.518239     3.25403  0.00010288
4830    -0.11157     0.51877      3.6761  7.01331e-05
4840     -0.1142    0.517632     3.82975  -5.61036e-05
4850   -0.110448    0.519256     3.88662  7.48899e-05
4860   -0.115697    0.516983     3.27271  0.000352875
4870   -0.117505      0.5162     3.21504  0.000172724
4880   -0.119152    0.515488     3.92588  7.17647e-05
4890   -0.118941    0.515579     3.13838  0.000203832
4900   -0.123228    0.513723     3.65674  0.000284979
4910    -0.12464    0.513111     3.94483  9.8832e-05
4920   -0.125205    0.512867     3.54167  3.52938e-05
4930   -0.125346    0.512806     3.75277  0.000121067
4940   -0.127626    0.511819     3.79091  0.000138456
4950   -0.128115    0.511607     3.56055  7.47249e-05
4960   -0.129121    0.511172     3.88666  8.35843e-05
4970   -0.129787    0.510883     3.44496  6.3464e-06
4980   -0.129248    0.511117     3.71376  0.000131827
4990   -0.132424    0.509742     3.54103  0.000257307
