Time   Number   
ps   
0          37          49
10          38          48
20          37          49
30          38          58
40          40          54
50          36          54
60          37          49
70          35          47
80          36          46
90          37          43
100          35          41
110          42          48
120          34          50
130          37          47
140          37          41
150          40          48
160          37          53
170          42          48
180          38          48
190          38          48
200          39          55
210          32          58
220          37          55
230          35          47
240          36          50
250          37          43
260          31          47
270          33          53
280          29          43
290          35          49
300          32          48
310          30          42
320          34          48
330          32          48
340          32          50
350          34          50
360          32          50
370          39          51
380          36          46
390          37          53
400          33          55
410          37          55
420          36          50
430          34          48
440          41          55
450          34          58
460          34          54
470          39          49
480          35          47
490          39          49
500          37          57
510          37          53
520          40          50
530          34          56
540          39          55
550          37          49
560          36          56
570          34          46
580          41          49
590          36          50
600          38          50
610          35          51
620          35          47
630          39          43
640          37          53
650          40          50
660          38          54
670          34          46
680          39          51
690          36          46
700          34          46
710          33          51
720          36          46
730          35          53
740          38          58
750          33          41
760          32          50
770          38          44
780          35          45
790          32          44
800          32          54
810          33          43
820          36          50
830          35          47
840          34          50
850          36          52
860          39          49
870          36          48
880          36          52
890          38          50
900          38          50
910          35          43
920          34          42
930          38          48
940          36          52
950          38          52
960          36          52
970          35          47
980          35          47
990          34          44
1000          39          61
1010          39          55
1020          33          53
1030          37          51
1040          38          46
1050          37          51
1060          39          47
1070          36          54
1080          37          53
1090          35          57
1100          35          53
1110          33          53
1120          38          50
1130          38          54
1140          35          53
1150          40          48
1160          33          53
1170          34          46
1180          40          62
1190          34          52
1200          33          59
1210          35          49
1220          33          49
1230          35          55
1240          35          49
1250          33          47
1260          35          55
1270          35          47
1280          34          52
1290          36          46
1300          35          49
1310          38          52
1320          36          48
1330          36          48
1340          34          52
1350          36          48
1360          36          46
1370          39          41
1380          36          48
1390          35          55
1400          33          51
1410          35          39
1420          32          52
1430          35          43
1440          32          40
1450          34          46
1460          31          49
1470          35          47
1480          34          40
1490          31          49
1500          30          48
1510          30          44
1520          34          48
1530          38          54
1540          35          45
1550          36          52
1560          32          54
1570          39          53
1580          35          47
1590          32          54
1600          34          50
1610          35          51
1620          34          54
1630          36          48
1640          33          51
1650          38          54
1660          36          50
1670          40          46
1680          30          40
1690          33          51
1700          35          53
1710          33          51
1720          37          53
1730          36          56
1740          33          55
1750          32          50
1760          39          53
1770          35          51
1780          36          62
1790          38          50
1800          39          55
1810          34          58
1820          35          45
1830          33          45
1840          32          58
1850          41          59
1860          33          53
1870          41          49
1880          38          52
1890          38          46
1900          39          49
1910          41          49
1920          41          53
1930          38          48
1940          39          55
1950          36          54
1960          37          51
1970          37          53
1980          33          57
1990          35          49
2000          34          48
2010          33          51
2020          40          54
2030          35          55
2040          32          46
2050          35          61
2060          37          51
2070          33          53
2080          37          49
2090          35          47
2100          38          52
2110          36          56
2120          37          49
2130          36          52
2140          35          51
2150          40          58
2160          38          46
2170          40          56
2180          34          54
2190          35          53
2200          38          52
2210          36          52
2220          30          48
2230          38          50
2240          34          44
2250          43          55
2260          42          54
2270          39          51
2280          37          55
2290          33          57
2300          39          57
2310          38          60
2320          36          52
2330          37          51
2340          35          49
2350          37          51
2360          36          54
2370          40          46
2380          36          56
2390          32          52
2400          38          50
2410          35          47
2420          38          50
2430          37          47
2440          37          59
2450          35          45
2460          35          47
2470          38          58
2480          34          52
2490          34          42
2500          37          47
2510          36          54
2520          42          54
2530          34          58
2540          35          51
2550          37          57
2560          34          44
2570          38          48
2580          38          50
2590          36          46
2600          40          48
2610          38          52
2620          38          50
2630          42          54
2640          38          48
2650          39          51
2660          37          49
2670          38          56
2680          39          51
2690          39          55
2700          40          50
2710          36          50
2720          36          46
2730          38          48
2740          41          49
2750          38          56
2760          36          44
2770          36          52
2780          33          47
2790          36          52
2800          36          44
2810          35          53
2820          36          48
2830          38          46
2840          37          47
2850          37          49
2860          37          45
2870          39          43
2880          37          49
2890          38          52
2900          34          40
2910          41          45
2920          39          49
2930          40          52
2940          36          46
2950          35          53
2960          41          53
2970          38          50
2980          36          54
2990          35          53
3000          35          57
3010          36          60
3020          39          57
3030          43          63
3040          40          60
3050          44          50
3060          35          51
3070          38          54
3080          42          50
3090          39          45
3100          41          51
3110          41          49
3120          39          49
3130          38          46
3140          37          47
3150          33          49
3160          33          51
3170          40          50
3180          37          45
3190          36          52
3200          40          44
3210          32          48
3220          38          48
3230          34          44
3240          35          49
3250          35          47
3260          38          44
3270          35          47
3280          41          61
3290          33          51
3300          41          49
3310          43          51
3320          41          49
3330          39          49
3340          36          50
3350          38          50
3360          33          51
3370          33          45
3380          35          49
3390          37          51
3400          37          53
3410          39          47
3420          36          46
3430          36          42
3440          44          54
3450          39          47
3460          36          54
3470          39          57
3480          37          51
3490          34          50
3500          36          48
3510          39          49
3520          34          54
3530          36          48
3540          38          52
3550          37          53
3560          39          47
3570          38          52
3580          39          57
3590          37          43
3600          39          55
3610          41          57
3620          40          56
3630          40          52
3640          37          49
3650          35          53
3660          37          53
3670          34          50
3680          39          51
3690          37          55
3700          39          53
3710          41          61
3720          36          50
3730          38          50
3740          39          55
3750          38          48
3760          37          53
3770          36          52
3780          36          58
3790          37          41
3800          38          44
3810          37          45
3820          36          46
3830          33          41
3840          42          48
3850          37          49
3860          37          53
3870          35          51
3880          38          44
3890          40          62
3900          39          53
3910          39          49
3920          38          50
3930          42          54
3940          37          57
3950          42          50
3960          38          52
3970          39          53
3980          37          47
3990          35          51
4000          37          47
4010          33          53
4020          40          56
4030          35          47
4040          36          52
4050          33          43
4060          35          49
4070          38          54
4080          33          45
4090          33          53
4100          34          52
4110          36          48
4120          31          43
4130          35          41
4140          38          46
4150          36          48
4160          35          47
4170          35          51
4180          32          50
4190          38          58
4200          34          48
4210          38          46
4220          42          50
4230          38          52
4240          38          48
4250          35          49
4260          35          51
4270          35          55
4280          36          52
4290          36          50
4300          38          50
4310          34          46
4320          37          57
4330          40          58
4340          37          51
4350          37          45
4360          39          61
4370          34          48
4380          39          45
4390          37          43
4400          37          49
4410          37          51
4420          40          56
4430          35          51
4440          36          54
4450          34          42
4460          39          49
4470          36          52
4480          38          46
4490          37          45
4500          42          54
4510          38          50
4520          36          48
4530          32          50
4540          39          59
4550          37          51
4560          41          57
4570          38          54
4580          42          48
4590          38          52
4600          42          58
4610          36          58
4620          36          50
4630          33          53
4640          40          48
4650          35          47
4660          38          56
4670          41          57
4680          34          44
4690          37          49
4700          38          52
4710          37          51
4720          37          43
4730          40          52
4740          35          49
4750          38          54
4760          34          50
4770          34          42
4780          33          53
4790          34          52
4800          34          52
4810          37          55
4820          37          47
4830          33          47
4840          36          46
4850          39          47
4860          38          52
4870          37          49
4880          41          55
4890          42          52
4900          37          57
4910          34          46
4920          38          48
4930          37          49
4940          33          47
4950          36          50
4960          37          49
4970          37          41
4980          30          56
4990          41          57
5000          40          50
5010          38          44
5020          37          55
5030          37          51
5040          37          53
5050          37          43
5060          38          50
5070          36          50
5080          37          49
5090          37          51
5100          36          52
5110          37          59
5120          37          49
5130          38          56
5140          40          50
5150          40          56
5160          39          51
5170          37          51
5180          38          54
5190          40          50
5200          37          47
5210          43          57
5220          40          56
5230          36          46
5240          39          53
5250          35          47
5260          42          44
5270          38          52
5280          38          48
5290          35          41
5300          37          51
5310          38          50
5320          35          49
5330          31          43
5340          37          45
5350          37          49
5360          34          42
5370          37          41
5380          36          44
5390          35          45
5400          35          49
5410          39          47
5420          38          52
5430          38          52
5440          35          47
5450          40          48
5460          40          48
5470          39          49
5480          37          47
5490          40          52
5500          39          53
5510          36          48
5520          32          48
5530          36          44
5540          33          55
5550          34          42
5560          42          56
5570          36          50
5580          36          52
5590          38          48
5600          42          50
5610          40          52
5620          40          52
5630          34          52
5640          40          54
5650          37          59
5660          40          54
5670          34          50
5680          36          50
5690          39          49
5700          38          40
5710          38          50
5720          33          47
5730          44          50
5740          40          52
5750          35          51
5760          40          44
5770          39          45
5780          35          39
5790          38          46
5800          35          49
5810          31          37
5820          37          49
5830          40          50
5840          39          45
5850          36          42
5860          37          47
5870          36          44
5880          35          51
5890          37          41
5900          35          45
5910          36          50
5920          38          50
5930          36          46
5940          37          51
5950          32          44
5960          36          50
5970          39          49
5980          34          50
5990          36          48
6000          40          50
6010          38          46
6020          37          51
6030          41          55
6040          37          49
6050          40          52
6060          36          52
6070          36          48
6080          40          52
6090          39          53
6100          38          56
6110          42          50
6120          39          49
6130          40          50
6140          40          46
6150          39          59
6160          40          54
6170          38          52
6180          40          52
6190          40          44
6200          37          51
6210          39          51
6220          38          50
6230          40          50
6240          38          48
6250          38          52
6260          40          50
6270          38          58
6280          38          56
6290          35          55
6300          39          61
6310          43          51
6320          37          51
6330          38          50
6340          35          51
6350          40          46
6360          37          49
6370          38          50
6380          37          51
6390          34          54
6400          41          53
6410          36          48
6420          38          50
6430          39          49
6440          39          53
6450          41          59
6460          39          51
6470          39          53
6480          38          50
6490          38          50
6500          40          44
6510          41          51
6520          38          52
6530          42          54
6540          36          52
6550          45          55
6560          38          52
6570          37          53
6580          36          48
6590          34          50
6600          38          50
6610          39          53
6620          35          49
6630          37          49
6640          41          57
6650          38          52
6660          41          53
6670          39          53
6680          37          49
6690          38          56
6700          38          56
6710          39          51
6720          36          52
6730          34          44
6740          37          55
6750          37          45
6760          40          58
6770          36          52
6780          36          50
6790          37          57
6800          38          48
6810          40          52
6820          40          54
6830          41          49
6840          37          49
6850          41          53
6860          38          48
6870          36          44
6880          41          47
6890          39          45
6900          38          46
6910          40          46
6920          38          60
6930          40          48
6940          39          55
6950          39          49
6960          42          58
6970          35          51
6980          38          58
6990          45          53
7000          45          51
7010          39          53
7020          44          52
7030          39          49
7040          41          47
7050          45          59
7060          39          51
7070          37          47
7080          39          51
7090          39          49
7100          38          52
7110          41          51
7120          40          52
7130          42          52
7140          40          54
7150          40          54
7160          40          50
7170          37          45
7180          42          52
7190          41          45
7200          40          46
7210          38          54
7220          40          52
7230          40          54
7240          33          55
7250          38          46
7260          39          41
7270          37          49
7280          38          54
7290          38          48
7300          37          55
7310          36          46
7320          33          53
7330          36          46
7340          34          42
7350          34          52
7360          36          56
7370          39          49
7380          40          46
7390          34          52
7400          35          51
7410          36          48
7420          39          53
7430          35          49
7440          39          49
7450          39          49
7460          37          49
7470          37          51
7480          38          48
7490          37          45
7500          38          46
7510          38          50
7520          34          48
7530          35          53
7540          37          47
7550          35          51
7560          35          47
7570          36          52
7580          36          48
7590          36          46
7600          35          51
7610          38          48
7620          35          47
7630          37          49
7640          37          53
7650          37          51
7660          34          52
7670          35          57
7680          35          51
7690          40          48
7700          39          49
7710          42          52
7720          38          50
7730          40          50
7740          37          45
7750          34          54
7760          36          46
7770          43          55
7780          40          56
7790          40          52
7800          36          52
7810          35          53
7820          38          50
7830          36          50
7840          36          52
7850          40          54
7860          37          51
7870          38          54
7880          36          50
7890          38          52
7900          37          49
7910          38          44
7920          36          46
7930          38          54
7940          39          45
7950          36          50
7960          38          48
7970          38          54
7980          44          54
7990          41          51
8000          38          50
8010          37          55
8020          40          46
8030          39          49
8040          40          54
8050          41          51
8060          34          52
8070          37          47
8080          36          52
8090          37          55
8100          35          57
8110          39          45
8120          36          44
8130          35          47
8140          36          52
8150          34          48
8160          37          47
8170          36          50
8180          35          47
8190          36          50
8200          38          56
8210          37          51
8220          36          48
8230          40          52
8240          38          46
8250          38          50
8260          34          48
8270          39          49
8280          42          48
8290          41          59
8300          43          55
8310          39          45
8320          36          46
8330          40          50
8340          38          48
8350          41          51
8360          38          50
8370          39          49
8380          37          53
8390          38          48
8400          36          50
8410          38          52
8420          40          52
8430          36          46
8440          40          44
8450          39          49
8460          37          49
8470          37          53
8480          35          55
8490          39          47
8500          39          53
8510          38          48
8520          40          50
8530          38          48
8540          38          52
8550          41          51
8560          45          49
8570          39          57
8580          37          49
8590          38          56
8600          41          55
8610          40          58
8620          37          55
8630          40          56
8640          36          50
8650          39          47
8660          40          54
8670          38          54
8680          40          60
8690          40          52
8700          38          48
8710          37          53
8720          44          54
8730          39          43
8740          39          55
8750          41          47
8760          39          55
8770          39          47
8780          37          53
8790          37          49
8800          41          49
8810          36          50
8820          36          52
8830          40          50
8840          42          52
8850          39          55
8860          40          58
8870          39          53
8880          39          49
8890          40          44
8900          40          52
8910          36          56
8920          36          48
8930          38          46
8940          41          59
8950          37          49
8960          40          54
8970          43          53
8980          41          49
8990          38          48
9000          43          57
9010          44          46
9020          39          49
9030          37          51
9040          38          50
9050          40          54
9060          40          46
9070          40          54
9080          35          55
9090          37          51
9100          39          51
9110          39          45
9120          41          57
9130          43          51
9140          39          51
9150          39          55
9160          37          47
9170          41          53
9180          35          51
9190          38          54
9200          39          47
9210          38          48
9220          34          60
9230          33          57
9240          37          53
9250          44          62
9260          42          54
9270          35          57
9280          37          57
9290          36          50
9300          29          51
9310          37          51
9320          35          49
9330          36          52
9340          39          51
9350          37          51
9360          36          52
9370          37          55
9380          34          50
9390          38          56
9400          39          51
9410          39          59
9420          33          57
9430          40          54
9440          38          54
9450          41          55
9460          38          42
9470          37          53
9480          37          47
9490          35          47
9500          39          49
9510          37          53
9520          44          54
9530          41          47
9540          41          45
9550          39          51
9560          42          56
9570          35          47
9580          35          57
9590          37          57
9600          39          43
9610          36          52
9620          36          56
9630          38          44
9640          37          57
9650          38          52
9660          36          54
9670          35          49
9680          40          54
9690          41          53
9700          41          47
9710          42          48
9720          34          48
9730          42          46
9740          36          48
9750          38          58
9760          36          46
9770          34          44
9780          38          46
9790          37          47
9800          40          50
9810          36          46
9820          38          50
9830          36          48
9840          37          49
9850          38          54
9860          34          54
9870          41          49
9880          39          55
9890          39          47
9900          37          55
9910          33          45
9920          37          43
9930          42          54
9940          38          54
9950          43          51
9960          37          53
9970          35          53
9980          38          54
9990          38          46
10000          37          51
