Time   Number   
ps   
0          44          48
10          42          54
20          42          50
30          40          48
40          35          41
50          39          49
60          40          44
70          35          51
80          42          54
90          39          53
100          39          47
110          40          48
120          36          48
130          38          46
140          38          44
150          37          49
160          38          40
170          43          43
180          38          44
190          39          47
200          41          51
210          42          46
220          42          44
230          38          48
240          45          55
250          39          43
260          37          51
270          38          50
280          40          50
290          40          44
300          43          49
310          42          54
320          41          47
330          37          55
340          40          46
350          42          46
360          40          56
370          43          49
380          43          51
390          40          48
400          41          45
410          40          52
420          35          49
430          42          52
440          42          52
450          41          49
460          40          50
470          41          47
480          39          47
490          40          52
500          40          50
510          39          51
520          38          54
530          38          52
540          43          49
550          41          47
560          43          51
570          39          49
580          41          55
590          39          47
600          44          46
610          44          48
620          44          50
630          41          57
640          41          53
650          37          55
660          39          55
670          42          44
680          39          49
690          41          45
700          38          50
710          42          46
720          40          54
730          39          49
740          37          49
750          38          52
760          38          46
770          42          50
780          44          50
790          40          46
800          37          49
810          41          51
820          41          45
830          41          55
840          41          49
850          45          51
860          42          48
870          43          49
880          42          50
890          44          50
900          41          55
910          40          48
920          41          51
930          41          55
940          38          56
950          39          49
960          40          52
970          41          51
980          42          48
990          42          54
1000          40          56
1010          42          54
1020          43          55
1030          43          53
1040          41          59
1050          47          51
1060          41          49
1070          41          55
1080          41          55
1090          42          56
1100          43          53
1110          48          54
1120          48          54
1130          43          59
1140          45          53
1150          41          57
1160          42          60
1170          41          59
1180          40          52
1190          41          57
1200          40          54
1210          38          54
1220          41          49
1230          39          51
1240          38          54
1250          39          55
1260          43          47
1270          42          52
1280          43          53
1290          42          54
1300          38          56
1310          43          53
1320          40          52
1330          43          51
1340          41          51
1350          38          44
1360          39          51
1370          36          44
1380          41          55
1390          42          50
1400          42          50
1410          43          53
1420          38          48
1430          43          55
1440          40          54
1450          40          46
1460          40          50
1470          42          50
1480          43          47
1490          42          50
1500          39          57
1510          43          53
1520          40          50
1530          39          55
1540          47          57
1550          40          44
1560          43          49
1570          39          55
1580          40          50
1590          38          58
1600          42          50
1610          43          51
1620          41          51
1630          39          55
1640          47          55
1650          42          56
1660          41          53
1670          39          49
1680          40          50
1690          41          53
1700          40          56
1710          41          59
1720          43          53
1730          38          46
1740          40          48
1750          43          61
1760          41          53
1770          42          56
1780          39          49
1790          39          55
1800          44          50
1810          42          56
1820          39          51
1830          42          52
1840          40          50
1850          40          56
1860          44          52
1870          42          52
1880          44          52
1890          44          52
1900          40          52
1910          42          46
1920          42          52
1930          46          50
1940          42          52
1950          42          50
1960          42          54
1970          41          51
1980          44          52
1990          41          49
2000          41          53
2010          40          48
2020          43          59
2030          37          47
2040          40          46
2050          43          47
2060          40          56
2070          39          47
2080          35          45
2090          37          53
2100          43          57
2110          41          55
2120          41          49
2130          40          50
2140          41          55
2150          43          53
2160          39          49
2170          39          45
2180          47          55
2190          43          51
2200          44          50
2210          40          52
2220          40          54
2230          45          51
2240          43          55
2250          40          52
2260          44          52
2270          41          61
2280          42          54
2290          39          47
2300          42          58
2310          42          52
2320          42          56
2330          42          56
2340          43          53
2350          43          53
2360          41          55
2370          46          50
2380          45          53
2390          43          65
2400          45          53
2410          44          54
2420          41          59
2430          45          51
2440          45          57
2450          42          54
2460          40          50
2470          39          51
2480          44          50
2490          42          50
2500          43          53
2510          41          53
2520          40          50
2530          45          51
2540          42          58
2550          43          49
2560          43          53
2570          44          56
2580          40          52
2590          42          58
2600          40          48
2610          39          51
2620          41          53
2630          43          53
2640          39          53
2650          40          52
2660          45          53
2670          44          54
2680          45          53
2690          36          52
2700          44          62
2710          46          52
2720          44          52
2730          41          49
2740          41          57
2750          39          55
2760          41          55
2770          44          58
2780          43          63
2790          44          54
2800          41          53
2810          46          56
2820          46          52
2830          44          60
2840          44          54
2850          43          49
2860          41          61
2870          45          59
2880          41          53
2890          44          48
2900          44          58
2910          41          51
2920          37          55
2930          44          56
2940          41          49
2950          40          50
2960          41          65
2970          41          55
2980          41          63
2990          44          52
3000          38          56
3010          43          53
3020          42          54
3030          41          55
3040          39          57
3050          41          53
3060          40          58
3070          40          50
3080          38          58
3090          40          50
3100          40          58
3110          41          51
3120          45          51
3130          41          51
3140          42          60
3150          38          50
3160          38          54
3170          43          61
3180          42          50
3190          39          55
3200          38          50
3210          38          52
3220          43          59
3230          41          59
3240          44          54
3250          42          54
3260          37          51
3270          39          61
3280          41          55
3290          39          55
3300          42          52
3310          41          57
3320          40          54
3330          43          57
3340          39          53
3350          47          53
3360          39          51
3370          39          53
3380          43          57
3390          44          56
3400          44          50
3410          42          56
3420          45          59
3430          43          49
3440          43          55
3450          40          52
3460          43          49
3470          40          50
3480          42          50
3490          45          51
3500          45          59
3510          39          49
3520          45          47
3530          43          51
3540          44          60
3550          43          51
3560          42          54
3570          42          50
3580          45          57
3590          46          58
3600          43          51
3610          43          51
3620          44          56
3630          43          51
3640          41          53
3650          42          50
3660          45          57
3670          42          52
3680          41          59
3690          42          58
3700          45          59
3710          47          61
3720          46          58
3730          42          50
3740          49          53
3750          43          47
3760          43          51
3770          43          51
3780          48          52
3790          44          50
3800          43          57
3810          45          59
3820          45          51
3830          44          56
3840          41          53
3850          46          58
3860          46          58
3870          44          60
3880          47          55
3890          44          58
3900          44          52
3910          47          57
3920          45          61
3930          44          56
3940          44          56
3950          42          54
3960          43          57
3970          47          57
3980          47          69
3990          41          63
4000          44          54
4010          44          54
4020          43          53
4030          48          54
4040          51          53
4050          42          58
4060          42          54
4070          45          55
4080          46          58
4090          48          60
4100          43          57
4110          47          59
4120          40          52
4130          42          60
4140          48          56
4150          45          67
4160          44          50
4170          48          56
4180          42          54
4190          43          49
4200          44          54
4210          40          48
4220          39          53
4230          45          55
4240          50          62
4250          46          54
4260          44          56
4270          44          50
4280          42          52
4290          43          51
4300          46          58
4310          46          52
4320          44          50
4330          43          55
4340          43          49
4350          48          54
4360          46          50
4370          41          55
4380          45          53
4390          47          55
4400          43          55
4410          44          50
4420          43          51
4430          42          54
4440          41          51
4450          46          52
4460          41          51
4470          44          52
4480          47          51
4490          40          46
4500          45          51
4510          41          55
4520          44          46
4530          46          50
4540          43          53
4550          41          53
4560          44          48
4570          45          47
4580          42          52
4590          42          50
4600          41          49
4610          44          48
4620          44          54
4630          45          53
4640          40          46
4650          43          47
4660          41          55
4670          45          55
4680          43          45
4690          47          49
4700          44          54
4710          43          53
4720          44          52
4730          40          44
4740          40          46
4750          41          49
4760          42          48
4770          40          48
4780          40          46
4790          48          58
4800          43          51
4810          40          48
4820          42          46
4830          43          47
4840          43          51
4850          43          55
4860          46          50
4870          42          46
4880          42          48
4890          43          45
4900          42          50
4910          42          46
4920          44          46
4930          44          56
4940          45          53
4950          45          51
4960          45          53
4970          43          51
4980          45          53
4990          42          50
5000          42          50
5010          44          54
5020          42          52
5030          47          53
5040          41          53
5050          45          55
5060          46          50
5070          44          54
5080          42          52
5090          42          48
5100          45          55
5110          44          48
5120          41          57
5130          39          59
5140          39          55
5150          40          54
5160          42          50
5170          46          54
5180          44          50
5190          43          57
5200          40          52
5210          39          49
5220          42          56
5230          43          49
5240          40          50
5250          42          52
5260          44          52
5270          43          53
5280          43          53
5290          39          55
5300          40          54
5310          45          59
5320          42          56
5330          39          49
5340          41          49
5350          43          51
5360          44          52
5370          42          52
5380          43          53
5390          41          55
5400          45          51
5410          40          50
5420          42          60
5430          41          53
5440          40          52
5450          43          51
5460          43          51
5470          47          61
5480          43          51
5490          44          56
5500          43          55
5510          45          53
5520          43          55
5530          44          52
5540          43          55
5550          48          56
5560          42          50
5570          41          51
5580          41          49
5590          42          56
5600          43          51
5610          46          54
5620          45          53
5630          48          52
5640          38          50
5650          41          51
5660          47          55
5670          41          55
5680          45          57
5690          42          50
5700          42          56
5710          42          50
5720          44          52
5730          44          52
5740          36          44
5750          43          51
5760          42          50
5770          47          51
5780          42          46
5790          45          53
5800          43          51
5810          43          53
5820          40          56
5830          40          56
5840          41          53
5850          45          55
5860          40          50
5870          41          55
5880          41          57
5890          39          51
5900          41          51
5910          45          53
5920          43          51
5930          43          55
5940          43          53
5950          43          59
5960          46          52
5970          42          50
5980          41          55
5990          43          51
6000          43          53
6010          45          51
6020          43          57
6030          39          49
6040          44          52
6050          42          54
6060          41          55
6070          44          50
6080          41          49
6090          43          49
6100          40          60
6110          43          49
6120          40          52
6130          44          52
6140          44          50
6150          47          53
6160          44          56
6170          43          47
6180          43          51
6190          38          46
6200          44          52
6210          45          49
6220          44          52
6230          42          58
6240          41          55
6250          41          57
6260          42          50
6270          43          47
6280          43          49
6290          45          49
6300          46          52
6310          41          49
6320          46          48
6330          43          51
6340          41          49
6350          42          44
6360          38          46
6370          43          49
6380          41          49
6390          39          45
6400          43          49
6410          43          57
6420          44          52
6430          40          52
6440          42          48
6450          43          57
6460          43          47
6470          40          50
6480          41          49
6490          43          55
6500          42          58
6510          39          49
6520          41          43
6530          39          57
6540          40          54
6550          42          56
6560          41          43
6570          41          53
6580          41          51
6590          42          48
6600          41          45
6610          42          48
6620          37          47
6630          38          44
6640          38          52
6650          42          50
6660          44          54
6670          41          51
6680          40          48
6690          43          51
6700          40          44
6710          43          59
6720          42          54
6730          44          52
6740          42          52
6750          39          41
6760          39          51
6770          41          45
6780          41          47
6790          41          53
6800          44          56
6810          39          47
6820          42          44
6830          45          57
6840          43          51
6850          43          45
6860          40          50
6870          39          45
6880          39          51
6890          42          48
6900          36          44
6910          34          48
6920          42          50
6930          36          40
6940          40          48
6950          36          46
6960          39          53
6970          39          49
6980          37          47
6990          40          48
7000          36          50
7010          39          49
7020          42          44
7030          40          52
7040          40          46
7050          38          50
7060          41          49
7070          39          49
7080          40          44
7090          42          48
7100          42          52
7110          41          43
7120          40          48
7130          41          53
7140          44          44
7150          42          48
7160          43          51
7170          42          46
7180          38          50
7190          40          48
7200          41          49
7210          40          50
7220          43          51
7230          36          50
7240          39          51
7250          42          52
7260          40          52
7270          38          54
7280          40          56
7290          37          49
7300          37          49
7310          40          50
7320          40          54
7330          36          50
7340          38          48
7350          39          51
7360          40          44
7370          39          47
7380          40          48
7390          36          44
7400          41          51
7410          35          55
7420          37          51
7430          43          55
7440          40          52
7450          39          47
7460          40          46
7470          40          48
7480          40          48
7490          43          51
7500          41          45
7510          39          45
7520          39          51
7530          39          49
7540          41          51
7550          41          49
7560          37          49
7570          42          48
7580          42          50
7590          40          48
7600          40          44
7610          40          46
7620          41          45
7630          39          49
7640          40          46
7650          39          45
7660          37          49
7670          37          47
7680          37          47
7690          42          48
7700          40          48
7710          38          46
7720          39          47
7730          38          48
7740          40          48
7750          37          47
7760          37          43
7770          40          52
7780          39          49
7790          41          49
7800          42          52
7810          37          45
7820          36          46
7830          40          48
7840          35          49
7850          38          50
7860          40          48
7870          38          46
7880          39          47
7890          37          49
7900          44          46
7910          37          51
7920          38          46
7930          37          49
7940          39          41
7950          34          42
7960          41          49
7970          38          52
7980          38          48
7990          41          49
8000          39          49
8010          39          49
8020          39          53
8030          40          44
8040          39          53
8050          40          48
8060          41          51
8070          38          46
8080          37          47
8090          43          51
8100          38          46
8110          40          48
8120          39          47
8130          36          48
8140          37          43
8150          35          45
8160          40          46
8170          37          55
8180          37          53
8190          36          46
8200          35          41
8210          39          47
8220          39          57
8230          38          50
8240          38          50
8250          40          50
8260          41          49
8270          39          47
8280          36          48
8290          41          43
8300          40          44
8310          40          52
8320          40          50
8330          37          47
8340          40          50
8350          37          47
8360          38          44
8370          40          52
8380          40          54
8390          37          45
8400          36          48
8410          40          48
8420          38          48
8430          36          46
8440          41          49
8450          41          53
8460          38          50
8470          40          42
8480          38          54
8490          41          51
8500          39          43
8510          41          49
8520          41          47
8530          36          44
8540          43          53
8550          42          50
8560          38          52
8570          41          49
8580          38          52
8590          41          49
8600          41          53
8610          42          48
8620          41          45
8630          39          49
8640          41          45
8650          40          48
8660          40          50
8670          37          49
8680          40          50
8690          39          47
8700          44          56
8710          39          47
8720          40          52
8730          42          50
8740          41          49
8750          39          49
8760          39          53
8770          39          49
8780          40          48
8790          37          43
8800          40          46
8810          36          42
8820          43          47
8830          39          49
8840          43          51
8850          42          52
8860          37          55
8870          39          47
8880          41          49
8890          39          53
8900          41          57
8910          44          54
8920          40          44
8930          40          54
8940          40          52
8950          42          46
8960          40          46
8970          41          49
8980          40          44
8990          43          45
9000          42          54
9010          39          49
9020          38          52
9030          44          50
9040          40          52
9050          40          46
9060          38          56
9070          41          47
9080          35          55
9090          40          58
9100          42          54
9110          43          59
9120          43          51
9130          42          58
9140          38          56
9150          39          53
9160          42          48
9170          40          48
9180          39          57
9190          45          61
9200          38          50
9210          42          50
9220          41          59
9230          39          47
9240          37          43
9250          42          52
9260          41          53
9270          43          53
9280          42          52
9290          41          49
9300          45          45
9310          42          50
9320          41          49
9330          45          51
9340          40          54
9350          41          53
9360          46          48
9370          41          53
9380          39          49
9390          43          59
9400          48          52
9410          37          49
9420          40          46
9430          45          53
9440          40          48
9450          42          52
9460          38          50
9470          44          56
9480          46          54
9490          43          55
9500          39          59
9510          44          54
9520          43          49
9530          43          53
9540          43          51
9550          39          49
9560          43          55
9570          42          54
9580          39          47
9590          43          53
9600          50          56
9610          42          52
9620          43          53
9630          44          56
9640          41          49
9650          44          48
9660          45          51
9670          40          52
9680          41          49
9690          44          62
9700          41          49
9710          42          54
9720          48          58
9730          42          48
9740          45          55
9750          41          47
9760          45          53
9770          44          52
9780          42          50
9790          40          50
9800          40          46
9810          44          54
9820          41          45
9830          43          51
9840          40          46
9850          42          50
9860          44          48
9870          44          60
9880          41          55
9890          46          52
9900          44          50
9910          44          58
9920          44          50
9930          49          59
9940          45          53
9950          44          56
9960          39          47
9970          40          50
9980          45          53
9990          44          52
10000          44          50
