Time   C(t)   
ps   
0           1           1  1.30184e-10   0.0860363
10    0.127702    0.866311    0.257252   0.0433914
20    0.132172    0.866996     1.46976  0.000746452
30    0.112773    0.864022     1.19029  0.00131451
40    0.105882    0.862966     2.03179  0.000510229
50    0.102568    0.862459    0.443715  0.000481411
60   0.0962538    0.861491     1.47104  -0.000836466
70    0.119297    0.865022    0.722542  -0.00143663
80    0.124986    0.865894    0.907909  0.00168279
90   0.0856416    0.859864     2.59209  0.000872303
100     0.10754    0.863221     1.75014  -0.00107883
110    0.107218    0.863171   -0.117496  6.24198e-05
120    0.106292    0.863029     1.28321  0.00120844
130   0.0830496    0.859467     3.06057  -0.000510773
140    0.116507    0.864595      2.4038  -0.00123401
150     0.10773     0.86325    -1.05218  0.000908725
160   0.0983329    0.861809     1.75041  0.000214114
170    0.103447    0.862593     1.37657  0.000124451
180   0.0958439    0.861428     2.02933  0.000184771
190    0.099752    0.862027    0.162151  0.000944816
200   0.0769476    0.858532     1.56395  0.00103664
210   0.0790193    0.858849     3.71333  -0.00118129
220    0.100573    0.862153      1.6565  -0.000695486
230    0.092929    0.860981  -0.0255887  0.000704275
240   0.0864879    0.859994   -0.866083  -2.67375e-05
250   0.0934638    0.861063     1.00201  4.49196e-06
260   0.0863981     0.85998     1.47031  -0.000240988
270   0.0982835    0.861802    0.815271  -0.000209894
280   0.0905959    0.860624     3.43058  0.00119862
290   0.0743112    0.858128    0.349982  0.000617684
300   0.0782423     0.85873     1.46894  -0.000301404
310   0.0803393    0.859052     1.93678  0.000159025
320   0.0750618    0.858243    0.909095  -0.00116441
330    0.103628    0.862621      3.1492  -0.000764595
340   0.0903537    0.860587     2.68318  0.00172977
350   0.0690321    0.857319   0.0676888  0.00123906
360   0.0655724    0.856789     2.49644  -0.000549937
370   0.0800309    0.859004    -1.14664  -0.000581166
380   0.0771957     0.85857     1.93669  0.00115102
390   0.0570106    0.855476    0.442894  3.6538e-05
400   0.0764649    0.858458    0.814723  -5.45057e-05
410   0.0581007    0.855643     1.37785  0.000316203
420   0.0701409    0.857489     1.28229  -0.00101869
430   0.0784744    0.858766     2.49544  0.00081562
440   0.0538285    0.854989     1.65558  0.000379303
450   0.0708884    0.857603   -0.399151  -0.00155182
460    0.084865    0.859745   0.0669587  9.98523e-05
470   0.0688913    0.857297     0.62662  0.000567438
480   0.0735162    0.858006     1.65494  -0.000275231
490   0.0743959    0.858141    -1.52066  0.000225217
500   0.0690119    0.857316     2.31044  0.000444873
510   0.0654985    0.856777   -0.119869  0.000257574
520   0.0638604    0.856526      1.1881  -2.45791e-05
530   0.0659901    0.856853     2.12242  0.000761989
540   0.0486206     0.85419    0.254424  -0.000434178
550   0.0746736    0.858183     1.46784  -0.00049582
560    0.058537     0.85571    -1.61357  0.00120509
570   0.0505718     0.85449   -0.866356  -0.00075075
580    0.073552    0.858011      1.4672  -0.00103528
590   0.0712773    0.857663     1.37338  0.00165238
600   0.0405045    0.852947    0.535714  0.000196399
610   0.0673493    0.857061    0.253786  -0.000466418
620   0.0498328    0.854376     2.02833  0.000705423
630   0.0532409    0.854899      1.9356  -0.00104068
640   0.0706465    0.857566   -0.774812  0.000963094
650    0.033979    0.851946   -0.493249  0.000802863
660   0.0545892    0.855105     1.18792  -0.00104237
670   0.0548264    0.855142   -0.680441  8.14777e-06
680   0.0544262     0.85508    -1.05382  0.000519524
690    0.044436    0.853549   -0.493249  0.000552076
700   0.0433847    0.853388     1.28229  -0.000439331
710   0.0532226    0.854896     -1.5224  0.000201786
720    0.039349    0.852769     2.21579  -0.000344845
730   0.0601195    0.855953    0.065864  -0.000215222
740   0.0436535    0.853429    0.627075  0.000232704
750   0.0554654     0.85524    -1.42793  -0.00127906
760   0.0692347     0.85735   -0.683452  -0.000120834
770   0.0578821     0.85561     2.21479  -5.79279e-05
780   0.0703933    0.857527    -1.33685  0.000266228
790   0.0525575    0.854794     1.37365  0.00188265
800   0.0327403    0.851757     2.31025  0.000753297
810   0.0374916    0.852485     2.30934  -0.00167524
820   0.0662452    0.856892      2.5858  -0.000866256
830   0.0548167     0.85514  -0.0284161  0.000461849
840   0.0570082    0.855476    -1.24275  -0.000121903
850   0.0572548    0.855514     2.77381  -0.000545659
860   0.0679214    0.857149      2.7729  0.000138335
870   0.0544881     0.85509     2.12133  0.00030051
880   0.0619112    0.856227   -0.309159  -5.70336e-05
890   0.0556288    0.855265    0.718254  0.000367188
900   0.0545674    0.855102     1.93359  -0.00035204
910   0.0626696    0.856344     2.40025  -0.000483355
920   0.0642345    0.856583     1.84086  -5.8239e-05
930   0.0638343    0.856522     1.46502  -0.000222689
940   0.0686883    0.857266     2.30588  0.000697878
950   0.0498768    0.854383    0.438971  -0.000421208
960   0.0771125    0.858557     1.55793  -0.0012106
970   0.0740887    0.858094      1.7453  -0.000324117
980   0.0835948    0.859551  -0.0298759  0.000435578
990   0.0653771    0.856759   -0.217251  0.000269689
1000    0.078201    0.858724    0.717433  -0.000754231
1010   0.0804618     0.85907     1.18436  0.00070167
1020   0.0641676    0.856573     2.67898  0.000768621
1030   0.0650894    0.856714    0.996898  -0.00108871
1040   0.0859419     0.85991     2.30414  -0.00105684
1050   0.0862262    0.859954     2.49142  0.000936901
1060   0.0672039    0.857039     2.49142  0.00113801
1070    0.063466    0.856466     3.14454  -0.0009271
1080   0.0857459     0.85988      1.1829  -0.000460177
1090   0.0726696    0.857876     2.21068  0.00137594
1100   0.0582271    0.855663     1.65084  0.000475091
1110   0.0631678     0.85642     3.70594  -0.00116492
1120   0.0815254    0.859233    0.621146  -0.000227376
1130   0.0677153    0.857117     1.36964  0.000341287
1140   0.0746997    0.858187     0.43587  -9.38825e-05
1150   0.0695929    0.857405     4.17287  0.000477561
1160   0.0651485    0.856724     2.39897  -0.000262805
1170    0.074849     0.85821   -0.404716  -2.63873e-05
1180   0.0656762    0.856804     1.37073  -0.00056804
1190   0.0862098    0.859951     1.27627  0.000108758
1200   0.0635011    0.856471     3.42428  0.000648253
1210   0.0732448    0.857964    0.341772  -0.000229689
1220   0.0680948    0.857175     1.08972  0.000617296
1230   0.0608989    0.856072    0.250228  0.000210788
1240   0.0638791    0.856529     2.30323  4.18855e-05
1250   0.0600612    0.855944      2.5847  -2.64265e-05
1260   0.0644076     0.85661      4.5437  -0.000401101
1270   0.0680832    0.857173     2.95854  -0.000538619
1280     0.07518    0.858261     2.77043  0.000895463
1290   0.0501739    0.854429     1.83758  0.000724693
1300   0.0606861     0.85604    0.343231  -0.000949754
1310    0.069169     0.85734     1.74275  0.000179384
1320   0.0570984     0.85549     3.05081  6.98082e-06
1330   0.0690294    0.857318     2.39605  0.000283281
1340   0.0514328    0.854621     2.21004  -2.73596e-05
1350   0.0695766    0.857402     2.67625  -0.000335337
1360   0.0581396    0.855649      2.2095  0.00142084
1370   0.0411598    0.853047     3.52021  0.000318964
1380   0.0517603    0.854672     2.67624  -0.00178713
1390   0.0769025    0.858525     3.98285  -0.000509976
1400   0.0619598    0.856235    0.527687  0.00104554
1410   0.0559916     0.85532     2.58352  4.2605e-05
1420   0.0611077    0.856104     2.67588  0.000286509
1430   0.0502614    0.854442     4.17077  0.00028614
1440   0.0553849    0.855227     3.89085  0.000461732
1450   0.0410268    0.853027     3.05045  0.000322347
1460    0.048938    0.854239     1.46182  -0.00114092
1470   0.0638452    0.856524     2.67542  0.000149283
1480   0.0459523    0.853782     2.20913  0.00140661
1490   0.0357131    0.852212     3.61138  -0.000620407
1500   0.0583605    0.855683     4.72988  -0.000164197
1510   0.0389971    0.852716     3.61047  0.00123677
1520   0.0336251    0.851892     4.45069  -0.000410902
1530   0.0472151    0.853975     5.66502  -0.00146615
1540    0.062948    0.856386     5.47692  -0.000976453
1550   0.0667442    0.856968     4.44933  0.000395832
1560   0.0550314    0.855173     3.04844  0.000713629
1570   0.0524716    0.854781     4.26286  4.41995e-05
1580   0.0541474    0.855038     6.78498  0.000575332
1590   0.0409649    0.853017     4.26405  0.000115292
1600   0.0518416    0.854684     5.94321  -0.000805197
1610   0.0570689    0.855485     5.19581  0.000648564
1620   0.0388703    0.852696     1.46027  0.000968733
1630   0.0376942    0.852516     5.66402  -0.000167114
1640   0.0422126    0.853208     5.75785  -6.03003e-05
1650   0.0389002    0.852701      4.3565  -0.000631802
1660   0.0548486    0.855145     3.42045  0.00126133
1670   0.0136736    0.848834     4.07731  0.00158292
1680   0.0231903    0.850293     2.67451  -0.00102458
1690   0.0341653    0.851975     3.88866  -0.000811906
1700   0.0394284    0.852782     3.23508  0.000621866
1710    0.021728    0.850069      4.5426  0.000118675
1720   0.0370549    0.852418     5.19636  -0.000850583
1730   0.0387396    0.852676     4.63506  0.000587758
1740   0.0252997    0.850616     5.00999  0.000443862
1750   0.0298624    0.851316     3.42136  -0.00143202
1760   0.0539401    0.855006     1.73846  4.83413e-05
1770   0.0288955    0.851167     5.85085  0.000660912
1780   0.0407219     0.85298     5.38246  0.000483511
1790   0.0192253    0.849685      4.4506  -0.00035206
1800   0.0477631    0.854059     5.10217  0.000340509
1810   0.0124151    0.848642     3.51583  -0.000135477
1820   0.0504726    0.854474     5.19426  -0.000969142
1830    0.031798    0.851612     4.82252  0.000666162
1840   0.0371494    0.852432     3.23353  0.000231051
1850    0.027177    0.850904     3.60728  0.000413624
1860   0.0288769    0.851165      3.7001  0.000122506
1870   0.0247268    0.850528      5.5691  -9.75578e-05
1880    0.030828    0.851464     4.91525  0.000563412
1890   0.0134586    0.848801       5.197  -0.00017147
1900   0.0342574    0.851989     5.00789  -0.000758178
1910   0.0286221    0.851125       5.382  0.000527477
1920   0.0237079    0.850372     5.66174  -0.000171839
1930   0.0320589    0.851652     2.85869  -0.000171489
1940   0.0271377    0.850898     3.41945  0.000455801
1950   0.0229429    0.850255     5.28909  0.000123809
1960   0.0246615    0.850518      5.8482  -0.000431494
1970   0.0315728    0.851578      1.8311  0.000569693
1980   0.0132676    0.848772     6.03603  4.94302e-05
1990   0.0305842    0.851426     2.95097  -0.000543442
2000   0.0241365    0.850438     5.94102  0.00109266
2010  0.00873101    0.848077     4.82024  0.00087102
2020  0.00671607    0.847768     3.98057  -0.00203866
2030   0.0495042    0.854326     4.72523  -0.000582722
2040   0.0183705    0.849554     6.68934  0.00158241
2050    0.017856    0.849475     3.32544  -6.09226e-05
2060    0.019589    0.849741     5.66074  -0.00017357
2070   0.0213274    0.850007     5.00607  1.3923e-05
2080   0.0193105    0.849698     5.47309  8.8963e-05
2090   0.0195481    0.849735      5.6601  0.000315425
2100    0.013002    0.848732     5.28736  0.000240404
2110     0.01474    0.848998     4.91242  0.000354666
2120  0.00590869    0.847644     4.91343  1.45452e-05
2130   0.0144491    0.848953     6.40786  -0.000400771
2140   0.0139241    0.848873      6.5016  -0.000288648
2150   0.0202221    0.849838     5.84556  -0.00028892
2160   0.0197025    0.849758     4.44567  0.000470133
2170   0.0108194    0.848397     6.03339  0.000166336
2180   0.0163758    0.849249     4.91288  -0.00101359
2190   0.0310913    0.851504     3.88373  -0.000138102
2200   0.0191378    0.849672     5.00506  0.000471085
2210   0.0216696     0.85006     3.51072  0.000129059
2220   0.0165566    0.849276     4.53904  0.00154599
2230  -0.0092502    0.845321     3.51245  0.00028299
2240   0.0108968    0.848409     4.35203  -0.000135632
2250  -0.00653756    0.845737     5.38008  -0.000176837
2260   0.0144336    0.848951     4.35121  -0.00186886
2270   0.0308397    0.851465     4.44312  -0.00029351
2280   0.0203038    0.849851     4.16439  -0.000296037
2290   0.0367604    0.852373     4.91051  0.000130226
2300   0.0176992    0.849451     5.28544   0.0010184
2310   0.0163925    0.849251     5.47272  -0.00138049
2320   0.0453091    0.853683     6.59168  -2.40735e-05
2330    0.016874    0.849325     5.65928  0.000710342
2340   0.0311022    0.851506       3.883  -0.000374247
2350   0.0243589    0.850472     4.63031  -0.000454537
2360    0.040193    0.852899      6.4984  -0.000142224
2370   0.0272034    0.850908      6.0312  0.000988159
2380   0.0204298     0.84987     7.61964  -0.000494906
2390   0.0371015    0.852425     3.97455  -0.000494653
2400   0.0303228    0.851386     8.74024  0.000835668
2410   0.0203882    0.849864     7.89956  0.000445067
2420   0.0214215    0.850022     5.65672  5.36889e-05
2430   0.0193144    0.849699     6.68532  0.000289854
2440   0.0156244    0.849133     6.87206  0.000330067
2450    0.012713    0.848687      7.4319  -0.000853247
2460   0.0326894    0.851749     6.49649  -0.000577355
2470   0.0242601    0.850457     6.59104  0.000527399
2480   0.0221414    0.850132     6.96424  -0.00042183
2490   0.0326967     0.85175     6.87023  0.000688952
2500  0.00836232     0.84802     8.36613  0.00124466
2510  0.00780346    0.847935     5.28289  -6.33144e-05
2520  0.00962861    0.848215      6.4964  1.63147e-05
2530  0.00747716    0.847885     7.15171  -0.00114088
2540   0.0324463    0.851712     7.89673  0.000136313
2550  0.00475091    0.847467     8.55296  0.00165315
2560  -0.00061681    0.846644     8.83379  -0.000824331
2570   0.0212375    0.849994     9.01861  -0.000463677
2580  0.00865672    0.848066     5.65627  5.47778e-05
2590    0.020142    0.849826     6.58913  0.00102174
2600  -0.0117781    0.844934     8.74024  0.000941101
2610  0.00131996    0.846941     5.28298  -0.00139216
2620    0.016065    0.849201     8.64486  0.000178956
2630  -0.00225917    0.846393     6.40275  0.000500604
2640  0.00605298    0.847667     8.17821  5.84919e-05
2650  -0.00342901    0.846213     9.01898  0.00103053
2660  -0.0145576    0.844508     6.49713  0.000383561
2670  -0.0111002    0.845038     8.27285  -0.00128128
2680    0.011068    0.848435     7.89673  -0.000957786
2690  0.00805547    0.847973     7.24361  -0.00018761
2700   0.0148202     0.84901     8.17811  -0.000187474
2710   0.0118049    0.848548     6.58931  0.000179345
2720   0.0112332     0.84846     6.86941  0.000507448
2730  0.00165597    0.846993     5.65535  0.000795163
2740  -0.00467002    0.846023     6.02992  -6.44033e-05
2750  0.00294404     0.84719     7.24325  -0.00031031
2760  0.00153619    0.846974     7.89701  -0.000435247
2770    0.011649    0.848524     7.05597  0.000223875
2780  -0.00294132    0.846288     6.68286  0.000140182
2790  0.00884535    0.848094     7.61645  -0.000270817
2800  0.00247502    0.847118     6.30984  0.000182418
2810  0.00519699    0.847535     6.12219  0.000349279
2820  -0.00451057    0.846048     7.05697  0.000930542
2830  -0.0134139    0.844683     5.56107  -0.00122819
2840   0.0200533    0.849812     6.02655  -0.000521041
2850  -0.00299304     0.84628     4.90677   0.0005989
2860  0.00807531    0.847976     6.12119  -0.000440517
2870   0.0058173     0.84763     4.15992  -0.000442714
2880   0.0169296    0.849333     4.15873  0.000101155
2890   0.0037942     0.84732     6.96123  -0.000445184
2900   0.0258333    0.850698     6.49348  -0.000821765
2910   0.0202295    0.849839     7.80191  0.000855444
2920  0.00872439    0.848076      6.6814  0.000899507
2930  0.00223934    0.847082     7.42871  -0.000573057
2940   0.0201855    0.849832     4.15827  -0.00057296
2950   0.0136985    0.848838     5.74681  0.000269144
2960   0.0148027    0.849007     6.12001  -0.000110489
2970   0.0159083    0.849177     4.34455  0.00154269
2980  -0.0160511    0.844279     6.86823  0.000525727
2990  0.00539378    0.847565     4.34519  -0.000149283
3000  -0.0130654    0.844736     6.96096  0.000528722
3010  -0.00518066    0.845945     3.50433  -0.000363319
3020  -0.00579902     0.84585     6.40038  0.000275542
3030  -0.0106915      0.8451     6.12064  -0.00126327
3040   0.0194664    0.849722     5.55907  -0.00096465
3050   0.0086015    0.848057     5.37187  0.000916503
3060  0.00113639    0.846913     6.39993  0.000532786
3070  -0.00205422    0.846424     6.21374  0.000319625
3080  -0.0052561    0.845933     6.11973  0.000794366
3090  -0.0179415    0.843989     5.83963  0.000450882
3100  -0.0142737    0.844551     6.86658  -0.000626513
3110  -0.00541128    0.845909     6.49229  -0.000368394
3120  -0.00690586     0.84568     4.62411  0.000712734
3130   -0.019666    0.843725     4.62539  1.99899e-05
3140  -0.00730565    0.845619     6.30619  -0.000282231
3150  -0.0140213     0.84459     5.46606  0.000542061
3160  -0.0181469    0.843958     5.18505  -0.000109633
3170  -0.0118287    0.844926     6.30692  -0.000981917
3180  0.00149147    0.846967     7.89363  -0.000416269
3190  -0.00350329    0.846202     5.09168  -0.000243749
3200  0.00636644    0.847715     5.18496  -0.000550073
3210  0.00749816    0.847888     5.83817  0.000149885
3220  0.00336873    0.847255     7.24042  0.000105861
3230  0.00538094    0.847564     7.42661  0.000679054
3240  -0.0102124    0.845174     7.23905  -2.56486e-05
3250  0.00589391    0.847642     5.93163  -0.000288279
3260  -0.00444678    0.846057     7.98691  -0.000556412
3270   0.0170222    0.849348     6.21091  0.000197118
3280  -0.00838915    0.845453     6.58511  0.00143607
3290  -0.0116992    0.844946     6.11845  -2.3879e-05
3300  -0.00791157    0.845526     5.55724  2.12344e-05
3310  -0.0121238    0.844881     7.14578   0.0001543
3320  -0.0109976    0.845053     5.09113  0.000333567
3330  -0.0187952    0.843858     5.46369  -0.00042568
3340  -0.00248396    0.846358     6.95922  -0.000559504
3350  -0.00760511    0.845573      5.8378  6.46756e-05
3360  -0.00377747     0.84616     5.46296  -0.00132587
3370   0.0189123    0.849637     5.46287  -0.000654086
3380  0.00930426    0.848165     5.27568  0.000421986
3390   0.0104725    0.848344     5.83698  0.00078476
3400  -0.00639094    0.845759     5.46333  -0.000252888
3410   0.0155303    0.849119     5.08967  2.07483e-05
3420  -0.00680591    0.845696     5.46333  0.000515674
3430  0.00521682    0.847538     6.95667  -0.00170313
3440   0.0272567    0.850916     6.11563  -0.000208125
3450  0.00937932    0.848176     6.02235  0.00110781
3460  0.00510054    0.847521     7.04931  0.000747619
3470  -0.00557307    0.845885     4.80875  -0.000985067
3480   0.0248019     0.85054     6.48882  -0.000710634
3490  0.00863961    0.848063     5.74343  0.00138969
3500  -0.00299188     0.84628     6.67748  0.000706453
3510  -0.00548945    0.845897     5.92971  0.000204236
3520  -0.00707659    0.845654     5.55569  -0.00094501
3530   0.0134107    0.848794     6.11535  -0.00025526
3540  -0.00197138    0.846437     6.11554  -0.000212733
3550   0.0176654    0.849446      5.6486  -0.000349221
3560  0.00501304    0.847507     6.30236  0.00108202
3570  -0.00397504     0.84613     6.76957  0.000483005
3580  -0.00464707    0.846027     7.04994  -0.00048985
3590  0.00582197    0.847631     4.80738  -0.000165014
3600  -0.00134679    0.846532     4.99457  0.000578288
3610  -0.0057438    0.845859      5.4615  -2.60763e-05
3620  -0.000825265    0.846612     6.30182  -0.000679521
3630  0.00784663    0.847941     5.92834  0.00128398
3640  -0.0265049    0.842677     4.90193  0.000769067
3650  -0.00753472    0.845584     6.02135  -0.000773326
3660  -0.0110384    0.845047     6.48883  0.000491873
3670  -0.0173722    0.844076     6.20954  0.00110532
3680  -0.0331448    0.841659     6.11617  -0.000212442
3690  -0.0131233    0.844728     6.67629  -0.00162753
3700  -0.000594253    0.846648     7.23531  0.000495839
3710  -0.0230401    0.843208     6.30218  0.000494673
3720  -0.0104877    0.845131     5.27486  -0.00125723
3730  0.00210439    0.847061     6.86248  -0.000785849
3740  0.00522927     0.84754     6.11435  2.03788e-05
3750  0.00169681    0.846999     5.46141  -0.00012309
3760  0.00769106    0.847918     7.70206   2.069e-05
3770  0.00128301    0.846935     7.32977  0.000880859
3780  -0.00992612    0.845218     5.27413  0.000451932
3790  -0.00775562     0.84555     7.42314  0.000742583
3800  -0.0247778    0.842941     6.39628  -0.000410513
3810  0.000454635    0.846808     6.95493  -0.000938126
3820  -0.00601525    0.845817     6.20717  0.00103389
3830  -0.0202233    0.843639     6.11508  0.000843388
3840   -0.022883    0.843232     6.02135  -0.000556237
3850  -0.00909852    0.845344     5.18058  -0.00138074
3860  0.00473185    0.847464     6.76692  -0.00123973
3870    0.015696    0.849144     7.51387  0.000701144
3880  -0.00929103    0.845315     7.14176  0.00123644
3890  -0.0090328    0.845354     6.86084  -0.000513807
3900  0.000985106     0.84689     6.29962  -0.000514799
3910  0.00126318    0.846932       6.487  -0.000174678
3920  0.00447868    0.847425     8.07562  -0.00159672
3930   0.0331977    0.851827     4.24261  0.000266305
3940  -0.000847433    0.846609      5.5525  0.00168841
3950  -0.000570529    0.846651     5.17894  0.000120134
3960  -0.00325011    0.846241      7.7947  0.000465855
3970  -0.00988762    0.845223     5.36567  -0.00012622
3980  -0.000725704    0.846628     6.39381  -0.000372944
3990  -0.00242874    0.846367     7.04721  0.000666629
4000  -0.0140583    0.844584     4.61864  -0.00112068
4010   0.0199849    0.849802     5.27039  2.40151e-05
4020  -0.0145386    0.844511     4.99174  0.00136443
4030  -0.00730371    0.845619     7.70015  -0.00097445
4040  0.00495042    0.847498      6.2048  -0.000177051
4050  -0.00376269    0.846162     6.01824  0.000772529
4060  -0.0105002     0.84513     5.73923  0.000173045
4070  -0.00722359    0.845632     9.19476  -0.000680104
4080  0.00310194    0.847214     5.64459  -0.000279023
4090  -0.00164314    0.846487     4.80382  0.000727726
4100  -0.0114526    0.844984      6.7671  0.000173959
4110  -0.00512232    0.845954     4.80419  -0.000937698
4120  0.00730138    0.847858     4.33662  0.000175126
4130  -0.00862483    0.845417     4.99165  0.000630344
4140  -0.0053055    0.845926     7.98107  -0.00104476
4150   0.0122705    0.848619     5.08329  -0.000792207
4160   0.0105387    0.848354     5.36449  0.00150061
4170  -0.0177416     0.84402     5.92533  0.00216811
4180  -0.0328235    0.841708     6.58018  -0.00110157
4190  0.00428967    0.847396     4.61699  -0.000741572
4200  -0.0179921    0.843981     6.01943  0.000381539
4210  -0.00334112    0.846227     5.36512  -0.00167363
4220   0.0154805    0.849111     6.85846  -0.000544298
4230  0.00754483    0.847895     7.60568  0.00105324
4240  -0.00558434    0.845883     6.48572  0.000435306
4250  -0.00116128    0.846561     6.48591  0.000697644
4260  -0.0195372    0.843745     3.77613  -0.000184907
4270  0.00253685    0.847128     6.39144  -0.000130032
4280  -0.0169366    0.844143      5.8316  -0.000238323
4290  0.00730332    0.847858     6.95165  -0.000966264
4300  0.00238868    0.847105     5.83096  0.000858361
4310  -0.0098639    0.845227     6.57818  0.000284351
4320  -0.00329834    0.846233     4.70982  -0.00076267
4330   0.0053895    0.847565     5.73677  -0.000449715
4340  0.00569596    0.847612     6.67109  0.000706803
4350  -0.00874656    0.845398     7.69996  0.00134121
4360  -0.0211283    0.843501     5.83215  -0.000186851
4370  -0.00500954    0.845971     4.61645  -0.000237876
4380  -0.0163707     0.84423     7.32558  -0.000665657
4390  0.00830359    0.848011      7.5114  -0.00114316
4400  0.00649245    0.847734     6.67145  0.000181465
4410   0.0046743    0.847455     7.60577  0.000342162
4420  -0.000350796    0.846685     6.48472  0.00183915
4430  -0.0321087    0.841818     7.04693  0.000344554
4440  -0.00724187    0.845629     6.20352  -0.00174037
4450  0.00269864    0.847152      6.8571  0.000132171
4460  -0.00988529    0.845224      6.2978  -0.000569013
4470   0.0140789    0.848897     8.25771  -0.000459904
4480  -0.000687202    0.846633     5.92314  -3.30572e-05
4490     0.01474    0.848998     5.64304  -8.45099e-05
4500    0.001003    0.846893     6.20288  0.000725665
4510  0.000226734    0.846774      6.1097  0.00110969
4520  -0.0211909    0.843491     6.01733  0.000132521
4530  -0.00242368    0.846367     7.23175  -0.00155315
4540  0.00987206    0.848252     7.13693  -0.000412671
4550  0.00582974    0.847632     8.53781  -0.00107203
4560   0.0313126    0.851538      5.7344  -3.19294e-05
4570  0.00646833     0.84773     7.88369  0.00122617
4580  0.00678918    0.847779     7.13611  0.000737955
4590  -0.00829076    0.845468     7.69796  0.00035344
4600  -0.000279626    0.846696     7.60386  0.000191246
4610  -0.0121157    0.844882     6.10961  -0.000473672
4620  0.00919381    0.848148     8.44454  0.000192685
4630  -0.0159694    0.844291     9.09829  -0.000588283
4640   0.0209595    0.849951     7.22884  -0.000473419
4650   -0.006501    0.845742      8.0707  -3.53519e-05
4660   0.0216665    0.850059     7.50876  -0.000867792
4670   0.0108548    0.848402     5.54803  0.00108317
4680  3.11127e-06    0.846739     7.32311  7.84818e-05
4690   0.0092852    0.848162     7.41648  0.000136838
4700  -0.00273364     0.84632     6.29625  -0.000146113
4710   0.0122075     0.84861     8.25661  -0.000200327
4720   0.0012729    0.846934     7.78913  0.000643605
4730  -0.000664645    0.846637     6.29552  -0.000767765
4740   0.0166282    0.849287     7.41584  -0.000428636
4750  0.00790807    0.847951     6.57544  0.00110075
4760  -0.00538678    0.845913     5.54776  0.000706064
4770  -0.00621321    0.845787      6.5759  0.000196943
4780  -0.00932565     0.84531     7.50958  -0.00077352
4790   0.0092572    0.848158     7.78986  -0.000831721
4800  0.00730877    0.847859     8.72373  0.000596625
4810  -0.0026753    0.846329     7.04255  0.000770565
4820  -0.00810253    0.845497     8.81719  8.31487e-05
4830  -0.00433828    0.846074     7.13474  0.000257419
4840  -0.0132509    0.844708     7.60322  0.000199452
4850  -0.00832732    0.845463     5.26783  0.000317291
4860  -0.0195967    0.843735     6.76236  0.00083909
4870  -0.0251091    0.842891     3.95959  -0.00159842
4880   0.0123716    0.848635     5.82749  -0.00165866
4890  0.00806403    0.847975     6.48098  -0.000677227
4900   0.0259161    0.850711     6.19942  0.000140863
4910  0.00524677    0.847543     6.38734  0.000254794
4920   0.0208202     0.84993     7.32074  0.00119858
4930  -0.0187248    0.843869     6.94837  0.000550851
4940  0.00980323    0.848241     6.01368  -0.000324214
4950  -0.0122405    0.844863     5.64112  0.00090958
4960  -0.00838838    0.845453     6.66799  -0.000740969
4970  0.00257886    0.847134     4.98718  -0.00139533
4980   0.0195182     0.84973     5.07818  -3.39518e-05
4990  0.00325789    0.847238       6.947  0.00132742
