Time   C(t)   
ps   
0           1           1  2.64784e-10   0.0219243
10    0.784415    0.807392    0.541807   0.0127292
20    0.745416    0.772549    0.220334  0.00353414
30    0.713732    0.744243    -1.31447  0.00285941
40    0.688227    0.721456    -1.12392  0.00237574
50    0.666218    0.701792   -0.677481  0.00208197
60    0.646588    0.684254    0.536657  0.00186459
70    0.628926    0.668475    0.790933  0.00178392
80    0.610909    0.652379     1.07759  0.00168889
90    0.595148    0.638297    0.788842  0.00153004
100    0.580309    0.625039    0.468867  0.00149963
110    0.565155    0.611501   -0.970162  0.00131349
120    0.554039    0.601569    0.179963  0.00112872
130    0.542581    0.591332    0.177965  0.00114698
140    0.531099    0.581075    0.560924  0.00112624
150    0.520056    0.571208     2.51019  0.00111788
160    0.508742      0.5611      1.7103  0.00103665
170    0.499323    0.552685     2.47634  0.00090546
180    0.490633    0.544921     1.96386  0.000926933
190    0.480784    0.536122     1.48441  0.000878835
200    0.473056    0.529217     1.80317  0.00077547
210    0.465275    0.522266     1.48313  0.00078067
220    0.457442    0.515268    0.971833  0.000755416
230    0.450167    0.508768     1.92998  0.000755201
240    0.442338    0.501774     1.48166  0.000767516
250    0.434816    0.495053     1.22561  0.000767246
260    0.426994    0.488064     1.76898  0.000657497
270    0.421666    0.483305     1.00084  0.000533253
280    0.416328    0.478536    0.968493  0.000563106
290    0.410404    0.473243     1.54334  0.000537248
300    0.405584    0.468936   0.0404806  0.000538404
310    0.399636    0.463623    0.519304  0.000588143
320    0.393821    0.458427     0.80643  0.000612856
330    0.387379    0.452672     1.19057  0.000608686
340    0.381647    0.447551  0.00738154  0.000512229
350    0.377135    0.443519    0.486392  0.00049704
360    0.371706    0.438669   -0.472534  0.00057604
370    0.365614    0.433226    0.646083  0.000528151
380    0.361143    0.429232  0.00619537  0.000442113
390    0.356771    0.425326   -0.250171  0.000534037
400    0.350462     0.41969     1.47555  0.000540495
410    0.345962    0.415669     1.21971  0.00047607
420    0.340941    0.411183     1.02745  0.000473379
430    0.336494     0.40721    0.547503  0.000510947
440    0.330722    0.402053    0.132475  0.000491823
450    0.326658    0.398422     1.02701  0.00043254
460    0.322071    0.394325    0.866604  0.000380281
470    0.319052    0.391627    0.450546  0.000340776
480    0.315256    0.388235    0.482366  0.000350627
490    0.312039    0.385362    0.258068  0.000323823
500    0.308779    0.382449    0.225468  0.000333701
510    0.305365    0.379399    -1.40563  0.00042655
520    0.300248    0.374828  -0.0309609  0.000478998
530    0.295785     0.37084   -0.894148  0.000439395
540     0.29146    0.366976    -0.67063  0.000371958
550    0.288346    0.364194    0.319335  0.000337645
560    0.284707    0.360943    0.159738  0.000362423
570    0.281098    0.357718   -0.415761  0.000352085
580    0.277666    0.354652   -0.703324  0.000345395
590     0.27419    0.351546    -0.54357  0.00041302
600    0.269405    0.347272    -2.20549  0.000397104
610    0.266248    0.344451   -0.735986  0.000267678
620    0.264052    0.342489    -1.43961  0.000277631
630    0.260695     0.33949     -2.0468  0.000380804
640    0.256436    0.335684    -1.56754  0.000332983
650    0.254035     0.33354    -1.40779  0.000195406
660    0.252528    0.332193   -0.833599  0.000222076
670    0.249594    0.329572   -0.897675  0.000267468
680    0.247178    0.327414   -0.514591  0.000303722
690     0.24352    0.324145   -0.099438  0.000328717
700    0.240604     0.32154     -0.6424  0.000269304
710    0.238133    0.319333    0.412578  0.000269902
720    0.235206    0.316717  -0.00301176  0.000308154
730     0.23197    0.313827    0.188467  0.000248443
740    0.230237    0.312278   -0.994819  0.000220717
750    0.227556    0.309883  -0.0358615  0.000211687
760    0.226003    0.308495   0.0277153  0.000204665
770    0.223463    0.306226  -0.0363295  0.000314932
780    0.219705    0.302868   -0.196302  0.000315533
790    0.217152    0.300588    0.187063  0.000302988
800    0.213645    0.297454   -0.133037  0.000282694
810    0.211498    0.295536    -0.51637  0.000239649
820    0.208852    0.293172   -0.931991  0.00023061
830    0.206886    0.291416    -1.22002  0.000193002
840    0.204992    0.289723    -1.18823  0.000181967
850    0.203247    0.288164    -1.31635  0.000268378
860    0.199624    0.284928   -0.932928  0.000274611
870    0.197754    0.283257   -0.645209  0.000213997
880    0.195344    0.281104   -0.933146  0.000243223
890     0.19289    0.278911    -1.22096  0.000274467
900    0.189855      0.2762    -1.66812  0.000205846
910    0.188773    0.275233    -1.66849  7.17543e-05
920     0.18842    0.274918   -0.614638  0.00012395
930    0.186294    0.273018   -0.902575  0.000172333
940    0.184973    0.271838    -1.15788  0.000261525
950    0.181064    0.268345    -1.34955  0.000329588
960    0.178381    0.265949   -0.710315  0.000162109
970    0.177821    0.265449    0.823548  0.00013354
980    0.175711    0.263563    0.855711  0.000184147
990    0.174138    0.262158    0.311688  0.000143838
1000    0.172834    0.260993    0.471536  0.000150003
1010    0.171138    0.259478   0.0558209  0.000253399
1020    0.167766    0.256465   0.0561015  0.000222712
1030    0.166684    0.255499   -0.231992  9.85734e-05
1040    0.165794    0.254704   -0.423783  0.000157362
1050    0.163537    0.252687   -0.263873  0.00017326
1060    0.162329    0.251608   -0.743446  0.000122859
1070     0.16108    0.250491   -0.648174  0.000146632
1080    0.159397    0.248988    -1.54334  0.000262585
1090    0.155828    0.245799   -0.520022  0.000237561
1100    0.154645    0.244743   -0.104338  0.000145891
1110     0.15291    0.243193   -0.999844  0.000146176
1120    0.151722    0.242131   -0.840153  0.000109117
1130    0.150728    0.241243   0.0864856  0.000150781
1140    0.148706    0.239437   -0.968336  0.000184629
1150    0.147035    0.237944    0.022347  0.000133694
1160    0.146032    0.237048   -0.712937  0.000136009
1170    0.144315    0.235514    -1.12884  0.000120422
1180    0.143624    0.234896   -0.169819  0.000178246
1190     0.14075    0.232329   -0.169788  0.000144794
1200    0.140728    0.232309   -0.297815  6.38098e-05
1210    0.139474    0.231188   -0.394023  0.000109647
1220    0.138535     0.23035   -0.330259  8.60155e-05
1230    0.137754    0.229651    -2.59981  0.00014604
1240    0.135614     0.22774    -1.80086  0.000190213
1250    0.133949    0.226253    -2.08861  9.27448e-05
1260    0.133759    0.226083    -1.41768  0.000119057
1270    0.131568    0.224125    -1.99324  0.000183301
1280    0.130093    0.222808    -1.44987  0.000187766
1290    0.127813     0.22077    -1.89785  0.000164078
1300    0.126812    0.219876    -1.99327  0.000140423
1310    0.125004    0.218261    -1.67324  0.000152772
1320    0.123756    0.217146    -1.51395  0.000139034
1330    0.122224    0.215777    -1.86556  8.68872e-05
1340    0.122019    0.215594    -1.32247  5.0832e-05
1350    0.121207    0.214869   -0.491979  0.000121679
1360    0.119585    0.213419    -1.19526  0.000180606
1370    0.117595    0.211641   -0.747503  0.000170863
1380    0.116168    0.210366   -0.588155  0.000126667
1390    0.115062    0.209378    -1.03603  0.000167603
1400    0.112816    0.207371    -1.00393  9.06572e-05
1410    0.113249    0.207758    -1.61141  9.59709e-06
1420    0.112624      0.2072    -2.12321  -4.71659e-06
1430    0.113343    0.207842    -1.64391  4.63612e-05
1440    0.111697    0.206372    -1.93126  0.000107622
1450     0.11119    0.205919    -1.86812  0.000120221
1460    0.109292    0.204223    -2.15565  0.000220753
1470    0.106775    0.201975    -2.69858  0.000131033
1480    0.106672    0.201882    -2.82667  3.0911e-05
1490    0.106157    0.201423    -2.92306  0.000123423
1500    0.104203    0.199677    -2.73068  0.000185356
1510     0.10245    0.198111    -2.25142  0.000113717
1520    0.101929    0.197645    -1.64448  9.34262e-05
1530    0.100581    0.196441    -1.32441  0.000112171
1540   0.0996853     0.19564    -1.70843  0.000131081
1550   0.0979599    0.194099    -1.45278  9.82329e-05
1560   0.0977206    0.193885    -1.22929  9.02623e-05
1570   0.0961546    0.192486    -1.45343  0.000200348
1580   0.0937137    0.190305    -1.38905  0.000182073
1590   0.0925132    0.189233     -2.2843  7.65331e-05
1600    0.092183    0.188938    -2.02881  -2.5928e-07
1610   0.0925184    0.189237    -2.18915  0.000114414
1620   0.0898947    0.186893    -2.53992  0.000101994
1630   0.0904785    0.187415    -2.89237  3.97507e-05
1640   0.0890997    0.186183    -2.38123  0.000152687
1650   0.0874247    0.184687    -1.90156  0.00010905
1660   0.0869187    0.184235    -2.73287  4.22791e-05
1670   0.0865792    0.183931    -1.96598  3.61037e-05
1680   0.0861966    0.183589    -1.45453  4.66958e-05
1690   0.0856453    0.183097    -0.94329  5.9415e-05
1700   0.0850083    0.182528    -1.90197  8.69531e-05
1710   0.0839062    0.181543    -1.80613  8.92412e-05
1720   0.0832235    0.180933    -1.77422  7.25824e-05
1730   0.0824545    0.180246    -1.64644  4.52638e-05
1740   0.0823182    0.180124    -1.90218  4.54172e-05
1750   0.0815462    0.179435    -2.19018  6.66909e-05
1760   0.0809844    0.178933    -1.96651  5.19995e-05
1770   0.0805062    0.178505    -2.06238  -7.36788e-06
1780   0.0811318    0.179064   -0.752247  -1.157e-05
1790   0.0807376    0.178712   -0.944039  7.35462e-05
1800   0.0796609     0.17775    -1.13567  6.94137e-05
1810   0.0793493    0.177472    -1.55161  0.000116607
1820   0.0773287    0.175667      -1.072  0.000133896
1830   0.0766714    0.175079    -1.00793  7.22341e-05
1840    0.075884    0.174376    -1.39176  0.000130266
1850   0.0740661    0.172752   -0.496723  0.000115503
1860    0.073574    0.172312    -1.26389  3.42283e-05
1870   0.0733815     0.17214   -0.688421  2.14197e-05
1880   0.0731456    0.171929    -1.52001  2.5776e-05
1890    0.072866     0.17168     -1.2005  3.01518e-05
1900   0.0725425    0.171391    -1.26445  0.000101476
1910   0.0708365    0.169866    -1.13661  6.92155e-05
1920   0.0711582    0.170154    -1.48841  2.62227e-05
1930    0.070312    0.169398    -1.26439  6.30558e-05
1940   0.0698971    0.169027    -1.23248  7.84285e-05
1950   0.0687434    0.167996   -0.944913  2.42624e-05
1960   0.0694119    0.168594   -0.370287  7.03745e-06
1970   0.0686027    0.167871   -0.529666  1.78505e-05
1980   0.0690549    0.168275   -0.562141  4.63221e-05
1990   0.0676763    0.167043    -1.04171  6.59764e-05
2000   0.0677353    0.167096    -0.46637  1.59517e-05
2010   0.0673572    0.166758   -0.434363  7.28752e-05
2020   0.0662778    0.165794   -0.306149  6.64324e-05
2030   0.0660286    0.165571   -0.306461  7.40811e-06
2040   0.0661297    0.165661   -0.753933  9.64515e-06
2050   0.0658357    0.165399    -0.75412  7.56472e-05
2060   0.0646167    0.164309   -0.849547  2.73176e-05
2070   0.0652893     0.16491   -0.562453  1.2058e-05
2080   0.0643756    0.164094    0.076904  7.38267e-05
2090   0.0638128    0.163591   -0.242915  4.30863e-05
2100   0.0635138    0.163324   -0.338717  3.21377e-05
2110     0.06317    0.163017   -0.562546  1.22663e-05
2120   0.0632685    0.163105   -0.882303  3.00851e-05
2130   0.0625683    0.162479   -0.626872  2.78845e-05
2140   0.0627108    0.162607    -1.26579  5.7593e-06
2150   0.0624531    0.162376    -1.01052  9.26347e-05
2160   0.0608581    0.160951   -0.115512  0.000112865
2170   0.0601958     0.16036   -0.658692  3.72687e-05
2180   0.0601127    0.160286   -0.691167  6.4246e-05
2190   0.0589109    0.159212   -0.691261  0.000138239
2200    0.057348    0.157815    -0.85064  6.68118e-05
2210   0.0575747    0.158018    -1.26651  -2.52575e-07
2220    0.057353     0.15782    -1.33056  3.11892e-05
2230   0.0569509    0.157461   -0.755181  2.90085e-05
2240   0.0567729    0.157302    -1.01117  6.51583e-05
2250   0.0556477    0.156296   -0.691167  1.56155e-05
2260   0.0564605    0.157023     -1.1388  -6.33035e-05
2270   0.0569138    0.157428    -0.91509  -9.19253e-06
2280   0.0566444    0.157187   -0.755462  6.77632e-05
2290   0.0555585    0.156217   -0.819007  7.46967e-05
2300   0.0551505    0.155852   -0.403792  1.13325e-05
2310   0.0553319    0.156014   -0.180181  -4.3183e-05
2320   0.0560141    0.156624  -0.0206147  3.6444e-05
2330    0.054603    0.155363     0.17099  0.000152696
2340   0.0529602    0.153895     1.19399  9.37171e-05
2350   0.0527287    0.153688   -0.020646  4.37552e-05
2360   0.0520851    0.153113      0.3951  0.000117098
2370   0.0503867    0.151596   -0.340028  0.000101296
2380   0.0500592    0.151303   0.0751872  2.36096e-05
2390   0.0499145    0.151174    0.107288  6.50514e-05
2400   0.0487581    0.150141   0.0754996  7.20631e-05
2410   0.0484733    0.149887   -0.180243  7.23083e-05
2420    0.047312    0.148849  -0.0843478  0.000155507
2430   0.0453631    0.147108   -0.244132  0.000123523
2440   0.0448415    0.146642   -0.404323  0.000117003
2450    0.043023    0.145017    0.234847  0.000117226
2460    0.042497    0.144547    0.139107  2.4838e-05
2470   0.0425263    0.144573    0.202996  5.04883e-05
2480   0.0414872    0.143645    0.650437  0.000131956
2490   0.0398872    0.142216    0.650125  6.70636e-05
2500    0.040146    0.142447     1.38519  6.03696e-05
2510   0.0386798    0.141137    0.969975  7.67624e-05
2520   0.0386107    0.141075    0.490433  -7.12015e-06
2530   0.0388222    0.141264    0.681851  3.5028e-05
2540   0.0379102    0.140449    0.777965  7.25603e-05
2550    0.037371    0.139968     1.03393  -2.35159e-06
2560   0.0379572    0.140491    0.745896  -3.0488e-05
2570   0.0379807    0.140512    0.554167  3.76623e-05
2580   0.0372039    0.139818     0.42642  6.5993e-05
2590   0.0366609    0.139333    0.554135  2.36938e-05
2600   0.0367301    0.139395   0.0745318  4.03501e-05
2610   0.0358539    0.138612     0.39432  6.40683e-05
2620   0.0354487     0.13825   0.0746253  2.16106e-05
2630   0.0354217    0.138226    0.362063  4.54238e-05
2640   0.0345402    0.137439   -0.308989  0.000107277
2650   0.0332761    0.136309    0.682069  9.32694e-05
2660   0.0326748    0.135772    0.425702  6.73581e-05
2670    0.031929    0.135106   -0.117135  7.87247e-06
2680   0.0325174    0.135631   -0.437266  -8.74065e-06
2690   0.0321038    0.135262   -0.469335  6.53424e-05
2700   0.0312105    0.134464    -0.75696  0.000106221
2710   0.0299794    0.133364   -0.853106  5.37065e-05
2720   0.0301364    0.133504   -0.789185  4.43414e-05
2730   0.0290925    0.132571     -0.8848  4.19746e-05
2740   0.0292969    0.132754   -0.661096  1.80831e-05
2750   0.0287309    0.132248   -0.885112  8.80431e-05
2760   0.0275361    0.131181   -0.181617  6.16648e-05
2770   0.0274976    0.131146   -0.469304  4.49819e-05
2780   0.0266364    0.130377    -0.30927  2.32468e-05
2790   0.0270326    0.130731   -0.469397  3.99202e-06
2800   0.0265566    0.130306   -0.661126  3.55242e-05
2810   0.0263222    0.130096   -0.117759  4.53688e-05
2820   0.0256492    0.129495   -0.533255  6.73948e-05
2830   0.0249743    0.128892   -0.628745  -2.26815e-05
2840   0.0261028      0.1299   -0.757272  -3.23935e-05
2850   0.0256221    0.129471   -0.789216  8.23857e-05
2860   0.0244551    0.128428   -0.405914  8.25666e-05
2870   0.0239708    0.127996   -0.725203  -3.01804e-06
2880   0.0245155    0.128482   -0.437578  -3.48878e-05
2890   0.0246686    0.128619   -0.725484  2.1569e-05
2900   0.0240841    0.128097   -0.213935  4.6211e-05
2910   0.0237443    0.127793    0.361408  6.36321e-05
2920   0.0228115     0.12696  0.00992505  5.3885e-05
2930   0.0226666     0.12683   0.0419943  4.17203e-05
2940   0.0219771    0.126214   -0.149735  3.1894e-05
2950   0.0220288    0.126261    0.393602  4.94051e-05
2960    0.020989    0.125332    0.393883  2.71047e-05
2970   0.0214867    0.125776    0.937188  9.8763e-06
2980   0.0207914    0.125155     1.28904  -1.01131e-05
2990   0.0216889    0.125957    0.873299  -3.74805e-05
3000    0.021541    0.125825    0.745178  2.32086e-06
3010   0.0216425    0.125915      1.0007  -5.1612e-06
3020   0.0216443    0.125917    0.584956  3.74172e-05
3030   0.0208942    0.125247    0.776966  4.24908e-05
3040   0.0207944    0.125158    0.553168  1.75281e-05
3050   0.0205436    0.124934    0.936439  -5.09433e-08
3060   0.0207955    0.125159    0.840605  4.03126e-05
3070   0.0197373    0.124213     1.09635  9.33428e-05
3080   0.0189286    0.123491     0.84073  2.28541e-05
3090   0.0192803    0.123805     1.03227  2.20537e-07
3100   0.0189242    0.123487      1.1598  2.80553e-05
3110   0.0187192    0.123304     1.28748  6.87688e-05
3120   0.0175488    0.122258     1.22403  2.31327e-05
3130   0.0182565     0.12289     1.03215  -2.12407e-06
3140   0.0175913    0.122296      1.3835  6.40686e-05
3150   0.0169751    0.121746     1.63906  6.93683e-05
3160   0.0162039    0.121057    0.903995  7.4673e-05
3170   0.0154817    0.120411     1.06356  2.6232e-05
3180   0.0156793    0.120588    0.328433  4.43314e-05
3190    0.014595    0.119619    0.648159  0.000106017
3200    0.013559    0.118693    0.200999  7.03198e-05
3210   0.0131887    0.118363    0.584332  1.13199e-05
3220   0.0133326    0.118491      0.5522  6.23204e-06
3230    0.013064    0.118251    0.168617  -6.70031e-06
3240   0.0134666    0.118611    0.583708  3.67849e-06
3250   0.0129904    0.118186    0.040465  2.69525e-05
3260   0.0129275    0.118129    0.296145  3.70271e-06
3270   0.0129164    0.118119     0.42383  1.15129e-05
3280   0.0126973    0.117924    0.615559  6.0993e-05
3290   0.0116965    0.117029    0.327965  9.50094e-05
3300   0.0107971    0.116226    0.423861  0.000116191
3310  0.00937271    0.114953     0.42411  0.00011911
3320  0.00841486    0.114098  0.00842698  5.66516e-05
3330  0.00823968    0.113941    0.360034  2.27869e-05
3340  0.00795912     0.11369    0.679884   1.497e-05
3350  0.00794028    0.113674     1.09538  -9.5451e-05
3360  0.00986814    0.115396    0.328028  -7.97863e-05
3370  0.00953601    0.115099    0.647597  -1.42345e-05
3380   0.0101528     0.11565    0.615496  -8.81965e-05
3390   0.0112999    0.116675    0.232069  -5.40146e-05
3400   0.0112331    0.116615    0.583739  9.33884e-06
3410   0.0111132    0.116508    0.711642  4.05167e-06
3420   0.0111521    0.116543    0.647441  -2.51649e-05
3430   0.0116165    0.116958    0.775281  4.08087e-06
3440   0.0110705     0.11647    0.839357  -1.31885e-06
3450   0.0116428    0.116982     1.09457  6.77537e-06
3460    0.010935    0.116349    0.966729  1.73968e-05
3470   0.0112949    0.116671     1.54167  4.16398e-05
3480   0.0101022    0.115605     1.66979  5.23818e-05
3490   0.0102473    0.115735     1.06238  -6.29011e-05
3500   0.0113602    0.116729     1.22213  -3.07235e-05
3510   0.0108617    0.116284     1.06247  1.21851e-05
3520   0.0111165    0.116511     1.50991  3.92764e-05
3530   0.0100762    0.115582    0.838733  6.9041e-05
3540  0.00973567    0.115278     0.51907  3.68113e-05
3550  0.00933998    0.114924     0.71083  4.37149e-06
3560  0.00964824      0.1152    0.678698  -1.72867e-05
3570  0.00968572    0.115233    0.582584  3.97743e-05
3580  0.00885275    0.114489    0.678636  7.25264e-05
3590  0.00823519    0.113937     0.99833  -6.37714e-06
3600   0.0089803    0.114603    0.710425  7.37747e-06
3610  0.00808764    0.113805    0.486626  2.91754e-05
3620  0.00839679    0.114081    0.454588  -1.17694e-05
3630  0.00832303    0.114016   0.0392792  -1.1839e-05
3640  0.00863357    0.114293    0.134925  7.41039e-06
3650  0.00817482    0.113883    0.486501  6.52315e-05
3660  0.00732894    0.113127    0.518321  7.64401e-05
3670  0.00664602    0.112517  -0.0566167  3.80026e-05
3680  0.00656889    0.112448    0.262703  7.9697e-05
3690  0.00505208    0.111093   -0.120693  0.000113105
3700  0.00430678    0.110427    0.199313  -5.8847e-06
3710  0.00516977    0.111198    0.263077  -1.96831e-05
3720  0.00470044    0.110779   0.0712233  6.92957e-05
3730  0.00378386     0.10996    0.646754  0.000102964
3740  0.00264116    0.108939    0.998112  3.34055e-05
3750  0.00311575    0.109363    0.390574  -1.39431e-05
3760  0.00292002    0.109188    0.550359  -1.96043e-08
3770  0.00311614    0.109364    0.294366  -1.40306e-05
3780  0.00320063    0.109439    0.422082  5.60282e-06
3790  0.00300408    0.109263    0.613717  2.53213e-05
3800  0.00269421    0.108987     0.61378  5.92514e-05
3810  0.00181905    0.108205    0.358099  5.69622e-06
3820  0.00258028    0.108885     0.51726  5.84967e-06
3830  0.00170206      0.1081     0.19794  9.93084e-05
3840  0.000594115     0.10711    0.933161  5.70139e-05
3850  0.000561783    0.107081     1.12486  5.15954e-05
3860  -0.000437793    0.106188    0.389544  7.4477e-05
3870  -0.000927757    0.105751     1.34847  6.62031e-05
3880  -0.00176185    0.105006    0.996863  0.000103553
3890  -0.00299881      0.1039     0.58143  2.94101e-05
3900  -0.00235006     0.10448    0.868773  -1.90934e-05
3910  -0.00261694    0.104242    0.836704  7.26957e-05
3920  -0.00380397    0.103181    0.900687  0.00012466
3930  -0.00511014    0.102014    0.485221  5.58856e-05
3940  -0.00492168    0.102182    0.676919  1.8659e-05
3950  -0.00548332    0.101681    0.836798  4.75795e-05
3960  -0.00587327    0.101332    0.932475  6.22327e-05
3970  -0.00672797    0.100569     1.12417  9.43181e-05
3980  -0.00775963    0.099647     1.06038  2.4866e-05
3990  -0.00722529    0.100124      1.0921  -2.73227e-05
4000  -0.00721318    0.100135    0.676951  -4.12883e-06
4010  -0.00714271    0.100198     0.61275  2.50711e-05
4020  -0.0077146   0.0996872    0.101514  6.31363e-05
4030  -0.00840544     0.09907    0.644725  2.81696e-05
4040  -0.00827799   0.0991838    0.740652  1.6592e-05
4050  -0.00873728   0.0987735    0.357132  2.24797e-05
4060  -0.00872759   0.0987822    0.453027  -3.91658e-06
4070  -0.00865895   0.0988435    0.293243  -9.74862e-07
4080  -0.00870809   0.0987996     0.29318  -3.34985e-05
4090  -0.00798898   0.0994421    0.868336  1.67847e-05
4100  -0.00904378   0.0984997   0.0695692  8.19316e-05
4110  -0.00962761   0.0979781  -0.0582397  7.03665e-05
4120  -0.0104511   0.0972423    0.101826  1.4051e-05
4130  -0.00990863    0.097727    0.165403  -5.43441e-05
4140  -0.00936423   0.0982134     0.51676  1.11577e-05
4150  -0.0101318   0.0975276    0.165527  4.69812e-05
4160  -0.0103039   0.0973739    0.485159  1.72312e-05
4170  -0.0104764   0.0972197    0.325156  1.12828e-05
4180  -0.0105295   0.0971723    0.389232  5.94361e-05
4190  -0.0116651   0.0961577    0.676951  3.54566e-05
4200  -0.0112386   0.0965387    0.452871  -1.85893e-05
4210  -0.0112933   0.0964899    0.580743  1.75686e-05
4220    -0.01159   0.0962248    0.420771  3.27467e-05
4230  -0.0119483   0.0959047    0.580524  8.13732e-05
4240  -0.0132175   0.0947708    0.580649  0.000127144
4250  -0.0144912   0.0936329  -0.0267948  0.000127587
4260  -0.0157692    0.092491    0.548517  0.000124982
4270  -0.0169908   0.0913997    0.261142  5.82427e-05
4280  -0.0169341   0.0914503    0.548299  1.26737e-05
4290  -0.0172443   0.0911732    0.900031  4.33323e-05
4300  -0.0178007    0.090676    0.452497  2.81122e-05
4310  -0.0178065   0.0906709    0.931882  5.59352e-05
4320  -0.0189194   0.0896766    0.740028  4.98746e-05
4330   -0.018804   0.0897797    0.484192  3.86741e-06
4340  -0.0189968   0.0896075    0.740059  1.62188e-05
4350  -0.0191284   0.0894899     0.70774  3.79629e-05
4360   -0.019756   0.0889291     0.96342  2.56445e-05
4370  -0.0196413   0.0890317    0.579744  7.24231e-05
4380  -0.0212045    0.087635    0.356195  6.63044e-05
4390  -0.0209674   0.0878469    0.515949  2.30304e-05
4400  -0.0216651   0.0872235    0.356289  5.74037e-05
4410  -0.0221154   0.0868212    0.196535  5.13711e-05
4420  -0.0226925   0.0863056    0.739872  1.70486e-05
4430  -0.0224564   0.0865166     0.70774  4.85995e-05
4440  -0.0236645   0.0854372    0.484066  5.17918e-05
4450  -0.0234922   0.0855911    0.260424  1.74197e-05
4460  -0.0240129    0.085126    0.356351  -1.53156e-06
4470  -0.0234616   0.0856185    0.324251  -4.60334e-06
4480  -0.0239208   0.0852082    0.643914  8.72213e-05
4490   -0.025206     0.08406     0.22848  -4.63594e-06
4500  -0.0238281    0.085291    0.707178  2.74011e-05
4510  -0.0257541   0.0835704    0.228293  7.82014e-05
4520  -0.0253922   0.0838937   0.0683831  2.76047e-05
4530  -0.0263062   0.0830771    0.611688  3.39859e-05
4540  -0.0260719   0.0832864    0.579682  1.17831e-05
4550  -0.0265418   0.0828666    0.451935  7.59823e-05
4560  -0.0275915   0.0819288    0.419959  5.36907e-05
4570  -0.0276156   0.0819072     0.51573  2.17508e-05
4580  -0.0280265   0.0815401    0.420022  5.4083e-05
4590  -0.0286973   0.0809408    0.164279  7.36693e-05
4600  -0.0294999   0.0802237    0.292306  -4.92144e-05
4610   -0.027713   0.0818202    0.707428  -2.9677e-05
4620  -0.0289064    0.080754    0.196348  9.02872e-05
4630  -0.0295187   0.0802069    0.164466  5.48327e-05
4640   -0.030003   0.0797743    0.164279  2.23955e-05
4650  -0.0299667   0.0798068     0.26005  7.81339e-05
4660  -0.0315657   0.0783781    0.388233  2.91212e-05
4670  -0.0305491   0.0792864    0.387953  1.30599e-05
4680  -0.0318269   0.0781448    0.643664  2.60522e-05
4690  -0.0310701   0.0788209    0.579744  -3.62776e-05
4700  -0.0311014    0.078793       1.027  3.28485e-05
4710  -0.0317271   0.0782339    0.995053  5.93865e-05
4720  -0.0322891   0.0777318    0.547643  3.31027e-05
4730  -0.0323891   0.0776425    0.835268  4.98733e-05
4740  -0.0332866   0.0768407    0.867306  3.33538e-05
4750  -0.0330562   0.0770465    0.739248  9.02567e-05
4760  -0.0350917   0.0752279     1.05897  0.000107082
4770  -0.0351979   0.0751331    0.931226  -2.28232e-05
4780  -0.0346352   0.0756358     1.05907  -1.94933e-05
4790   -0.034808   0.0754814     1.02718  -2.84538e-06
4800  -0.0345783   0.0756866    0.962984  -3.64723e-05
4810  -0.0340786   0.0761331     1.05904  -3.99578e-05
4820  -0.0337792   0.0764006    0.387672  -1.98619e-05
4830  -0.0336813    0.076488  -0.0598003  2.40484e-05
4840  -0.0342601   0.0759709    0.483536  4.44256e-05
4850  -0.0345698   0.0756942    0.259987  1.40406e-05
4860  -0.0345409     0.07572    0.291994  2.43451e-05
4870  -0.0350567   0.0752592    0.835206  6.53235e-05
4880  -0.0358474   0.0745528    0.994991  4.84627e-05
4890   -0.036026   0.0743932     1.09086  -4.03376e-05
4900  -0.0350407   0.0752735     1.41042  -5.06785e-05
4910  -0.0350124   0.0752988     1.76169  3.49917e-05
4920  -0.0357405   0.0746483     1.15468  6.26164e-05
4930  -0.0362647   0.0741799     1.12271  7.32396e-05
4940  -0.0372053   0.0733396    0.803449  4.3124e-06
4950   -0.036351   0.0741029    0.835112  -1.97515e-05
4960  -0.0368103   0.0736925     0.83505  -1.30188e-05
4970  -0.0360906   0.0743355    0.643196  -2.68703e-05
4980  -0.0362728   0.0741727    0.483474  -6.14654e-06
4990  -0.0359677   0.0744453    0.515387  1.45772e-05
