Time   C(t)   
ps   
0           1           1  1.38489e-10   0.0492033
10    0.527244    0.530208   -0.309908   0.0292798
20    0.414404    0.418076    -3.90393  0.00935628
30    0.340119    0.344256    -2.62331  0.00653307
40    0.283743    0.288234    -1.58759  0.00486476
50    0.242823    0.247571    0.743371   0.0036978
60    0.209787    0.214741    0.291185  0.00317408
70    0.179342    0.184487     2.32555  0.00267317
80    0.156323    0.161613      2.3721  0.00194165
90    0.140509    0.145898     2.61729  0.00161269
100     0.12407    0.129561     1.62025  0.00145529
110    0.111403    0.116974    0.174769  0.00116415
120    0.100787    0.106425    0.869427  0.00096607
130   0.0920814   0.0977739    0.718601  0.000754929
140    0.085688   0.0914206     1.01491  0.000704506
150   0.0779912   0.0837721    0.865056  0.000623924
160   0.0732095   0.0790204     1.11268  0.000493575
170   0.0681197   0.0739625     1.21214  0.000457251
180   0.0640645   0.0699327   -0.480136  0.000316254
190   0.0617946    0.067677   -0.382176  0.000202266
200   0.0600192   0.0659127    -1.47722  0.000327511
210   0.0552444   0.0611679    0.363307  0.000378012
220   0.0524589   0.0583999    -2.17295  0.000153783
230   0.0521688   0.0581115    0.312336  0.000216808
240   0.0481228   0.0540909   -0.881642  0.000307291
250   0.0460229   0.0520042    0.460588  0.000157501
260   0.0449727   0.0509606   -0.136741  0.000193022
270   0.0421625    0.048168    0.907771  0.000173214
280   0.0415085    0.047518    0.608256  0.000198863
290   0.0381852   0.0442157   -0.634798  0.000252046
300   0.0364675   0.0425087   -0.884458  0.000202198
310   0.0341413   0.0401971    0.806508  0.000189958
320   0.0326684   0.0387334    0.607188  8.9317e-05
330   0.0323549   0.0384219     1.05529  -5.71549e-05
340   0.0338115   0.0398693     1.00515  2.38543e-05
350   0.0318779   0.0379478     1.00525  0.000132724
360    0.031157   0.0372315    0.458159  -1.66571e-05
370    0.032211   0.0382789     1.50175  8.50097e-05
380   0.0294568    0.035542     1.40267  0.000135855
390   0.0294939   0.0355788    0.954031  -8.81543e-06
400   0.0296331   0.0357172     1.35219  -4.95995e-05
410   0.0304859   0.0365646     1.15291  6.00195e-05
420   0.0284327   0.0345243    -0.33917  0.000185111
430   0.0267837   0.0328856    0.157819  0.000162516
440   0.0251824   0.0312943   -0.090675  7.32936e-05
450   0.0253178   0.0314289  -0.0414036  9.50852e-06
460   0.0249922   0.0311054    0.207868  -1.3574e-05
470   0.0255893   0.0316987  -0.0417438  1.21127e-05
480     0.02475   0.0308646   -0.289849  3.00515e-05
490   0.0249883   0.0311014   -0.488538  -3.67081e-05
500   0.0254841   0.0315942    0.704274  3.0177e-05
510   0.0243847   0.0305017    0.852865  0.000120375
520   0.0230766   0.0292018     1.05189  0.000128364
530   0.0218174   0.0279505    0.056848  4.59716e-05
540   0.0221572   0.0282881   -0.291258  3.8397e-05
550   0.0210495   0.0271873    0.803303  5.65251e-05
560   0.0210267   0.0271647    0.852574  2.56032e-05
570   0.0205374   0.0266785    0.554128  1.26647e-05
580   0.0207734    0.026913   -0.788684  3.09072e-05
590   0.0199193   0.0260642   -0.440529  -1.58798e-05
600    0.021091   0.0272286     1.00165  -1.32013e-05
610   0.0201833   0.0263266     1.39971  5.69976e-05
620   0.0199511   0.0260958    0.753643  -6.02016e-05
630   0.0213873   0.0275231  -0.0424234  -8.02791e-06
640   0.0201116   0.0262553   -0.987615  8.32832e-05
650   0.0197217   0.0258679    -1.13718  3.90303e-05
660    0.019331   0.0254796    -0.68951  0.000136025
670   0.0170012   0.0231644   -0.341307  2.60928e-05
680   0.0188091   0.0249611    0.155537  5.36991e-06
690   0.0168938   0.0230577    0.553691  9.97775e-05
700   0.0168136    0.022978   -0.490529  -5.51076e-05
710   0.0179959   0.0241529   0.0555851  -5.25265e-05
720   0.0178641    0.024022    0.205197  3.16473e-05
730    0.017363   0.0235239   -0.491064  5.8086e-05
740   0.0167024   0.0228675     0.45374  3.97123e-05
750   0.0165687   0.0227347   0.0557794  1.33788e-05
760   0.0164348   0.0226016  0.00573104  1.87003e-05
770   0.0161947    0.022363    0.552525  3.46404e-05
780    0.015742   0.0219132   -0.193395  4.7969e-05
790   0.0152353   0.0214097     0.30374  1.35403e-05
800   0.0154712   0.0216441   -0.392861  -1.03221e-05
810   0.0154418   0.0216148   -0.591792  2.42454e-05
820   0.0149863   0.0211622   -0.044512  -3.16859e-05
830   0.0160755   0.0222445   -0.343395  -6.1014e-05
840   0.0162066   0.0223748    0.402963  2.15901e-05
850   0.0156437   0.0218155     0.45238  7.2395e-05
860   0.0147587    0.020936    0.402574  1.36548e-05
870   0.0153706   0.0215441   -0.193686  -1.30261e-05
880   0.0150192   0.0211949  -0.0439778  -1.84742e-05
890   0.0157401   0.0219112      0.3034  4.06213e-05
900   0.0142068   0.0203875    0.900048  0.000153497
910   0.0126701   0.0188605     0.75102  5.42584e-05
920   0.0131216   0.0193092     1.24835  -1.01754e-05
930   0.0128737   0.0190628     1.19845  7.33757e-05
940   0.0116541   0.0178509    0.551991  8.69878e-05
950   0.0111339   0.0173339     1.49665  -4.6893e-06
960   0.0117479   0.0179441     1.29718  -1.54636e-05
970   0.0114432   0.0176413    0.999077  5.76002e-05
980   0.0105959   0.0167993     0.60136  5.76985e-05
990   0.0102892   0.0164945     1.09845  1.16975e-05
1000   0.0103619   0.0165668    0.849951  1.17453e-05
1010   0.0100543   0.0162611    0.501457  -1.54628e-05
1020   0.0106712   0.0168741   -0.493249  9.07225e-06
1030  0.00987285   0.0160808   -0.990918  3.9015e-05
1040   0.0098909   0.0160987   -0.642909  3.09564e-05
1050  0.00925372   0.0154655    0.401748  1.18541e-05
1060  0.00965382   0.0158631    0.650583  -9.95267e-06
1070  0.00945278   0.0156633   -0.543152  -2.09654e-05
1080   0.0100731   0.0162798   -0.791986  -5.11359e-05
1090   0.0104755   0.0166796   -0.543589  -3.75357e-05
1100   0.0108238   0.0170258   -0.294852  3.38468e-05
1110  0.00979856    0.016007   0.0534483  7.51233e-05
1120  0.00932137   0.0155328   -0.642763  5.32842e-05
1130  0.00873287    0.014948    0.103497  6.99465e-05
1140  0.00792244   0.0141426   -0.543492  4.80022e-05
1150  0.00777283   0.0139939   -0.642715  -5.68964e-05
1160  0.00906037   0.0152734  -0.0460175  -6.24793e-05
1170  0.00902242   0.0152357    0.451165  2.31931e-05
1180  0.00859651   0.0148124      0.3517  1.76752e-05
1190  0.00866891   0.0148844   -0.245046  -3.50165e-05
1200  0.00929684   0.0155084   -0.244949  -2.1164e-05
1210  0.00909219    0.015305    0.152428  3.71868e-05
1220   0.0085531   0.0147693    0.103011  1.21759e-05
1230  0.00884868    0.015063   -0.245338  1.78311e-05
1240  0.00819648   0.0144149    0.451068  3.7366e-05
1250  0.00810136   0.0143204    0.152477  -2.12318e-05
1260  0.00862111   0.0148369    0.898349  -2.68433e-05
1270  0.00863822   0.0148539    0.848883   6.695e-06
1280  0.00848721   0.0147038    0.302088  -2.41601e-05
1290  0.00912142   0.0153341    0.401311  -0.000111245
1300   0.0107121   0.0169148     0.59966  -2.14601e-05
1310  0.00955063   0.0157606    0.252088  4.58999e-05
1320  0.00979412   0.0160025    0.102623  -4.64888e-06
1330   0.0096436    0.015853   -0.245337  -3.85435e-05
1340    0.010565   0.0167686    0.400826  -7.49338e-06
1350  0.00979347   0.0160019   -0.394998  1.50173e-05
1360   0.0102646   0.0164701      0.3017  -1.60241e-05
1370    0.010114   0.0163204    0.599806  2.07557e-05
1380  0.00984953   0.0160576   -0.196018  -1.89367e-05
1390   0.0104927   0.0166967   -0.245969  4.92678e-05
1400  0.00886417   0.0150784    0.301603  0.000103302
1410  0.00842665   0.0146436     0.25204  2.10172e-05
1420  0.00844383   0.0146607   -0.294998  -4.44914e-05
1430  0.00931648   0.0155279     -0.4449  2.96791e-05
1440  0.00785024   0.0140709    0.450437  0.000112496
1450  0.00706656   0.0132921    -0.14626  9.78671e-06
1460  0.00765451   0.0138764     0.40068  -4.45401e-05
1470  0.00795736   0.0141773    0.350874  2.70436e-05
1480  0.00711364   0.0133389      0.2017  -1.60336e-05
1490  0.00827803    0.014496   -0.643832  -2.17043e-05
1500  0.00754772   0.0137702   -0.593978  6.73608e-05
1510  0.00693081   0.0131572    0.400923  6.46449e-05
1520  0.00625483   0.0124854   -0.047086  8.49902e-05
1530  0.00523101    0.011468   -0.793346  3.60657e-05
1540  0.00553351   0.0117687   -0.593881  -1.8718e-05
1550  0.00560537   0.0118401   -0.594269  2.4655e-05
1560  0.00504041   0.0112786    0.151943  2.46764e-05
1570  0.00511184   0.0113496    0.599369  7.35917e-06
1580  0.00489323   0.0111324    0.847863  2.76984e-05
1590  0.00455787   0.0107991   -0.245823  -3.91523e-05
1600  0.00567628   0.0119105   -0.494755  -3.62467e-05
1610  0.00528281   0.0115195   -0.295969  1.89821e-05
1620  0.00529663   0.0115333   -0.295969  4.45421e-06
1630  0.00519372    0.011431    0.450291  -3.35422e-05
1640  0.00596748   0.0121999    0.997232  1.54877e-06
1650  0.00516275   0.0114002    0.350971  1.61087e-05
1660   0.0056453   0.0118797    0.947863  -3.65803e-05
1670  0.00589435   0.0121272      1.0966  4.26198e-05
1680  0.00479291   0.0110327    0.748737  2.7938e-05
1690  0.00533559    0.011572    0.251166  -1.31143e-05
1700  0.00505519   0.0112933     0.64932  5.16547e-05
1710   0.0043025   0.0105454    0.848154  7.53614e-05
1720  0.00354797  0.00979555    0.201457  2.8266e-05
1730  0.00373718  0.00998358     0.30068  -1.59862e-05
1740  0.00386769   0.0101133     0.20136  -2.19519e-05
1750  0.00417622   0.0104199    0.201165  -1.23504e-06
1760  0.00389239   0.0101378  -0.0973287  -1.27445e-06
1770  0.00420171   0.0104452    0.151214  2.84875e-05
1780  0.00332264  0.00957164     0.15102  6.42023e-05
1790  0.00291766   0.0091692    -0.29626  -1.30946e-05
1800  0.00358453  0.00983189   -0.545143  -3.09641e-05
1810  0.00353694   0.0097846    0.151408  -1.31591e-05
1820  0.00384771   0.0100934   -0.743832  -1.20519e-06
1830  0.00356105  0.00980855   -0.743929  -1.32238e-05
1840  0.00411219   0.0103562   -0.644609  -1.0206e-05
1850  0.00376517   0.0100114   -0.594463  -2.22947e-05
1860  0.00455808   0.0107993   -0.445532  -4.33198e-05
1870  0.00463156   0.0108724   -0.345969  -4.34762e-06
1880  0.00464504   0.0108857   -0.544609  4.67724e-06
1890  0.00453802   0.0107794   -0.793298  2.57995e-05
1900  0.00412905    0.010373   -0.743346  3.49063e-05
1910  0.00383989   0.0100857   -0.594026  5.31463e-05
1920  0.00306612  0.00931673  -0.0470374  2.59955e-05
1930  0.00331998    0.009569    -0.54422  1.39962e-05
1940   0.0027862  0.00903856   -0.245823  -7.26737e-06
1950  0.00346533  0.00971344   -0.196163  -1.63283e-05
1960  0.00311276  0.00936308    0.151603  2.61712e-05
1970  0.00294191  0.00919329    0.251166  -1.0316e-05
1980  0.00331908  0.00956811    0.350243  2.93531e-05
1990  0.00235484  0.00860991    0.847669  6.29435e-05
2000  0.00206021  0.00831713    0.200826  -1.3318e-05
2010   0.0026212   0.0088746    0.996552  -1.94225e-05
2020  0.00244866  0.00870314    0.201166  -1.33854e-05
2030  0.00288891  0.00914063   0.0514085  -2.56598e-05
2040  0.00296186  0.00921312   -0.147377  1.11384e-05
2050  0.00266614  0.00891926  0.00169982  2.03759e-05
2060  0.00255434  0.00880816   -0.147426  3.58471e-05
2070   0.0019492  0.00820681     0.30034  1.96648e-06
2080  0.00251501  0.00876908    0.200971  -1.03124e-05
2090  0.00215545  0.00841177    0.449563  2.05356e-05
2100   0.0021043  0.00836094    0.101263  -4.16993e-06
2110  0.00223885  0.00849464   -0.246989  5.13458e-06
2120  0.00200161  0.00825889  -0.0481059  1.44391e-05
2130  0.00195007  0.00820767    0.101117  -7.27505e-06
2140  0.00214711  0.00840348   -0.147329  -3.84078e-05
2150  0.00271822  0.00897101    -0.14728  -5.09499e-05
2160   0.0031661  0.00941609    0.101457  -1.98784e-05
2170  0.00311579  0.00936609    -0.14762  4.25368e-05
2180  0.00231537  0.00857069    0.250534  6.13713e-05
2190  0.00188836  0.00814636    0.200729  4.27554e-05
2200  0.00146026  0.00772094    0.101506  8.05084e-05
2210  0.000278194  0.00654628   -0.246503  2.72702e-05
2220  0.000914856  0.00717895   -0.246454  -3.54429e-05
2230  0.000987053   0.0072507  -0.0478145  -1.66763e-05
2240  0.00124838  0.00751039    0.151117  -4.82386e-05
2250  0.00195182  0.00820942  -0.0478144  -4.51777e-05
2260  0.00215194  0.00840828   -0.445483  -1.06859e-06
2270   0.0019732  0.00823066   -0.196892  1.15655e-05
2280  0.00192063  0.00817842   -0.296212  5.26462e-06
2290   0.0018679  0.00812603   -0.296406  8.45236e-06
2300  0.00175158  0.00801043   -0.097523  -1.06358e-06
2310  0.00188918  0.00814716    0.499126  3.39509e-05
2320  0.00107256  0.00733567   -0.445726  -4.25483e-06
2330  0.00197427  0.00823173   -0.147426  8.60692e-06
2340  0.000900423  0.00716461    -0.19728  4.68325e-05
2350  0.00103762  0.00730095    -0.19728  1.82474e-05
2360  0.000535475  0.00680195    0.349806  4.70779e-05
2370  9.60638e-05   0.0063653   -0.197523  4.39989e-05
2380  -0.000344502  0.00592749   0.0511657  2.16364e-05
2390  -0.000336665  0.00593528   -0.048203  -1.04309e-05
2400  -0.000135884   0.0061348     -0.3466  -4.58615e-05
2410  0.000580565  0.00684676    0.299903  -6.85153e-05
2420  0.00123442  0.00749652    0.200534  -8.16127e-05
2430  0.00221282  0.00846878   -0.247037  -6.88779e-05
2440  0.00261198  0.00886544  -0.0980572  2.47643e-05
2450  0.00171753   0.0079766   -0.395969  -1.09062e-05
2460  0.00283011   0.0090822   -0.595046  -4.97449e-05
2470  0.00271243  0.00896526   -0.396406  2.8031e-05
2480  0.00226949  0.00852509  -0.0483001  1.18143e-05
2490  0.00247614  0.00873045   -0.744706  2.81802e-05
2500  0.00170588  0.00796502  0.00150572  7.38665e-05
2510  0.000998815  0.00726239    0.200534  3.1598e-05
2520  0.00107392  0.00733702   0.0016029  -2.38777e-05
2530  0.00147637  0.00773695  -0.0979115  8.83736e-06
2540  0.000897174  0.00716138   -0.197572  -1.04493e-06
2550  0.00149727  0.00775771    -0.24728  -3.38137e-05
2560  0.00157345  0.00783342   -0.396406  -2.73623e-05
2570  0.00204451  0.00830153  0.00150558  2.8578e-05
2580  0.00100189  0.00726544  0.00165142  5.82334e-05
2590  0.000879845  0.00714416   -0.346746  -2.74063e-05
2600  0.00155001  0.00781013    0.150631  -3.40403e-05
2610  0.00156065   0.0078207         0.3  -2.75547e-05
2620  0.00210111  0.00835777   -0.297183  -1.43309e-05
2630  0.00184727  0.00810552    -0.14796  -1.44237e-05
2640  0.00238958  0.00864443    0.448834  1.55142e-05
2650  0.00153699  0.00779718   0.0511656  -1.45023e-05
2660  0.00267963  0.00893266    0.647863  -8.44156e-05
2670   0.0032253  0.00947491   -0.297134  -3.46117e-05
2680  0.00337186  0.00962055   -0.297086  -2.80477e-05
2690  0.00378625   0.0100323   -0.197377  -1.47162e-05
2700  0.00366619  0.00991303   -0.296989  1.87278e-05
2710   0.0034117  0.00966014   -0.247329  7.91909e-05
2720  0.00208237  0.00833915     0.25068  7.59731e-05
2730  0.00189223   0.0081502     0.20068  2.2101e-06
2740  0.00203817  0.00829522  0.00155421  5.60979e-06
2750  0.00178004  0.00803871    0.449126  -7.90373e-06
2760  0.00219624   0.0084523   -0.446212  2.25407e-05
2770  0.00132922  0.00759072   -0.396212  1.5745e-05
2780  0.00188134  0.00813938   -0.197572  -6.54559e-05
2790  0.00263834  0.00889163    0.100874  -2.48956e-05
2800  0.00237925  0.00863417  -0.0979115  3.61413e-05
2810  0.00191552  0.00817334   -0.495532  5.32452e-05
2820  0.00131435  0.00757594    -0.54558  2.61187e-05
2830  0.00139314  0.00765424   -0.645046  3.30649e-05
2840  0.000653051  0.00691879   0.0511171  2.96823e-05
2850  0.000799496  0.00706432    -0.14796   1.956e-05
2860  0.000261851  0.00653004   -0.744658  3.32761e-05
2870  0.000133974  0.00640297   -0.595338  -3.52443e-05
2880  0.000966736  0.00723051    0.399029  -5.93347e-05
2890  0.00132067  0.00758222    0.448737  -1.13503e-05
2900  0.00119374  0.00745609  0.00135991  2.6497e-05
2910  0.000790727   0.0070556   -0.595483  6.79708e-05
2920  -0.000165675   0.0061052   0.0511171  4.39292e-05
2930  -8.78572e-05  0.00618253        0.25  -4.33147e-06
2940  -7.90452e-05  0.00619128  0.00145691  1.64485e-05
2950  -0.000416828  0.00585562   -0.098203  -2.17119e-05
2960  0.000355193   0.0066228   -0.197523  -2.16946e-05
2970  1.7065e-05  0.00628679    0.498592  5.47471e-05
2980  -0.00073975  0.00553472   0.0509228  5.13874e-05
2990  -0.00101068  0.00526549   -0.247377  -4.28675e-06
3000  -0.000654015  0.00561992    -0.49626  -7.75012e-06
3010  -0.000855682  0.00541952   -0.247717  -1.13131e-05
3020  -0.000427752  0.00584476    0.200097  -2.53244e-05
3030  -0.000349193  0.00592283    0.150291  -7.86722e-06
3040  -0.000270408  0.00600112    0.249757  4.48516e-05
3050  -0.00124623  0.00503142    0.498397  4.84261e-05
3060  -0.00123893  0.00503867    0.498349  -4.2568e-06
3070  -0.00116109  0.00511602   0.0507285  -1.83893e-05
3080  -0.000871143  0.00540415   -0.446697  -1.84274e-05
3090  -0.000792542  0.00548226   -0.048883  -7.87132e-06
3100  -0.000713717  0.00556059   -0.197863  9.83949e-06
3110  -0.000989331  0.00528671   -0.148252  2.04978e-05
3120  -0.00112367  0.00515321   -0.247669  1.34537e-05
3130  -0.0012584  0.00501932  -0.0484944  2.77418e-05
3140  -0.00167851  0.00460185    -0.34694  -7.37316e-07
3150  -0.00124366  0.00503397    -0.34728  -3.9976e-05
3160  -0.000878989  0.00539636   -0.197766  -5.79875e-05
3170  -8.39093e-05  0.00618645    0.100486  -4.73766e-05
3180  6.8543e-05  0.00633795  -0.0487372  -4.75631e-05
3190  0.000867352  0.00713175    0.100631  -4.04682e-05
3200  0.000877907  0.00714224    0.100826  -4.06454e-05
3210  0.00168026  0.00793956   -0.148009  -5.51238e-05
3220  0.00198038   0.0082378   -0.148057  -1.18012e-06
3230  0.00170386  0.00796301    -0.44626  2.04633e-05
3240  0.00157112   0.0078311    -0.14796  4.58763e-05
3250  0.000786336  0.00705124    0.299903  5.6841e-05
3260  0.000434296  0.00670141    0.449029  2.79939e-05
3270  0.000226457  0.00649487    0.498543  2.63278e-06
3280  0.00038164  0.00664908     0.34932  2.4519e-05
3290  -0.000263923  0.00600757  0.00135991  1.35905e-05
3300  0.000109831  0.00637898   -0.098203  -4.10837e-05
3310  0.000557752  0.00682409   -0.347086  -5.21758e-05
3320  0.00115335  0.00741595   -0.546017  -1.56844e-05
3330  0.000871441  0.00713581  -0.0982515  2.08947e-05
3340  0.000735454  0.00700068   -0.297183  -1.07982e-06
3350  0.000893037  0.00715727   -0.247426  3.20611e-05
3360  9.42316e-05  0.00636347   -0.446406  3.94574e-05
3370  0.000103889  0.00637307   -0.446406  2.85636e-05
3380  -0.00047704  0.00579578  -0.0486401  2.72664e-06
3390  4.93566e-05  0.00631888    0.249514  -3.0504e-05
3400  0.000133041  0.00640204   -0.496455  1.38678e-05
3410  -0.000227999  0.00604326     -0.4966  4.73003e-05
3420  -0.000812965  0.00546197   -0.496406  2.13911e-05
3430  -0.00065582  0.00561813   -0.446794  -2.69136e-05
3440  -0.000274693  0.00599686   -0.198203  -4.1902e-05
3450  0.00018222  0.00645091   -0.446892  -2.33419e-05
3460  0.000192146  0.00646077   -0.695337  -1.22208e-05
3470  0.000426635  0.00669379    -0.49626  -3.0981e-05
3480  0.000811765  0.00707651   -0.595774  2.71893e-06
3490  0.000372257  0.00663976     -0.1483  6.42344e-06
3500  0.000683296  0.00694885     0.10034  1.02664e-05
3510  0.000166929  0.00643572    0.100631  -1.07907e-06
3520  0.000704877  0.00697029    0.349271  -5.01011e-05
3530  0.00116895  0.00743146    0.448543  -5.40449e-05
3540  0.00178578  0.00804441  -0.0983487  -2.38915e-05
3550  0.00164678  0.00790629    -0.54592  3.66884e-05
3560  0.00105201  0.00731525        0.25  3.29666e-05
3570  0.000987449  0.00725109  -0.0484944  -4.95315e-06
3580  0.00115107  0.00741369    0.249708  3.31724e-05
3590  0.000324002   0.0065918    0.249951   5.229e-05
3600  0.000105271  0.00637444  -0.0485916  -3.92804e-05
3610  0.00110961  0.00737249    0.398883  2.82472e-06
3620  4.87765e-05   0.0063183    0.150437  5.63788e-05
3630  -1.79661e-05  0.00625198   -0.148009  -1.63687e-05
3640  0.000376151  0.00664363    -0.29728  1.05543e-05
3650  -0.000229052  0.00604222   -0.496212  1.82173e-05
3660  1.1805e-05  0.00628156    -0.29728  2.89988e-06
3670  -0.00028705  0.00598458   -0.147912  1.83327e-05
3680  -0.00035485  0.00591721    -0.24762  -1.25725e-05
3690   -3.56e-05  0.00623446   -0.496163  3.78435e-05
3700  -0.00111172  0.00516508   -0.197766  3.00826e-05
3710  -0.000637252  0.00563658   -0.347134  -4.71889e-06
3720  -0.00101734  0.00525887   -0.446649  -2.42892e-05
3730  -0.000151469  0.00611931   -0.446503  -5.54965e-05
3740  9.25887e-05  0.00636184    0.100486  4.20234e-05
3750  -0.000991938  0.00528412    0.200097  5.38002e-05
3760  -0.000983415  0.00529258    0.100389  1.09138e-05
3770  -0.00121021  0.00506721   -0.347086  2.27163e-05
3780  -0.00143774  0.00484111    0.349126  1.8854e-05
3790  -0.00158729  0.00469249  0.000922732  -7.86263e-07
3800  -0.00142202  0.00485673    0.249514  1.50283e-05
3810  -0.00188786  0.00439381  0.000874166  3.47971e-05
3820  -0.00211796  0.00416515   0.0507285  -4.67711e-06
3830  -0.00179432  0.00448677    0.199806  -2.05154e-05
3840  -0.00170765  0.00457289   -0.098543  -3.25216e-05
3850  -0.00114389  0.00513312    0.547863  -1.66692e-05
3860  -0.00137426  0.00490419   -0.198106  1.11165e-05
3870  -0.00136622  0.00491218   -0.148349  -8.79216e-06
3880  -0.00119842  0.00507893     -0.1983  1.51888e-05
3890  -0.00166999  0.00461031    -0.09864  3.12105e-05
3900  -0.00182263  0.00445863   -0.198057  3.13392e-05
3910  -0.00229678  0.00398746   -0.198057  -2.08343e-05
3920  -0.00140595   0.0048727    0.199854  -6.50743e-05
3930  -0.00099529  0.00528078    0.150049  1.53209e-05
3940  -0.00171236  0.00456821     0.64762  7.20005e-06
3950  -0.00113929  0.00513769    0.100486  -8.85261e-06
3960  -0.00153531  0.00474415    0.348883  7.24759e-06
3970  -0.00128424  0.00499364     0.39864  -2.10894e-05
3980  -0.00111353  0.00516329   0.0505342  -2.11663e-05
3990  -0.000860917  0.00541431    0.349223  -4.56667e-05
4000  -0.000200191   0.0060709    0.100437  -3.7626e-05
4010  -0.000108397  0.00616212    0.249757  -1.02171e-06
4020  -0.000179757   0.0060912    0.100486  -1.74117e-05
4030  0.000239837  0.00650817    0.249563  1.5372e-05
4040  -0.000487197  0.00578569  -0.0487372  4.81836e-05
4050  -0.000723835  0.00555054     0.10034  6.89569e-05
4060  -0.00186633   0.0044152    -0.49626  4.85085e-05
4070  -0.00169401  0.00458645   -0.297232  -9.00615e-06
4080  -0.00168621  0.00459419   -0.297232  -1.73202e-05
4090  -0.0013476  0.00493068   0.0509713  -2.56346e-05
4100  -0.00117352  0.00510367   -0.346746  -3.40334e-05
4110  -0.000666933  0.00560708   -0.148397  -6.73682e-05
4120  0.000173844  0.00644259   -0.297572  -3.84282e-05
4130  0.00010163  0.00637083  0.000922875  -1.77868e-05
4140  0.00052958  0.00679609  0.000874295  -5.27313e-06
4150  0.000207093  0.00647563  -0.0487372  4.48571e-05
4160  -0.000367563  0.00590458    0.249611  3.07389e-06
4170  0.000145615  0.00641454    0.150146  -7.65988e-05
4180  0.00116441  0.00742695    0.150194  -4.73771e-05
4190  0.00109316  0.00735614    0.150291  2.3991e-05
4200  0.000684593  0.00695013  -0.0488344  5.35883e-05
4210  2.13916e-05  0.00629109   -0.496357  7.24544e-06
4220  0.000539684  0.00680613   -0.297426  -2.22728e-05
4230  0.000466848  0.00673375   -0.297426  2.85086e-05
4240  -3.04866e-05  0.00623954   -0.148057  7.32137e-06
4250  0.00032042  0.00658824  -0.0488343  2.01926e-05
4260  -0.000434338  0.00583822  0.00106857  4.57546e-05
4270  -0.000594673  0.00567889    0.299563  7.51727e-06
4280  -0.000584684  0.00568882  -0.0484458  -3.5238e-05
4290  0.000110088  0.00637923   -0.396794  -4.38761e-05
4300  0.000292838  0.00656084   -0.346989  1.60505e-05
4310  -0.000210921  0.00606023   -0.545775  7.44211e-06
4320  0.000143995  0.00641293   -0.148349  -5.27937e-05
4330  0.000844952  0.00710949  -0.0984458  -2.7045e-05
4340  0.000684895  0.00695043   -0.247669  2.90095e-05
4350  0.000264763  0.00653294    0.100389  4.20876e-05
4360  -0.000156856  0.00611396   -0.297474  2.92153e-05
4370  -0.000319544  0.00595229    0.349077  2.49944e-05
4380  -0.000656744  0.00561721    0.349174  2.07121e-05
4390  -0.000733786  0.00554065    0.896163  7.71809e-06
4400  -0.000811106  0.00546381    0.896212  -2.28548e-05
4410  -0.000276689  0.00599488    0.647474  -4.47789e-05
4420  8.44725e-05  0.00635378    0.348883  -1.8632e-05
4430  9.59509e-05  0.00636518    0.149952  4.28011e-05
4440  -0.00077155  0.00550312  -0.0488343  4.72792e-05
4450  -0.000849634  0.00542553  0.000874287  1.22334e-05
4460  -0.00101622  0.00525999   -0.148106  -3.63388e-05
4470  -0.000122857  0.00614775  -0.0488343  -9.81291e-06
4480  -0.000819959  0.00545502   -0.496406  4.32271e-05
4490  -0.000987399  0.00528863    0.150146  1.67742e-05
4500  -0.00115544  0.00512163    0.100437  7.9328e-06
4510  -0.00114606  0.00513096   -0.148446  1.24373e-05
4520  -0.00140419  0.00487445   -0.595823  -1.88138e-05
4530  -0.00076978  0.00550488   -0.197912  -2.77521e-05
4540  -0.000849146  0.00542601   -0.347037  -1.89517e-05
4550  -0.000390747  0.00588154   -0.297134  -2.79562e-05
4560  -0.000290023  0.00598163   -0.247523  3.41042e-06
4570  -0.000458955  0.00581376    -0.54592  1.24155e-05
4580  -0.000538333  0.00573488   -0.446357  7.95246e-06
4590  -0.000618004   0.0056557   -0.844366  -1.01194e-05
4600  -0.000335945  0.00593599   -0.695337  -1.0558e-06
4610  -0.000596888  0.00567669   -0.496357  3.43195e-06
4620  -0.000404584  0.00586779   -0.397086  -6.93231e-05
4630  0.000789574  0.00705446     -0.1483  -7.86064e-05
4640  0.00116754  0.00743006   -0.297474  1.2376e-05
4650  0.000542054  0.00680849     0.15034  3.52092e-05
4660  0.000463359  0.00673029    0.349126  -5.87026e-06
4670  0.000659459  0.00692516    0.100437  -1.96466e-05
4680  0.000856292  0.00712076    0.299271  -1.97204e-05
4690  0.00105387  0.00731709     0.44864  -1.05735e-05
4700  0.00106776   0.0073309    0.150243  1.70855e-05
4710  0.000712156  0.00697752   -0.247912  4.48849e-05
4720  0.000170064  0.00643883   -0.247863  2.18526e-05
4730  0.000275103  0.00654321   -0.198106  8.05953e-06
4740  8.87293e-06  0.00627865   -0.546066  1.73644e-05
4750  -7.21854e-05   0.0061981     -0.1483  -1.05328e-05
4760  0.000219529  0.00648799   -0.446843  4.08593e-05
4770  -0.000889371  0.00538604  0.000922823  3.1519e-05
4780  -0.000410851  0.00586156    0.199757  -5.73062e-06
4790  -0.000774758  0.00549993    0.100291  -1.13441e-06
4800  -0.000388162   0.0058841         0.2   3.642e-06
4810  -0.000847598  0.00542755   -0.198057  3.18797e-05
4820  -0.00102576  0.00525051   -0.645629  -1.05653e-06
4830  -0.000826468  0.00544855   -0.496406  1.31835e-05
4840  -0.00128943  0.00498849   -0.347377  8.42542e-06
4850  -0.000994976   0.0052811   -0.446649  3.70572e-05
4860  -0.00203057  0.00425199   -0.546357  4.18357e-05
4870  -0.00183169  0.00444963   -0.546357  -8.35699e-07
4880  -0.00201386   0.0042686   -0.148494  -2.95692e-05
4890  -0.00124031   0.0050373   -0.596066  3.94924e-06
4900  -0.00209284  0.00419011  -0.0986401  2.30088e-05
4910  -0.00170048  0.00458001   -0.446843  -1.52612e-05
4920  -0.00178762  0.00449342        0.15  -2.01886e-05
4930  -0.00129671  0.00498125   -0.347086  8.76506e-06
4940  -0.00196292  0.00431922    -0.49626  -1.06705e-05
4950  -0.0010833  0.00519333   -0.496454  -7.84394e-05
4960  -0.00039413  0.00587817   -0.546309  -1.07555e-05
4970  -0.000868189  0.00540709   -0.397086  4.75005e-05
4980  -0.00134414  0.00493412   -0.397183  3.30573e-05
4990  -0.00152934  0.00475009   -0.397232  1.86142e-05
