Time   C(t)   
ps   
0           1           1  2.78797e-10   0.0223815
10    0.780415    0.799764    0.643261   0.0128962
20    0.742076    0.764803     1.89524  0.00341089
30    0.712198    0.737557   -0.646434  0.00270553
40    0.687965     0.71546   -0.293858  0.00227675
50    0.666663    0.696034   -0.134716  0.00200419
60    0.647882    0.678908    0.572227  0.00181746
70    0.630313    0.662888    -0.94092  0.00177606
80    0.612361    0.646517    0.313509  0.00174668
90     0.59538    0.631033    0.795366  0.00164578
100    0.579445    0.616502   0.0868206  0.00146978
110    0.565984    0.604227    0.953472  0.00140839
120    0.551277    0.590816   -0.462582  0.00146524
130     0.53668    0.577505    -1.36349  0.00126382
140    0.526001    0.567767   -0.978542  0.00110047
150     0.51467    0.557435    0.436066  0.00110263
160    0.503948    0.547657    0.628935   0.0011452
170    0.491766    0.536549   -0.368159  0.00103876
180    0.483173    0.528713   -0.144204  0.00100592
190    0.471648    0.518203    -0.59535  0.00117479
200    0.459677    0.507287   -0.692067  0.00100125
210    0.451623    0.499942  -0.0496859  0.000823833
220    0.443201    0.492262   -0.468834  0.000873065
230    0.434161     0.48402  -0.0831604  0.000848354
240    0.426233     0.47679    -1.98252  0.000830738
250    0.417547    0.468869   0.0766417  0.000926121
260    0.407711      0.4599    -1.43553  0.000786324
270     0.40182    0.454528   -0.922117  0.000687151
280    0.393968    0.447368   -0.215457  0.000752331
290    0.386774    0.440807   -0.151209  0.000666924
300     0.38063    0.435205   -0.441706  0.000598991
310    0.374794    0.429883  0.00824692  0.000687425
320    0.366881    0.422668  -0.0235941  0.000662033
330    0.361553    0.417809     1.16561  0.00053692
340    0.356143    0.412875     1.38982  0.000618368
350    0.349186    0.406531     1.84059  0.000639228
360    0.343358    0.401217     1.80834  0.000501081
370    0.339164    0.397393     0.84224  0.00051652
380    0.333028    0.391797      1.2927  0.000574864
390    0.327667    0.386909      1.0672  0.000450505
400    0.324018    0.383581     1.38794  0.000464128
410    0.318384    0.378444    0.326469  0.000608832
420    0.311841    0.372477     1.67758  0.000489439
430    0.308595    0.369518     0.77595  0.00035729
440    0.304695    0.365961     1.25793  0.000491473
450    0.298766    0.360554      1.7402  0.000474367
460    0.295208     0.35731    0.934904  0.000392345
470    0.290919    0.353399    0.516478  0.000387694
480    0.287454    0.350239     1.41654  0.000336014
490    0.284199    0.347271     1.83484  0.000376625
500    0.279921     0.34337     1.80209  0.000417309
510    0.275853     0.33966     1.12611  0.000380041
520    0.272321    0.336439     1.35063  0.000353581
530    0.268781    0.333212     1.28622  0.000376174
540    0.264797    0.329579    0.546026  0.000338674
550    0.262008    0.327035    0.996293  0.000255513
560    0.259687    0.324919     1.31731  0.000340095
570    0.255206    0.320832      1.5098  0.000349854
580     0.25269    0.318538     1.09204  0.000261003
590    0.249986    0.316072     1.05928  0.000254226
600    0.247605    0.313902    0.769887  0.000331841
610    0.243349     0.31002    0.898508  0.000299376
620    0.241618    0.308442    0.286271  0.000241331
630    0.238522    0.305619    -1.06472  0.000250969
640    0.236598    0.303865    0.221112  0.000234979
650    0.233823    0.301333   -0.968913  0.000263108
660    0.231336    0.299066    0.285203  0.000311678
670    0.227589    0.295649    0.285202  0.000349262
680    0.224351    0.292696   0.0925854  0.000203878
690    0.223512    0.291931    0.220075  0.000239625
700    0.219558    0.288326    0.348665  0.000367919
710    0.216153    0.285221    0.542098  0.000326052
720    0.213037     0.28238    0.284543  0.000311904
730    0.209915    0.279532    0.349042  0.000189802
740    0.209241    0.278918      1.9243   0.0001773
750    0.206369    0.276299    0.637559  0.000287548
760     0.20349    0.273674    0.637401  0.000241524
770    0.201539    0.271894    0.154665  0.000197258
780    0.199545    0.270076     0.47628  0.000265019
790    0.196238    0.267061    0.636742  0.000263651
800    0.194272    0.265268     1.24813  0.000234296
810    0.191552    0.262788    0.765677  0.000187873
820    0.190515    0.261842  -0.0716149  0.000128254
830    0.188987    0.260449    0.699764  0.000226294
840    0.185989    0.257715    0.893104  0.000117517
850    0.186637    0.258305    0.699576  9.53518e-05
860    0.184082    0.255976     1.31071  0.000218026
870    0.182276    0.254329     1.47146  0.000214757
880    0.179787    0.252059     0.86032  0.000222781
890    0.177821    0.250266     1.34255  0.000281978
900    0.174147    0.246916    0.923939  0.000274918
910    0.172322    0.245252     0.37727  0.000159897
920    0.170949       0.244   -0.395334  0.000167865
930    0.168965    0.242191    0.376484  0.000189126
940    0.167167    0.240551    0.022306  0.000216196
950    0.164641    0.238248    0.247424  0.000256652
960    0.162034     0.23587   -0.878322  0.000207616
970    0.160489    0.234461   -0.878699  0.000190958
980    0.158215    0.232387    -1.32953  0.000229575
990    0.155897    0.230274   0.0864907  0.000189881
1000    0.154417    0.228924  -0.0750707  0.000152028
1010    0.152857    0.227502   -0.621803  0.00020608
1020    0.150295    0.225166    -0.20388  0.000179591
1030    0.149265    0.224226   0.0847627  0.000164689
1040    0.147002    0.222162    0.600157  0.000301662
1050    0.143232    0.218725    0.117357  0.000223243
1060    0.142537    0.218091     1.33938  0.000189193
1070    0.139448    0.215274    0.921552  0.000226184
1080    0.138013    0.213966     1.75743  0.000130102
1090    0.136846    0.212902     1.78933  0.000207832
1100    0.133856    0.210176     1.69271  0.000227585
1110    0.132294    0.208751     2.04626  0.000195193
1120    0.129952    0.206616     1.53143  0.000148976
1130    0.129315    0.206034     1.94848  8.13566e-05
1140    0.128325    0.205132     2.20556  0.000151598
1150    0.126283    0.203269    0.822416  0.000204502
1160    0.124235    0.201402     1.24075  0.000214718
1170    0.121988    0.199353     1.14397  0.000148786
1180     0.12126    0.198689    0.499733  0.000213731
1190    0.117714    0.195455    0.918379  0.000172948
1200    0.117801    0.195535     1.01428  0.000138275
1210    0.114948    0.192933    0.950031  0.000197284
1220    0.113855    0.191937    0.177615  0.000178193
1230    0.111384    0.189684    0.209739  0.00020802
1240    0.109695    0.188143    0.660289  0.000175072
1250    0.107883    0.186491     1.49642  0.000193199
1260    0.105831    0.184619    0.563572  0.000187707
1270    0.104129    0.183067     1.33523  0.000182232
1280    0.102186    0.181296     1.23871  8.57227e-05
1290    0.102414    0.181504     1.30298  4.6451e-05
1300    0.101257    0.180449     1.68904  0.000137663
1310    0.099661    0.178993      1.4632  0.000169709
1320   0.0978627    0.177353    0.884307  0.000148238
1330   0.0966962     0.17629    0.916619  0.000152588
1340    0.094811    0.174571     1.20639  0.000212644
1350   0.0924434    0.172412    0.917059  0.000117409
1360   0.0924628    0.172429     1.20646  9.58629e-05
1370   0.0905261    0.170663     1.68885  0.000147925
1380   0.0895043    0.169732    0.691407  9.0304e-05
1390     0.08872    0.169016     1.78512  7.05034e-05
1400   0.0880942    0.168446     1.78497  0.000172944
1410   0.0852611    0.165862     1.39917  0.000201329
1420   0.0840677    0.164774     1.91378  0.000183807
1430    0.081585     0.16251     1.43101  0.000200253
1440   0.0800626    0.161122     2.13886  0.000190705
1450   0.0777709    0.159032     1.72041  0.000152786
1460   0.0770069    0.158335     2.29942  0.000102746
1470    0.075716    0.157158     2.26739  0.000175742
1480    0.073492     0.15513     2.26764  0.000155858
1490   0.0725988    0.154316     2.52457  8.94249e-05
1500   0.0717035    0.153499     2.33176  7.13728e-05
1510   0.0711714    0.153014     2.46029  3.90589e-05
1520   0.0709224    0.152787      1.8164  7.57739e-05
1530   0.0696559    0.151632     2.10583  6.77526e-05
1540   0.0695673    0.151551     2.45985  1.90556e-05
1550   0.0692748    0.151285     1.39779  0.000119098
1560   0.0671854    0.149379     2.26651  0.00014993
1570   0.0662762     0.14855        1.43  0.000115575
1580   0.0648739    0.147271     1.43022  0.000160879
1590   0.0630586    0.145616     1.97708  0.000126377
1600   0.0623463    0.144967      1.6229  0.000108265
1610   0.0608933    0.143642     1.94467  0.000131094
1620   0.0597244    0.142576     1.81643  0.000141715
1630    0.058059    0.141057     1.81605  9.46252e-05
1640   0.0578319     0.14085     1.26932  1.6547e-05
1650   0.0577281    0.140755     1.81558  2.89857e-05
1660   0.0572522    0.140321     1.42909  8.90022e-05
1670    0.055948    0.139132     1.33231  0.000140935
1680   0.0544335    0.137751     2.29766  0.000124673
1690   0.0534546    0.136858      1.5579  2.95315e-05
1700   0.0538429    0.137212     1.71887  -2.64162e-05
1710   0.0539829     0.13734     1.91139  4.71193e-06
1720   0.0537487    0.137126     2.04007  2.55322e-05
1730   0.0534722    0.136874     2.00795  4.64438e-05
1740   0.0528198    0.136279     1.81445  6.74205e-05
1750   0.0521238    0.135645     2.61899  2.57673e-05
1760   0.0523044    0.135809     2.97267  9.49513e-05
1770   0.0502248    0.133913     3.19775  0.000141151
1780   0.0494814    0.133235     2.68305  5.97453e-05
1790   0.0490299    0.132823     3.58377  4.52083e-05
1800   0.0485773    0.132411     2.74705  6.42439e-05
1810    0.047745    0.131652     2.81114  5.38468e-05
1820   0.0475003    0.131429     2.48921  3.92601e-05
1830   0.0469598    0.130936     2.55339  5.62271e-05
1840   0.0463758    0.130403     3.19669  6.90417e-05
1850    0.045579    0.129677     3.29318  4.16867e-05
1860    0.045542    0.129643     3.48577  -1.11332e-05
1870   0.0458016     0.12988     3.42111  2.70421e-05
1880   0.0450012     0.12915     3.90388  2.06681e-05
1890   0.0453883    0.129503      4.1929  7.82162e-05
1900   0.0434369    0.127723     3.58208  0.000108077
1910   0.0432267    0.127532     3.48542  8.92606e-05
1920   0.0416517    0.126095     3.29249  8.94001e-05
1930   0.0414387    0.125901     3.67867  2.3455e-05
1940   0.0411826    0.125668     3.74298  2.35051e-05
1950   0.0409686    0.125473     3.06725  7.71318e-05
1960   0.0396399    0.124261     3.42127  0.000115873
1970   0.0386512    0.123359     3.25986  4.52993e-05
1980   0.0387339    0.123435     3.32446  6.7668e-06
1990   0.0385158    0.123236     3.00287  5.62916e-05
2000   0.0376081    0.122408     2.48805  3.69871e-05
2010   0.0377761    0.122561     2.64876  1.98761e-05
2020   0.0372106    0.122046     2.61635  9.98495e-05
2030   0.0357791     0.12074     2.97028  0.000141169
2040   0.0343872    0.119471     2.10196  6.5686e-05
2050   0.0344654    0.119542     2.16621  1.82141e-05
2060   0.0340229    0.119139     1.94103  -4.0425e-05
2070   0.0352739     0.12028     2.03728  -5.13002e-05
2080   0.0350489    0.120074     2.45551  6.17217e-05
2090   0.0340395    0.119154     2.35911  4.22092e-05
2100   0.0342048    0.119305     1.32942  1.61903e-05
2110   0.0337157    0.118859     2.23033  8.84198e-07
2120   0.0341871    0.119289     2.45523  -4.06371e-05
2130   0.0345284      0.1196     2.42295  7.46418e-06
2140   0.0340378    0.119152     2.32614  5.13198e-05
2150    0.033502    0.118664     2.06887   5.305e-06
2160   0.0339317    0.119056     2.35833  -1.22562e-06
2170   0.0335265    0.118686     1.97243  3.12813e-06
2180   0.0338691    0.118999     1.65041  -6.29779e-05
2190   0.0347861    0.119835     2.16489  9.41195e-07
2200   0.0338503    0.118981     1.77909  8.04285e-05
2210   0.0331775    0.118368     1.87584  5.18685e-05
2220   0.0328129    0.118035     2.26189  -7.83745e-06
2230   0.0333342    0.118511     1.55382  9.95789e-06
2240   0.0326138    0.117854     1.87575  4.10229e-05
2250   0.0325138    0.117763     1.36067  4.78415e-05
2260    0.031657    0.116981     1.71478  7.02055e-05
2270   0.0311097    0.116482     1.29648  9.04943e-05
2280   0.0298471    0.115331     0.94246  9.73786e-05
2290   0.0291621    0.114706     1.03911  0.000122278
2300   0.0274015    0.113101     1.26429  0.000118048
2310   0.0268011    0.112553     1.39288  1.74947e-05
2320   0.0270516    0.112782    0.974395  -1.60934e-05
2330    0.027123    0.112847     1.16745  1.53373e-05
2340   0.0267449    0.112502     1.07127  -1.39225e-05
2350   0.0274015    0.113101     1.13523  -1.16398e-05
2360   0.0269777    0.112714     1.07105  7.17931e-05
2370   0.0259656    0.111791    0.620751  6.06445e-05
2380   0.0257648    0.111608    0.202545  -1.38465e-05
2390   0.0262425    0.112044    0.556094  2.92275e-05
2400   0.0251802    0.111075    0.684873  7.6867e-05
2410   0.0247052    0.110642     0.65278  8.39272e-05
2420   0.0235017    0.109545     1.10333  0.000122784
2430   0.0222495    0.108403    0.524254  6.15812e-05
2440   0.0222701    0.108422    0.556252  6.41108e-05
2450   0.0209673    0.107234    0.491627  8.01862e-05
2460   0.0206663    0.106959    0.877552  4.1579e-05
2470   0.0201357    0.106475    0.749151  6.45777e-05
2480   0.0193748    0.105781      1.0388  4.1793e-05
2490   0.0192999    0.105713    0.652341  4.65482e-05
2500   0.0184438    0.104932    0.620436  1.6721e-05
2510   0.0189654    0.105408    0.684056  -3.15026e-05
2520   0.0190739    0.105507    0.265787  2.83398e-05
2530   0.0183987    0.104891    0.523311  5.83812e-05
2540   0.0179062    0.104442    0.394502  3.08054e-05
2550   0.0177825    0.104329    0.716399  1.0073e-05
2560   0.0177048    0.104259    0.813054  -1.07602e-05
2570   0.0179978    0.104526    0.265818  5.48735e-06
2580    0.017595    0.104158    0.394879  1.24274e-05
2590   0.0177492    0.104299    0.587559  -1.54386e-05
2600   0.0179038     0.10444    0.458812  1.24956e-05
2610   0.0174993    0.104071    0.298194  5.91787e-05
2620   0.0167202    0.103361    0.362472  4.0612e-05
2630   0.0166871     0.10333    0.201445  1.7366e-05
2640   0.0163729    0.103044    0.137417  4.08322e-05
2650   0.0158704    0.102586   0.0407948  3.85849e-05
2660   0.0156012     0.10234    0.459095  3.63559e-05
2670   0.0151433    0.101923    0.458813  7.64458e-05
2680   0.0140723    0.100946    0.619871  8.83944e-05
2690   0.0133754    0.100311    0.395193  5.32718e-05
2700   0.0130069   0.0999746    0.716776  7.23413e-05
2710   0.0119286   0.0989913    0.716651  2.51643e-05
2720   0.0125036   0.0995156    0.652089  -1.73011e-05
2730   0.0122746   0.0993068     1.58497  -3.16411e-05
2740   0.0131364    0.100093     1.03786  -7.61868e-07
2750   0.0122898   0.0993207     1.26335  8.63257e-06
2760   0.0129637   0.0999353    0.941297  1.61161e-06
2770   0.0122576   0.0992913     1.16664  4.92404e-05
2780   0.0119789   0.0990372    0.555278  3.98517e-05
2790   0.0114606   0.0985645    0.555246  2.31977e-05
2800    0.011515   0.0986142     0.52306  4.48626e-05
2810   0.0105633   0.0977463    0.297911  8.57022e-05
2820  0.00980094   0.0970511     0.16929  8.35554e-05
2830  0.00889221   0.0962225    0.748492  2.60374e-05
2840  0.00928019   0.0965763    0.555184  -2.19852e-05
2850  0.00933191   0.0966234    0.844643  -2.68957e-05
2860  0.00981811   0.0970668    0.651618  4.46644e-06
2870  0.00924258    0.096542     0.39469  6.82403e-06
2880  0.00968163   0.0969423    0.394188  2.87214e-05
2890  0.00866816   0.0960182    0.587182  1.89944e-05
2900  0.00930174   0.0965959     1.00561  -6.34441e-05
2910  0.00993704   0.0971752    0.876704  -1.25299e-05
2920  0.00955234   0.0968244     1.19851  -4.55091e-07
2930  0.00994614   0.0971835     1.74499  -5.28018e-06
2940  0.00965794   0.0969207     1.77727  9.31644e-06
2950  0.00975981   0.0970136     1.55171  2.03121e-06
2960  0.00961732   0.0968837     1.42331  4.12264e-05
2970  0.00893528   0.0962618     1.35894  2.16751e-05
2980  0.00918381   0.0964884     1.35859  -2.98032e-05
2990  0.00953135   0.0968053     1.48743  -7.7338e-06
3000  0.00933849   0.0966294     1.97014  -4.22947e-05
3010   0.0103772   0.0975767     1.68046  -9.16883e-05
3020   0.0111723   0.0983016     1.03676  -4.99545e-05
3030   0.0113763   0.0984877    0.747109  -3.52881e-05
3040    0.011878   0.0989452     1.26213  -8.10474e-06
3050   0.0115384   0.0986355     1.90561  2.40806e-05
3060   0.0113964    0.098506     1.45512  -4.04662e-05
3070   0.0123477   0.0993735     1.22997  -3.30375e-05
3080   0.0120572   0.0991086     1.29403  -2.57416e-05
3090   0.0128626    0.099843     1.00482  -4.571e-05
3100   0.0129714   0.0999422     0.97251  -4.83935e-05
3110   0.0138305    0.100726     1.03676  -1.09211e-05
3120   0.0131898    0.100141    0.296748  2.90556e-05
3130   0.0132493    0.100196    0.425401  1.91476e-05
3140   0.0128068   0.0997922     0.68305  3.9285e-05
3150   0.0124636   0.0994792    0.522274  -3.86653e-05
3160   0.0135801    0.100497    0.618646  -2.10162e-05
3170    0.012884   0.0998625     0.71508  6.5736e-06
3180   0.0134487    0.100377    0.650738  1.17435e-05
3190   0.0126491   0.0996483     0.61874  2.94106e-05
3200   0.0128604   0.0998411    0.650989  2.70366e-05
3210   0.0121084   0.0991552   0.0718818  1.94213e-05
3220    0.012472   0.0994869    0.876044   4.755e-05
3230   0.0111574    0.098288    0.232972  7.05026e-05
3240    0.011062   0.0982011    0.104257  9.88726e-05
3250  0.00917991   0.0964848    0.361718  5.55869e-05
3260  0.00995023   0.0971873    0.715425  -2.59585e-05
3270  0.00969908   0.0969583     1.16598  5.07867e-05
3280   0.0089345    0.096261     1.32666  2.52285e-05
3290  0.00919451   0.0964981     1.39112  5.10927e-05
3300  0.00791265   0.0953292     1.10182  4.08322e-05
3310  0.00837787   0.0957535      1.1017  -5.43331e-05
3320  0.00899931   0.0963201     1.16582  -2.6075e-05
3330  0.00889937    0.096229     1.00501  -2.92705e-06
3340  0.00905785   0.0963735    0.618834  2.5579e-05
3350  0.00838779   0.0957625    0.844141  4.83897e-06
3360  0.00896107   0.0962853    0.393559  7.54669e-06
3370  0.00823685   0.0956249    0.811922  -3.37046e-07
3380  0.00896781   0.0962914    0.522494  -9.66572e-05
3390     0.01017   0.0973877    0.490119  -3.68772e-05
3400  0.00970536    0.096964    0.683176  1.77762e-05
3410  0.00981447   0.0970635    0.715488  -3.18707e-05
3420   0.0103428   0.0975452    0.489774  2.57502e-05
3430  0.00929947   0.0965939     0.71552  -5.49015e-07
3440   0.0103538   0.0975552  0.00760268  2.59087e-05
3450  0.00878129   0.0961213   -0.700345  9.42718e-05
3460  0.00846832   0.0958359   -0.475542  1.81508e-05
3470  0.00841828   0.0957903    0.103754  -2.40491e-05
3480   0.0089493   0.0962745   -0.539569  -6.6412e-05
3490  0.00974652   0.0970015    0.328998  -1.0942e-05
3500  0.00916814   0.0964741   -0.346576  2.18847e-06
3510  0.00970275   0.0969616  0.00710009  7.14018e-05
3520   0.0077401   0.0951719   -0.378825  7.94166e-05
3530  0.00811442   0.0955132    0.296528  -1.61564e-05
3540  0.00806323   0.0954665   -0.186082  1.04676e-05
3550  0.00790506   0.0953223    0.232281  -2.09175e-07
3560  0.00806741   0.0954704   -0.121866  1.32134e-05
3570   0.0076408   0.0950813  -0.0895853  7.22409e-05
3580   0.0066226   0.0941529  0.00678584  9.12291e-05
3590  0.00581621   0.0934175   -0.379202  0.000115756
3600  0.00430747   0.0920417  -0.0898053  0.000121454
3610  0.00338713   0.0912025   -0.379045  6.51803e-05
3620  0.00300387    0.090853   -0.025495  3.29778e-05
3630  0.00272757    0.090601    0.264153  3.85064e-05
3640  0.00223374   0.0901507     0.45699  4.1322e-05
3650  0.00190113   0.0898474     1.13256  4.96167e-05
3660   0.0012414   0.0892458    0.779013  4.43046e-05
3670  0.00101504   0.0890394     1.26172  4.72043e-05
3680  0.000297317   0.0883849     1.45478  -2.36643e-05
3690  0.00148832    0.089471     1.35784  -3.72604e-05
3700  0.00104253   0.0890645     1.32559  8.8472e-05
3710  -0.000281115   0.0878575    0.939978  3.65667e-05
3720  0.00031119   0.0883976     0.90754  -2.9103e-05
3730  0.000300945   0.0883882    0.843072  3.9549e-05
3740  -0.000479789   0.0876763     1.10028  1.4807e-05
3750  4.80426e-06   0.0881182     1.06813  1.77194e-05
3760  -0.000834177   0.0873531     0.81098  1.7672e-05
3770  -0.000348636   0.0877959    0.842852  1.50632e-05
3780  -0.00113544   0.0870784     1.06822  3.16522e-05
3790  -0.000981679   0.0872186     1.03569  4.05012e-06
3800  -0.00121644   0.0870045     1.29299  6.81216e-06
3810  -0.00111792   0.0870944    0.874662  -7.07812e-06
3820  -0.00107488   0.0871336    0.745821  5.99038e-05
3830   -0.002316   0.0860019    0.971253  7.11795e-05
3840  -0.00249847   0.0858355     1.09991  9.95079e-05
3850  -0.00430616   0.0841871    0.939287  5.20021e-05
3860  -0.00353851   0.0848871    0.938941  -3.19242e-05
3870  -0.00366767   0.0847693    0.520892  3.82703e-05
3880  -0.00430392   0.0841891     1.16431  9.75617e-05
3890  -0.0056189     0.08299    0.488925  3.00479e-05
3900  -0.00490488   0.0836411    0.777945  -4.60604e-05
3910  -0.0046977     0.08383    0.713572  -1.79192e-05
3920  -0.00454649   0.0839679    0.713226  2.17487e-05
3930  -0.00513267   0.0834334    0.681417  5.58712e-05
3940  -0.00566392    0.082949    0.842255  4.1824e-05
3950  -0.00596915   0.0826706    0.874379  4.7686e-05
3960  -0.00661764   0.0820793    0.938658  -6.46492e-06
3970  -0.00583985   0.0827885     1.03503  -8.64914e-05
3980  -0.00488781   0.0836567    0.262802  -5.23669e-05
3990  -0.00479251   0.0837436    0.681165  -6.67491e-06
4000  -0.00475431   0.0837784     0.93847  -4.98426e-05
4010  -0.00379566   0.0846526     1.19577  -9.60322e-06
4020  -0.00456224   0.0839536    0.777568  6.23594e-05
4030  -0.00504285   0.0835153    0.681134  -3.88671e-06
4040  -0.00448451   0.0840244  -0.0266572  -3.2765e-05
4050  -0.00438755   0.0841129    0.520138  -5.90128e-05
4060  -0.00330425   0.0851007    0.552294  1.34952e-05
4070  -0.00465746   0.0838667     1.19596  6.86217e-05
4080  -0.00467669   0.0838492     1.09931  1.94148e-05
4090  -0.00504575   0.0835126     1.29252  1.65326e-05
4100  -0.00500734   0.0835477     1.32455  -1.55489e-05
4110  -0.00473477   0.0837962     1.64632  -9.72291e-06
4120  -0.00481288    0.083725     1.06728  -2.73949e-05
4130  -0.00418687   0.0842958     1.06715  -4.80051e-05
4140  -0.00385278   0.0846005    0.841941  -2.75804e-05
4150  -0.00363527   0.0847989     1.19562  1.95124e-05
4160  -0.00424303   0.0842446     1.16381  4.31469e-05
4170  -0.0044982   0.0840119     0.74535  7.80243e-06
4180  -0.00439908   0.0841023     1.29233  3.4547e-05
4190  -0.00518914   0.0833819    0.970657  4.64714e-05
4200  -0.00532851   0.0832548     1.00278  3.77592e-05
4210  -0.00594433   0.0826932     1.16378  1.40075e-05
4220  -0.00560866   0.0829993     1.00237  -7.86828e-07
4230  -0.00592859   0.0827076    0.841659  -2.47742e-05
4240  -0.00511317   0.0834512    0.744942  1.71818e-05
4250  -0.00627223   0.0823942    0.648382  0.000101097
4260  -0.00713512   0.0816074    0.938093  3.8343e-05
4270  -0.00703909    0.081695     0.84147  -1.86553e-05
4280  -0.00676202   0.0819476     1.00225  -2.47399e-05
4290  -0.00654429   0.0821462    0.809032  -1.2744e-05
4300  -0.00650714     0.08218     1.06649  3.26085e-05
4310  -0.00719646   0.0815514     0.58382  -1.28343e-05
4320  -0.00625045   0.0824141    0.744722  2.45564e-06
4330  -0.00724557   0.0815067     1.16293  5.40345e-05
4340  -0.00733114   0.0814286     1.25936  3.29619e-05
4350  -0.00790481   0.0809055      1.2913  3.91437e-05
4360  -0.00811402   0.0807147     1.38805  -2.49389e-05
4370  -0.00740603   0.0813603     1.19474  -5.86618e-05
4380  -0.00694078   0.0817846     1.16249  -6.69083e-06
4390  -0.00727222   0.0814824    0.744188  7.62681e-05
4400  -0.00846614   0.0803936    0.615818  2.40769e-05
4410  -0.00775375   0.0810433    0.712064  1.50726e-05
4420  -0.00876759   0.0801188    0.937182  0.000107752
4430  -0.00990879   0.0790781    0.840905  8.64395e-05
4440  -0.0104964   0.0785423    0.969714  6.1017e-06
4450  -0.0100308   0.0789668      1.1948  -4.97511e-05
4460  -0.00950136   0.0794496    0.551288  -5.30393e-05
4470  -0.00897003   0.0799341    0.680035  -4.07496e-05
4480  -0.00868637   0.0801928    0.840716  -1.27819e-05
4490  -0.00871439   0.0801673    0.358074  3.09928e-05
4500  -0.00930623   0.0796276    0.872872  7.49804e-05
4510   -0.010214   0.0787998     0.19755  5.63651e-05
4520  -0.0104335   0.0785996    0.712158  9.39486e-06
4530  -0.0104019   0.0786285    0.647628  3.14158e-06
4540  -0.0104964   0.0785423     0.93715  8.53234e-05
4550  -0.0121084   0.0770723    0.711907  0.000148832
4560   -0.013473    0.075828    0.326045  7.96098e-05
4570  -0.0137006   0.0756204  0.00427273  1.64412e-05
4580  -0.0138018   0.0755281  -0.0280082  4.19858e-05
4590  -0.0145403   0.0748547     0.19711  4.52724e-05
4600  -0.0147073   0.0747024  -0.0603518  2.63181e-05
4610  -0.0150666   0.0743747   0.0362709  3.92058e-05
4620  -0.0154914   0.0739874  -0.0281023  3.61378e-05
4630  -0.0157894   0.0737157    0.261389  7.16378e-05
4640  -0.0169241   0.0726809    0.293575  9.11462e-05
4650  -0.0176123   0.0720534    0.261483  5.60423e-05
4660   -0.018045   0.0716588    0.518881  -2.77524e-05
4670  -0.0170573   0.0725595    0.872369  -3.74368e-05
4680  -0.0172963   0.0723416      1.1942  -1.82301e-05
4690  -0.0166927    0.072892     1.38713  7.78362e-06
4700  -0.0174519   0.0721996     1.48357  2.72217e-05
4710  -0.0172371   0.0723955     1.22626  -5.20702e-06
4720  -0.0173478   0.0722946     1.22614  -5.25732e-06
4730   -0.017132   0.0724914      1.2582  -5.24838e-06
4740  -0.0172428   0.0723903     1.19395  4.54606e-06
4750  -0.0172229   0.0724085    0.807807  -1.9989e-06
4760  -0.0172028   0.0724268    0.486129  3.75174e-05
4770  -0.0179732   0.0717243    0.775809  -2.5115e-05
4780  -0.0167005   0.0728848    0.807838  -5.4774e-05
4790  -0.0168778   0.0727232     1.06511  5.75082e-05
4800  -0.0178507    0.071836    0.936585  2.7783e-05
4810  -0.0174334   0.0722165     1.25836  2.46999e-05
4820  -0.0183447   0.0713855      1.5801  8.79728e-05
4830  -0.0191929   0.0706121     1.32273  8.4981e-05
4840  -0.0200443   0.0698357     1.00134  5.52069e-05
4850   -0.020297   0.0696052     1.35495  4.54256e-05
4860  -0.0209528   0.0690072      1.0334  1.87011e-05
4870   -0.020671   0.0692642     1.22604  1.21361e-05
4880  -0.0211956   0.0687859    0.968709  4.2445e-05
4890  -0.0215199   0.0684901     1.41935  3.92516e-05
4900  -0.0219806     0.06807     1.19408  5.96979e-05
4910  -0.0227139   0.0674013     1.41945  4.29536e-05
4920  -0.0228397   0.0672866    0.936773  4.65797e-05
4930  -0.0236455   0.0665518    0.904649  5.01008e-05
4940  -0.0238417   0.0663729    0.872369  1.96603e-05
4950  -0.0240387   0.0661933     1.32292  4.36637e-05
4960   -0.024715   0.0655766      1.1943  6.77614e-05
4970  -0.0253939   0.0649574     1.29051  1.65584e-05
4980  -0.0250461   0.0652746    0.807901  -4.86015e-05
4990  -0.0244219   0.0658438    0.936585  -0.000113761
