Time   Number   
ps   
0          26          34
10          30          42
20          30          44
30          35          47
40          26          46
50          33          41
60          32          38
70          32          38
80          31          35
90          33          37
100          30          42
110          29          35
120          34          42
130          35          43
140          37          43
150          35          41
160          35          41
170          32          42
180          31          49
190          29          37
200          32          40
210          35          41
220          33          37
230          33          43
240          33          45
250          29          41
260          31          35
270          30          36
280          32          38
290          33          37
300          32          36
310          28          36
320          27          39
330          29          35
340          30          36
350          23          35
360          28          34
370          24          40
380          25          31
390          24          36
400          36          50
410          31          45
420          37          43
430          31          41
440          32          46
450          29          39
460          33          43
470          33          45
480          32          42
490          34          42
500          32          44
510          32          46
520          38          44
530          34          42
540          42          46
550          36          52
560          36          48
570          35          43
580          40          48
590          34          42
600          33          41
610          38          44
620          38          46
630          31          39
640          30          36
650          36          40
660          32          40
670          33          43
680          35          43
690          31          41
700          37          43
710          34          44
720          37          43
730          39          43
740          36          44
750          30          38
760          36          40
770          34          42
780          31          41
790          38          46
800          35          41
810          38          44
820          34          48
830          38          44
840          34          34
850          40          44
860          39          41
870          42          46
880          38          44
890          36          42
900          37          41
910          37          43
920          36          44
930          35          45
940          36          44
950          34          46
960          41          49
970          37          51
980          31          47
990          38          42
1000          34          44
1010          38          48
1020          34          42
1030          42          46
1040          37          41
1050          40          44
1060          33          39
1070          31          39
1080          38          46
1090          29          41
1100          36          44
1110          35          45
1120          34          46
1130          33          47
1140          33          39
1150          37          47
1160          32          52
1170          37          45
1180          38          48
1190          40          46
1200          42          46
1210          41          49
1220          40          44
1230          40          44
1240          36          48
1250          30          36
1260          30          40
1270          32          48
1280          35          39
1290          31          41
1300          31          37
1310          28          38
1320          37          45
1330          35          39
1340          38          42
1350          33          39
1360          35          43
1370          35          39
1380          30          36
1390          34          46
1400          36          42
1410          35          55
1420          31          43
1430          30          40
1440          31          47
1450          36          40
1460          33          41
1470          30          42
1480          29          37
1490          34          42
1500          32          44
1510          31          47
1520          36          48
1530          31          45
1540          36          48
1550          38          46
1560          36          44
1570          38          40
1580          36          48
1590          34          40
1600          31          49
1610          35          43
1620          36          44
1630          39          49
1640          40          52
1650          42          50
1660          42          48
1670          38          42
1680          35          41
1690          36          48
1700          38          44
1710          36          42
1720          34          44
1730          38          42
1740          37          41
1750          32          42
1760          36          38
1770          40          44
1780          35          47
1790          36          38
1800          38          46
1810          33          41
1820          33          41
1830          37          45
1840          38          50
1850          38          44
1860          35          41
1870          33          45
1880          36          48
1890          35          47
1900          39          49
1910          35          45
1920          32          54
1930          37          43
1940          37          41
1950          41          41
1960          33          43
1970          35          37
1980          38          42
1990          38          42
2000          35          43
2010          33          45
2020          39          49
2030          39          49
2040          39          43
2050          37          45
2060          37          39
2070          36          42
2080          34          40
2090          31          43
2100          33          41
2110          34          46
2120          35          47
2130          35          45
2140          35          47
2150          37          47
2160          31          35
2170          32          44
2180          30          38
2190          31          43
2200          33          37
2210          30          38
2220          33          35
2230          35          45
2240          30          40
2250          35          37
2260          35          41
2270          35          47
2280          41          51
2290          42          50
2300          43          45
2310          34          50
2320          37          47
2330          38          42
2340          29          39
2350          33          37
2360          36          42
2370          36          40
2380          38          48
2390          33          41
2400          35          43
2410          34          44
2420          32          42
2430          31          39
2440          29          41
2450          32          40
2460          32          38
2470          36          42
2480          30          34
2490          29          33
2500          26          38
2510          28          34
2520          26          36
2530          29          33
2540          30          38
2550          27          31
2560          27          41
2570          27          39
2580          28          28
2590          27          37
2600          25          37
2610          27          43
2620          30          34
2630          28          38
2640          30          40
2650          28          40
2660          30          34
2670          26          36
2680          26          36
2690          34          36
2700          32          46
2710          30          38
2720          29          35
2730          31          37
2740          33          43
2750          37          41
2760          36          40
2770          32          36
2780          33          43
2790          29          45
2800          34          40
2810          35          39
2820          35          53
2830          31          43
2840          34          38
2850          30          34
2860          31          41
2870          36          40
2880          36          42
2890          32          46
2900          33          45
2910          38          46
2920          31          47
2930          39          41
2940          38          44
2950          35          45
2960          32          46
2970          35          47
2980          35          41
2990          36          44
3000          38          46
3010          35          51
3020          35          43
3030          37          55
3040          35          43
3050          33          45
3060          34          42
3070          35          43
3080          31          41
3090          34          42
3100          32          40
3110          35          41
3120          28          46
3130          32          36
3140          34          36
3150          33          41
3160          28          50
3170          35          43
3180          37          45
3190          34          52
3200          38          44
3210          40          50
3220          37          43
3230          40          50
3240          39          53
3250          38          48
3260          38          44
3270          33          43
3280          36          42
3290          34          40
3300          33          41
3310          33          37
3320          36          46
3330          38          44
3340          34          38
3350          38          40
3360          37          41
3370          31          47
3380          32          38
3390          32          38
3400          31          41
3410          31          39
3420          28          42
3430          32          38
3440          30          42
3450          30          40
3460          32          36
3470          32          38
3480          28          42
3490          29          35
3500          27          39
3510          30          36
3520          30          38
3530          30          36
3540          30          38
3550          31          35
3560          27          45
3570          31          31
3580          29          39
3590          33          37
3600          27          37
3610          31          35
3620          26          32
3630          35          39
3640          30          38
3650          31          39
3660          33          45
3670          33          39
3680          35          45
3690          33          41
3700          29          41
3710          36          46
3720          36          44
3730          36          42
3740          35          35
3750          31          37
3760          31          39
3770          32          44
3780          34          46
3790          31          45
3800          38          50
3810          39          43
3820          30          42
3830          35          45
3840          35          45
3850          38          46
3860          38          46
3870          37          47
3880          31          47
3890          33          41
3900          36          46
3910          36          48
3920          34          44
3930          32          48
3940          35          45
3950          39          43
3960          37          43
3970          40          48
3980          34          44
3990          37          51
4000          32          42
4010          35          43
4020          42          46
4030          36          40
4040          34          42
4050          41          45
4060          37          53
4070          40          50
4080          37          43
4090          31          41
4100          32          42
4110          32          44
4120          37          45
4130          34          40
4140          34          40
4150          30          38
4160          29          35
4170          32          40
4180          34          36
4190          25          29
4200          31          41
4210          32          44
4220          32          40
4230          29          41
4240          30          38
4250          31          39
4260          27          45
4270          34          44
4280          27          51
4290          33          43
4300          35          43
4310          35          43
4320          32          40
4330          31          41
4340          29          45
4350          35          47
4360          33          45
4370          37          43
4380          32          48
4390          35          43
4400          34          44
4410          30          42
4420          35          39
4430          33          39
4440          30          38
4450          33          39
4460          32          42
4470          34          34
4480          28          38
4490          33          41
4500          32          40
4510          33          43
4520          31          43
4530          33          43
4540          31          49
4550          34          42
4560          29          49
4570          35          39
4580          35          53
4590          37          47
4600          34          44
4610          36          44
4620          38          44
4630          35          37
4640          33          43
4650          35          45
4660          35          51
4670          40          46
4680          39          39
4690          34          44
4700          40          48
4710          33          47
4720          37          55
4730          35          47
4740          33          49
4750          36          50
4760          35          43
4770          31          47
4780          31          49
4790          36          44
4800          33          45
4810          33          41
4820          34          42
4830          34          36
4840          26          40
4850          33          39
4860          30          40
4870          32          36
4880          36          40
4890          34          42
4900          32          40
4910          32          48
4920          35          47
4930          32          48
4940          33          39
4950          34          50
4960          31          41
4970          38          46
4980          34          38
4990          31          37
5000          32          40
5010          35          43
5020          33          37
5030          30          40
5040          33          43
5050          33          47
5060          37          49
5070          36          46
5080          34          44
5090          36          40
5100          37          47
5110          39          49
5120          37          45
5130          39          45
5140          37          47
5150          36          40
5160          35          43
5170          32          44
5180          32          44
5190          38          42
5200          38          46
5210          38          46
5220          35          39
5230          30          46
5240          37          47
5250          40          46
5260          35          37
5270          32          38
5280          38          42
5290          35          47
5300          32          48
5310          39          53
5320          31          37
5330          34          44
5340          31          43
5350          39          41
5360          36          40
5370          30          38
5380          35          37
5390          33          43
5400          34          42
5410          32          36
5420          32          40
5430          33          45
5440          33          47
5450          37          41
5460          33          43
5470          32          40
5480          36          40
5490          36          44
5500          43          45
5510          40          48
5520          36          44
5530          39          45
5540          33          45
5550          38          46
5560          36          40
5570          34          38
5580          37          41
5590          35          43
5600          35          41
5610          33          43
5620          38          46
5630          33          35
5640          32          38
5650          31          41
5660          35          41
5670          30          42
5680          38          38
5690          38          42
5700          30          38
5710          26          38
5720          32          34
5730          30          38
5740          33          35
5750          32          46
5760          34          44
5770          31          41
5780          32          44
5790          34          44
5800          32          48
5810          31          45
5820          36          42
5830          33          43
5840          32          38
5850          32          40
5860          33          39
5870          31          39
5880          30          38
5890          25          31
5900          31          39
5910          29          33
5920          29          35
5930          31          37
5940          32          34
5950          31          43
5960          31          35
5970          32          42
5980          32          36
5990          34          42
6000          36          42
6010          34          42
6020          34          42
6030          33          43
6040          35          41
6050          28          38
6060          31          41
6070          34          44
6080          35          37
6090          35          35
6100          36          40
6110          35          41
6120          35          41
6130          40          44
6140          36          38
6150          32          40
6160          36          44
6170          29          35
6180          27          33
6190          32          34
6200          31          35
6210          24          36
6220          28          32
6230          28          38
6240          29          35
6250          30          38
6260          28          30
6270          32          38
6280          34          42
6290          32          44
6300          27          43
6310          27          41
6320          28          34
6330          31          37
6340          27          35
6350          30          34
6360          24          32
6370          27          39
6380          25          37
6390          24          38
6400          21          29
6410          22          30
6420          23          33
6430          28          34
6440          27          31
6450          23          29
6460          26          32
6470          26          32
6480          23          25
6490          29          31
6500          22          30
6510          26          32
6520          25          35
6530          27          33
6540          27          33
6550          25          25
6560          27          29
6570          24          26
6580          29          37
6590          26          28
6600          25          27
6610          25          31
6620          27          33
6630          25          33
6640          28          34
6650          26          34
6660          28          32
6670          25          35
6680          23          35
6690          26          32
6700          27          39
6710          24          28
6720          26          26
6730          23          25
6740          23          27
6750          23          29
6760          26          32
6770          28          30
6780          25          29
6790          26          32
6800          23          33
6810          25          29
6820          29          33
6830          25          33
6840          25          33
6850          27          35
6860          25          29
6870          28          32
6880          23          33
6890          24          28
6900          22          24
6910          20          28
6920          22          34
6930          20          28
6940          26          32
6950          24          28
6960          22          30
6970          25          33
6980          26          34
6990          21          37
7000          27          31
7010          23          33
7020          25          31
7030          25          31
7040          27          33
7050          25          31
7060          25          29
7070          23          29
7080          26          34
7090          25          33
7100          21          31
7110          22          36
7120          26          28
7130          25          35
7140          24          32
7150          28          36
7160          24          34
7170          25          33
7180          26          32
7190          29          37
7200          25          35
7210          25          33
7220          30          38
7230          27          35
7240          25          37
7250          25          37
7260          25          35
7270          28          32
7280          25          37
7290          26          34
7300          29          33
7310          26          38
7320          22          34
7330          29          29
7340          25          31
7350          25          39
7360          31          39
7370          24          32
7380          21          31
7390          27          31
7400          27          29
7410          31          35
7420          28          32
7430          26          40
7440          25          37
7450          27          35
7460          26          32
7470          23          33
7480          26          30
7490          28          34
7500          29          41
7510          32          36
7520          27          39
7530          27          35
7540          31          37
7550          30          38
7560          28          36
7570          27          37
7580          31          41
7590          30          40
7600          30          38
7610          32          34
7620          28          34
7630          30          30
7640          30          34
7650          28          34
7660          32          42
7670          34          38
7680          32          40
7690          34          42
7700          31          41
7710          35          43
7720          37          41
7730          32          34
7740          31          33
7750          31          41
7760          31          41
7770          32          36
7780          33          41
7790          34          36
7800          35          39
7810          36          46
7820          37          45
7830          33          45
7840          33          41
7850          34          42
7860          32          42
7870          33          41
7880          35          39
7890          36          40
7900          28          38
7910          31          35
7920          34          40
7930          36          38
7940          28          44
7950          31          39
7960          29          31
7970          29          39
7980          30          42
7990          28          42
8000          26          42
8010          31          43
8020          31          39
8030          29          41
8040          37          39
8050          32          38
8060          28          34
8070          32          38
8080          34          42
8090          29          37
8100          32          34
8110          28          38
8120          25          37
8130          31          35
8140          31          41
8150          30          44
8160          32          44
8170          35          39
8180          37          45
8190          32          42
8200          35          49
8210          35          47
8220          33          41
8230          30          34
8240          33          39
8250          28          36
8260          29          37
8270          29          41
8280          38          46
8290          34          42
8300          31          41
8310          34          42
8320          32          38
8330          33          43
8340          31          37
8350          34          40
8360          29          47
8370          32          36
8380          31          39
8390          34          44
8400          31          45
8410          37          43
8420          35          39
8430          35          39
8440          34          40
8450          35          43
8460          32          44
8470          38          40
8480          29          45
8490          33          39
8500          32          36
8510          36          50
8520          34          34
8530          29          39
8540          30          38
8550          30          38
8560          21          29
8570          25          29
8580          26          30
8590          20          34
8600          26          30
8610          24          32
8620          31          35
8630          26          28
8640          24          30
8650          22          26
8660          24          26
8670          21          25
8680          24          28
8690          25          27
8700          27          33
8710          25          29
8720          24          26
8730          24          30
8740          28          32
8750          26          28
8760          23          27
8770          21          27
8780          21          33
8790          20          34
8800          18          26
8810          23          27
8820          27          27
8830          24          28
8840          27          27
8850          28          28
8860          30          36
8870          28          32
8880          27          35
8890          26          34
8900          26          40
8910          21          29
8920          24          28
8930          22          28
8940          26          32
8950          24          28
8960          28          28
8970          20          26
8980          27          35
8990          27          33
9000          28          34
9010          27          31
9020          30          38
9030          27          35
9040          30          36
9050          33          37
9060          29          39
9070          30          34
9080          30          42
9090          27          27
9100          28          34
9110          33          41
9120          28          40
9130          29          39
9140          27          35
9150          32          40
9160          31          43
9170          34          40
9180          26          32
9190          29          41
9200          28          32
9210          26          42
9220          34          44
9230          27          39
9240          31          33
9250          29          33
9260          27          35
9270          28          38
9280          28          38
9290          26          34
9300          21          35
9310          25          29
9320          25          33
9330          27          29
9340          29          35
9350          29          31
9360          25          29
9370          20          32
9380          27          35
9390          27          39
9400          32          36
9410          33          45
9420          30          36
9430          29          37
9440          31          39
9450          27          29
9460          28          36
9470          28          36
9480          26          40
9490          32          36
9500          27          35
9510          30          36
9520          27          39
9530          27          41
9540          24          36
9550          32          42
9560          33          41
9570          34          40
9580          35          39
9590          31          35
9600          32          40
9610          35          35
9620          33          45
9630          33          43
9640          31          39
9650          34          40
9660          31          39
9670          39          41
9680          34          42
9690          31          37
9700          33          39
9710          33          37
9720          27          37
9730          36          48
9740          37          43
9750          39          43
9760          35          41
9770          32          46
9780          39          47
9790          36          40
9800          36          40
9810          34          44
9820          33          43
9830          34          38
9840          35          41
9850          35          43
9860          31          41
9870          34          46
9880          35          39
9890          30          48
9900          32          38
9910          28          38
9920          35          43
9930          36          38
9940          33          35
9950          35          37
9960          34          46
9970          33          41
9980          35          49
9990          36          44
10000          33          41
