Time   Number   
ps   
0          70          86
10          67          91
20          66          82
30          64          90
40          65          89
50          65          83
60          66          92
70          63          89
80          67          85
90          66          84
100          69          97
110          70          94
120          64          96
130          61          91
140          67          95
150          66          88
160          68          92
170          68          96
180          57          85
190          64          84
200          66          84
210          69          89
220          68          88
230          65          85
240          62          84
250          64          84
260          67          89
270          72          82
280          69          87
290          63          89
300          66          86
310          63          81
320          58          82
330          66          88
340          64         100
350          69          89
360          64          84
370          74          96
380          64          92
390          70          86
400          65          95
410          72          96
420          69          91
430          73          85
440          65          85
450          73          99
460          69         105
470          75          95
480          72          88
490          69          89
500          75          99
510          67         103
520          68          86
530          69          85
540          66          92
550          65          99
560          65          91
570          66          90
580          70         100
590          64          98
600          65         105
610          69         105
620          70          88
630          59          79
640          69          89
650          68          94
660          63          91
670          65          87
680          56          92
690          68          96
700          66          88
710          66          92
720          68          88
730          71          87
740          69          91
750          60         102
760          64         100
770          65          93
780          64          84
790          57          87
800          59          83
810          64          82
820          61          87
830          59          89
840          62          82
850          61          87
860          60          82
870          64          86
880          62          88
890          61          77
900          57          73
910          60          74
920          55          79
930          54          84
940          60          78
950          57          87
960          67          81
970          62          92
980          62          86
990          58          88
1000          62          82
1010          55          91
1020          61          89
1030          66          96
1040          68          90
1050          66          96
1060          69          93
1070          60          80
1080          65          91
1090          68          86
1100          67          91
1110          62          88
1120          66          86
1130          63          93
1140          64          96
1150          55          83
1160          61          83
1170          62          86
1180          60          92
1190          63          83
1200          67          89
1210          66          92
1220          67          87
1230          67          83
1240          70          92
1250          74          94
1260          66          86
1270          59          87
1280          64          96
1290          67          93
1300          61          91
1310          60          94
1320          66          92
1330          59          93
1340          66          90
1350          68          88
1360          62          92
1370          69          97
1380          65          81
1390          64          92
1400          62          82
1410          60          88
1420          67          89
1430          63          97
1440          62          90
1450          69          99
1460          65          91
1470          66          88
1480          62          88
1490          63          91
1500          60          80
1510          64          96
1520          63          83
1530          60          86
1540          60          84
1550          66          94
1560          66          88
1570          59          83
1580          64          84
1590          64          94
1600          59          89
1610          59          75
1620          66          88
1630          57          95
1640          64          90
1650          72          88
1660          73          91
1670          65          81
1680          68          84
1690          61          83
1700          69          93
1710          70          88
1720          69          87
1730          66          96
1740          70         100
1750          67          89
1760          69          97
1770          67          93
1780          61          87
1790          63          91
1800          64          94
1810          63          91
1820          59          91
1830          71          97
1840          65          83
1850          65          91
1860          62          94
1870          66          86
1880          68          90
1890          63          91
1900          69          87
1910          67          87
1920          68          94
1930          71         103
1940          61          85
1950          63          93
1960          59          91
1970          66          86
1980          62          88
1990          70          92
2000          56          96
2010          65          95
2020          71          95
2030          69          89
2040          73          91
2050          71          89
2060          65          89
2070          68          90
2080          62          94
2090          74          98
2100          63          85
2110          66          96
2120          64          92
2130          63          89
2140          61          83
2150          62          92
2160          59          87
2170          62          88
2180          60          84
2190          56          88
2200          63          89
2210          65          89
2220          66          96
2230          70          92
2240          66          90
2250          63          93
2260          65          91
2270          63          95
2280          66          94
2290          67          89
2300          70          96
2310          67          91
2320          62          86
2330          65          83
2340          64          94
2350          65          85
2360          63          97
2370          65          97
2380          62          86
2390          66          90
2400          61          89
2410          64          82
2420          67          91
2430          69          97
2440          61          89
2450          64          82
2460          68          86
2470          61          95
2480          64          84
2490          69          93
2500          71          87
2510          74          94
2520          68          98
2530          67          89
2540          71          93
2550          70          96
2560          73          95
2570          71          95
2580          68          92
2590          72         102
2600          70         100
2610          73          89
2620          72          92
2630          79         101
2640          77          99
2650          72          96
2660          74          92
2670          68         102
2680          63         101
2690          70         100
2700          65         101
2710          73          97
2720          66         102
2730          70          98
2740          67          89
2750          65          91
2760          66          98
2770          76         102
2780          72          92
2790          62          92
2800          63          95
2810          70         102
2820          71          93
2830          71          91
2840          65          99
2850          71          91
2860          70          96
2870          69          87
2880          68          92
2890          67          89
2900          67          91
2910          65          97
2920          65          91
2930          68          98
2940          68          96
2950          65          85
2960          65          89
2970          67          79
2980          65          85
2990          62          92
3000          67          85
3010          63          81
3020          62          84
3030          58          90
3040          53          87
3050          61          85
3060          59          79
3070          60          82
3080          64          78
3090          64          82
3100          58          70
3110          63          85
3120          58          78
3130          62          82
3140          62          82
3150          60          80
3160          56          74
3170          57          71
3180          65          83
3190          60          82
3200          59          81
3210          64          86
3220          60          78
3230          66          82
3240          58          80
3250          62          82
3260          63          79
3270          59          75
3280          65          87
3290          62          78
3300          62          94
3310          62          82
3320          63          85
3330          67          87
3340          62          84
3350          72          82
3360          66          84
3370          67          77
3380          67          79
3390          65          75
3400          64          78
3410          68          90
3420          59          87
3430          61          89
3440          67          95
3450          70          94
3460          70          84
3470          73          85
3480          71          99
3490          69          89
3500          70          84
3510          70         100
3520          75          91
3530          67          89
3540          61          93
3550          65          91
3560          70          80
3570          69          79
3580          61          81
3590          69          85
3600          70          86
3610          64          92
3620          69          87
3630          68          84
3640          68          82
3650          66          84
3660          65          87
3670          61          77
3680          65          79
3690          64          86
3700          62          88
3710          65          79
3720          71          81
3730          59          83
3740          65          91
3750          56          76
3760          66          74
3770          61          85
3780          67          87
3790          61          83
3800          61          81
3810          67          83
3820          62          88
3830          65          83
3840          69          99
3850          67          89
3860          65          77
3870          62          80
3880          62          86
3890          68          80
3900          65          75
3910          63          89
3920          66          86
3930          61          83
3940          62          78
3950          62          82
3960          63          79
3970          67          93
3980          63          93
3990          57          87
4000          59          87
4010          68          96
4020          64          88
4030          64          78
4040          64          88
4050          65          85
4060          62          76
4070          60          96
4080          62          88
4090          65          81
4100          60          86
4110          61          81
4120          68          86
4130          64          78
4140          62          82
4150          62          86
4160          64          78
4170          62          80
4180          63          79
4190          58          78
4200          62          80
4210          63          85
4220          66          80
4230          63          77
4240          64          84
4250          60          86
4260          58          78
4270          59          83
4280          56          72
4290          58          88
4300          65          89
4310          57          87
4320          60          78
4330          56          78
4340          59          79
4350          57          81
4360          60          82
4370          56          80
4380          58          92
4390          56          66
4400          64          86
4410          63          87
4420          56          78
4430          68          86
4440          62          80
4450          64          80
4460          66          88
4470          67          79
4480          68          88
4490          64          76
4500          66          88
4510          65          85
4520          65          93
4530          75          93
4540          70          88
4550          65          97
4560          57          77
4570          60          82
4580          65          91
4590          61          95
4600          65          93
4610          63          79
4620          59          83
4630          61          89
4640          62          90
4650          61          81
4660          63          85
4670          59          95
4680          61          85
4690          64          94
4700          63          81
4710          65          81
4720          66          84
4730          67          91
4740          59          85
4750          66          86
4760          61          83
4770          54          78
4780          49          69
4790          57          71
4800          55          79
4810          59          81
4820          55          81
4830          57          93
4840          56          78
4850          55          75
4860          58          76
4870          59          77
4880          54          76
4890          50          78
4900          54          84
4910          59          69
4920          59          77
4930          57          91
4940          61          87
4950          67          87
4960          58          92
4970          66          86
4980          63          95
4990          63          79
5000          60          86
5010          63          93
5020          62          74
5030          61          81
5040          59          81
5050          63          69
5060          58          84
5070          61          75
5080          57          87
5090          54          86
5100          55          77
5110          67          87
5120          64          88
5130          61          83
5140          59          83
5150          61          81
5160          64          90
5170          60          82
5180          55          73
5190          62          78
5200          60          86
5210          61          77
5220          57          69
5230          54          82
5240          67          83
5250          61          83
5260          69          91
5270          67          85
5280          59          87
5290          63          77
5300          62          84
5310          65          83
5320          64          76
5330          63          73
5340          64          84
5350          61          79
5360          65          83
5370          55          71
5380          62          80
5390          63          77
5400          69          91
5410          65          89
5420          59          81
5430          66          98
5440          59          91
5450          59          87
5460          67          85
5470          62          90
5480          61          79
5490          60          82
5500          55          89
5510          57          77
5520          64          86
5530          65          75
5540          63          79
5550          67          89
5560          61          89
5570          64          78
5580          65          87
5590          63          89
5600          62          76
5610          62          80
5620          64          84
5630          59          83
5640          62          90
5650          64          92
5660          58          96
5670          63          85
5680          59          79
5690          62          82
5700          58          80
5710          56          86
5720          62          76
5730          65          91
5740          58          78
5750          63          83
5760          70          94
5770          63          85
5780          68          90
5790          63          83
5800          66          84
5810          69          89
5820          64          84
5830          61          83
5840          66          88
5850          64          84
5860          64          84
5870          63          95
5880          67          93
5890          67          95
5900          63          97
5910          64          92
5920          69          91
5930          65          87
5940          64          86
5950          70          94
5960          68         100
5970          63          75
5980          69          87
5990          66          92
6000          63          85
6010          64          88
6020          65         105
6030          65          87
6040          63         101
6050          69          91
6060          65          81
6070          71         101
6080          65         101
6090          70          90
6100          71          91
6110          69          91
6120          57          93
6130          67          93
6140          67          85
6150          67          87
6160          69          93
6170          68          92
6180          68          92
6190          75         101
6200          62          92
6210          66          92
6220          64          94
6230          62          86
6240          71          95
6250          57          91
6260          67          85
6270          61          95
6280          71          83
6290          67          85
6300          61          85
6310          65          79
6320          63          77
6330          60          74
6340          62          88
6350          59          85
6360          66          86
6370          68          88
6380          68          86
6390          68          96
6400          58          88
6410          66          90
6420          56          90
6430          65          93
6440          68          94
6450          61          85
6460          69         103
6470          68          90
6480          70          96
6490          62          90
6500          71          95
6510          69         107
6520          70         104
6530          69          99
6540          69          93
6550          64          88
6560          63          89
6570          65          87
6580          56          86
6590          65          89
6600          62          90
6610          62          96
6620          61          85
6630          65          85
6640          59          87
6650          61          79
6660          59          77
6670          59          77
6680          66          86
6690          65          77
6700          65          85
6710          66          88
6720          66          92
6730          66          94
6740          59          81
6750          67          89
6760          70          96
6770          75          93
6780          61          81
6790          63          93
6800          69          83
6810          71          91
6820          69          97
6830          61          77
6840          60          82
6850          63          81
6860          60          76
6870          59          85
6880          67          89
6890          63          81
6900          67          79
6910          65          83
6920          66          84
6930          68          84
6940          66          88
6950          66          84
6960          59          93
6970          60          84
6980          65          89
6990          66          94
7000          71          81
7010          62          90
7020          64          84
7030          61          87
7040          65          91
7050          63          83
7060          60          74
7070          61          75
7080          57          79
7090          63          79
7100          67          83
7110          69          89
7120          60          90
7130          73          87
7140          61          77
7150          59          89
7160          66          84
7170          66          98
7180          69          99
7190          71          93
7200          70          82
7210          64          86
7220          61          91
7230          64          84
7240          60          82
7250          70          84
7260          69          91
7270          64          82
7280          72          94
7290          68          94
7300          67          95
7310          62          84
7320          62          78
7330          69          83
7340          65          83
7350          66          82
7360          63          77
7370          60          86
7380          62          82
7390          68          80
7400          59          95
7410          58          78
7420          60          80
7430          67          89
7440          62          98
7450          58          88
7460          63          91
7470          67          91
7480          63          87
7490          70          92
7500          62          88
7510          68          92
7520          68          92
7530          66          94
7540          62          96
7550          66          86
7560          66          92
7570          76         100
7580          67         101
7590          69          91
7600          70          88
7610          68          92
7620          63          85
7630          65          95
7640          71          95
7650          63          83
7660          62          82
7670          73         103
7680          72          94
7690          66          92
7700          68          84
7710          65          93
7720          64          94
7730          64          88
7740          70          80
7750          66          84
7760          67          91
7770          66          86
7780          69          85
7790          70          82
7800          70          92
7810          64          88
7820          66          86
7830          61          93
7840          69          87
7850          66         100
7860          64          84
7870          66          96
7880          59          91
7890          57          83
7900          68          90
7910          64          90
7920          68          92
7930          63          87
7940          64          84
7950          62          90
7960          67          87
7970          63          95
7980          72          88
7990          70          92
8000          70          98
8010          59          87
8020          62          88
8030          59          89
8040          61          87
8050          66          98
8060          62          86
8070          61          87
8080          67          83
8090          62          82
8100          63          83
8110          62          80
8120          62          88
8130          63          97
8140          59          91
8150          65          87
8160          66         100
8170          65          79
8180          69         101
8190          62          86
8200          65          91
8210          68          86
8220          65          99
8230          66          90
8240          72          98
8250          68          88
8260          63         103
8270          61          93
8280          67          87
8290          71          91
8300          67          93
8310          62          78
8320          64          92
8330          70          92
8340          63          85
8350          67          93
8360          60          92
8370          61          79
8380          61          83
8390          64          86
8400          65          95
8410          75          89
8420          66          88
8430          61          97
8440          68          90
8450          67          93
8460          70          86
8470          68          84
8480          59          87
8490          67          95
8500          66          92
8510          66          96
8520          63          97
8530          68          88
8540          60          80
8550          69          97
8560          72          90
8570          69          89
8580          66          86
8590          69          87
8600          68          88
8610          71          97
8620          63          93
8630          68          88
8640          61          91
8650          65          91
8660          61         103
8670          63          99
8680          67          89
8690          64          78
8700          67          91
8710          62          86
8720          57          85
8730          67          93
8740          64          94
8750          69          81
8760          66          84
8770          67          83
8780          68          94
8790          70         106
8800          70         100
8810          61          93
8820          68          86
8830          66          92
8840          66          96
8850          77         109
8860          70          82
8870          71         105
8880          67          97
8890          65          97
8900          64         100
8910          66          96
8920          71          91
8930          65         103
8940          62          90
8950          70          84
8960          66          92
8970          53          93
8980          64          94
8990          65          97
9000          65          89
9010          66          84
9020          67          89
9030          67          99
9040          66          90
9050          62          80
9060          72          96
9070          62          88
9080          69          99
9090          69          91
9100          62          90
9110          68         100
9120          70          94
9130          67          97
9140          68          96
9150          67          89
9160          64          86
9170          75          93
9180          64          82
9190          65          83
9200          63          97
9210          69          93
9220          65          79
9230          66          92
9240          62          84
9250          65          83
9260          59          91
9270          64          88
9280          63          85
9290          58          82
9300          68          86
9310          63          93
9320          63          81
9330          65          83
9340          67          85
9350          67          89
9360          70          80
9370          67          89
9380          67          85
9390          63          91
9400          68          92
9410          75          87
9420          67          91
9430          65          91
9440          58          90
9450          72          92
9460          63          85
9470          56          90
9480          61          83
9490          69          91
9500          71          93
9510          72          84
9520          61          81
9530          68          82
9540          71          97
9550          66          94
9560          64          86
9570          61          79
9580          67          85
9590          67          87
9600          61          81
9610          63          81
9620          62          90
9630          60          80
9640          64          84
9650          61          81
9660          60          78
9670          59          89
9680          62          82
9690          60          86
9700          56          78
9710          57          73
9720          61          73
9730          61          87
9740          59          83
9750          62          84
9760          60          82
9770          56          82
9780          66          90
9790          63          95
9800          58          82
9810          61          89
9820          64          84
9830          62          78
9840          64          88
9850          61          83
9860          64          84
9870          59          85
9880          60          76
9890          61          67
9900          67          87
9910          67          81
9920          61          79
9930          68          74
9940          55          75
9950          60          84
9960          63          89
9970          68          78
9980          61          83
9990          63          75
10000          65          79
