Time   C(t)   
ps   
0           1           1  4.35624e-10   0.0230726
10    0.774169    0.857609    0.263909   0.0124716
20    0.750568    0.842728   -0.346789  0.00187058
30    0.736757     0.83402    0.202277  0.00134449
40    0.723678    0.825773   0.0592761  0.00129339
50    0.710889     0.81771    0.792324  0.00116273
60    0.700423    0.811111       1.057  0.000963441
70     0.69162     0.80556     1.05589  0.000959167
80     0.68124    0.799015    0.872818  0.000954702
90    0.672526    0.793521    0.791549  0.000751176
100    0.666216    0.789543   -0.308909  0.000655636
110    0.659414    0.785253   0.0571884  0.000735119
120    0.651514    0.780272   0.0572678  0.000640637
130    0.646601    0.777175    0.483864  0.000582951
140    0.639855    0.772921   -0.188129  0.000617674
150    0.634247    0.769386  -0.0661761  0.000578913
160    0.628277    0.765621    0.788984  0.000658673
170    0.621074    0.761079    0.605677  0.00068405
180    0.614596    0.756995    0.443001  0.000540823
190    0.610258    0.754259    0.809058  0.000377893
200    0.607038    0.752229     1.43973  0.000509146
210    0.600075    0.747839    0.889988  0.00062452
220    0.594547    0.744354     1.19483  0.000562912
230    0.588816     0.74074    0.706045  0.000463906
240    0.585269    0.738504   -0.230921  0.000461763
250    0.579581    0.734917    0.583794  0.000498161
260    0.575306    0.732222    0.461225  0.000445801
270    0.570665    0.729296   -0.129459  0.000402904
280    0.567248    0.727141    -0.72068  0.000398904
290    0.562687    0.724265     0.23624  0.000415936
300    0.558929    0.721896    0.297256  0.000520986
310    0.552267    0.717695    0.990137  0.000417644
320    0.550576    0.716629    0.520968  0.000270396
330    0.546859    0.714286     1.23359  0.000421044
340    0.542156     0.71132    0.459932  0.000418541
350    0.538489    0.709008     1.39644  0.000344226
360    0.535271    0.706979     1.15174  0.000379416
370      0.5309    0.704223     1.63985  0.000414523
380    0.526981    0.701752    0.804882  0.000334966
390    0.524201    0.699999     1.11006  0.00034892
400    0.520002    0.697352     1.17151  0.000408748
410    0.516026    0.694844     1.02923  0.000246635
420    0.515069    0.694241     2.00503  0.000319871
430    0.509629    0.690811     1.25165  0.000417608
440    0.506717    0.688975    0.885275  0.000365755
450    0.502313    0.686198    0.478196  0.00036974
460    0.499323    0.684313    0.661264  0.000319302
470    0.495927    0.682172    0.722062  0.000237182
480    0.494579    0.681322    0.151551  0.00024274
490    0.491073    0.679111      0.8845  0.000405781
500    0.486463    0.676205     1.06785  0.000366697
510    0.483739    0.674487      1.5971  0.000277746
520    0.480908    0.672702    0.925084  0.000266671
530    0.478405    0.671124    0.212209  0.000293943
540    0.475029    0.668995    0.354395  0.000291179
550    0.472582    0.667452    0.700736  0.000208332
560    0.470863    0.666368   -0.196023  0.000192089
570     0.46874     0.66503    0.108938  0.000247669
580    0.465909    0.663245    0.822132  0.000310171
590    0.462536    0.661118    0.842503  0.000250441
600    0.460901    0.660087   0.0883079  0.000281315
610     0.45691    0.657571    0.210579  0.000312027
620     0.45466    0.656152    0.149344  0.000243752
630    0.452035    0.654497      0.8207  0.000279665
640    0.449067    0.652625     1.08581  0.000319052
650    0.445654    0.650474    0.596888  0.000235273
660    0.444361    0.649659    0.963163  0.000203773
670    0.441579    0.647904    0.820203  0.000214276
680    0.440076    0.646956    0.820222  0.000228381
690    0.437011    0.645024     1.26789  0.000232163
700    0.435433    0.644029    0.962209  0.000281972
710    0.431372    0.641468     1.79737  0.000279064
720    0.429851     0.64051    0.819387  0.000274664
730    0.425878    0.638005    0.392275  0.000339867
740    0.423054    0.636224    0.290455  0.000250322
750    0.420872    0.634848     0.43274  0.000151891
760    0.420016    0.634308    0.493676  0.00020186
770    0.416835    0.632302    0.554434  0.000287667
780    0.414263    0.630681     1.71481  0.000161608
790    0.413603    0.630264     1.73481  0.000213496
800    0.409993    0.627988     1.32791  0.000284161
810    0.407919    0.626681     1.75506  0.000276257
820    0.404468    0.624505     2.14199  0.000271633
830    0.402487    0.623256     1.73441  0.000170764
840    0.401052    0.622351     1.30634  0.000231445
850    0.397858    0.620337    0.594005  0.000256008
860    0.395932    0.619123     1.63281  0.000296415
870    0.391929    0.616599    0.858938  0.000270991
880    0.390512    0.615706     1.18441  0.000150543
890    0.388919    0.614701     1.34691   0.0002462
900    0.385588    0.612601    0.878554  0.000290002
910    0.383119    0.611044     1.93694  0.000247259
920    0.380643    0.609483     1.93717  0.000202596
930    0.379067    0.608489     1.08128  0.00031276
940    0.374388    0.605539     1.34647  0.000334191
950    0.372383    0.604275      1.3263  0.000277504
960    0.368838    0.602039     1.14305  0.000180231
970    0.368778    0.602002     1.52922  9.34169e-05
980     0.36697    0.600861     1.14221  0.000240557
990    0.363967    0.598968     1.65141  0.00020248
1000     0.36292    0.598308     1.83424  0.000211819
1010    0.359731    0.596297     1.42666  0.000299951
1020    0.356921    0.594526     1.52904  0.000205718
1030    0.355616    0.593703     1.60981  0.000197493
1040    0.352971    0.592035     1.32479  0.000231291
1050     0.35099    0.590786     1.83329  0.000175409
1060    0.349463    0.589823     1.95552  0.000137012
1070     0.34825    0.589058     2.07757  0.000259289
1080    0.344277    0.586553     1.42579  0.000298627
1090    0.342278    0.585293     2.28037  0.000253379
1100     0.33921    0.583358     2.15878  0.000213087
1110    0.338016    0.582606     2.46402  0.000179914
1120    0.335611    0.581089     2.81006  0.000247812
1130     0.33306    0.579481     2.74867  0.000155818
1140    0.332495    0.579124     2.40251  0.000181256
1150    0.329435    0.577195     2.15788  0.000235008
1160    0.327795    0.576161     2.74837  0.000255257
1170    0.324329    0.573976     2.76946  0.000241449
1180    0.322966    0.573116     1.99539  0.000132941
1190    0.321671    0.572299     3.78707  9.91881e-05
1200    0.320982    0.571865      3.0331  0.000190936
1210    0.317852    0.569892     3.11506  0.000187652
1220    0.317229    0.569499     2.76824  0.000220573
1230     0.31344     0.56711     3.23698  0.00018128
1240    0.313603    0.567213     2.66611  0.00019096
1250    0.309621    0.564702      2.7686  0.000313848
1260    0.307326    0.563255     3.27704  0.000200848
1270    0.305604    0.562169     2.60503  0.000163385
1280    0.304059    0.561195     2.80829  0.00017463
1290    0.302112    0.559967     2.56411  0.000176814
1300    0.300522    0.558965      2.5436  0.000253451
1310    0.297043    0.556771     2.74765  0.00015403
1320    0.297442    0.557023     3.35736  1.81884e-05
1330    0.296679    0.556542      2.6447  0.000172915
1340    0.293984    0.554842     2.80785  0.000235206
1350    0.291975    0.553576     3.39808  0.000201099
1360    0.289962    0.552306     3.94778  0.000192422
1370    0.288126    0.551149     4.27389  0.000202054
1380    0.285921    0.549758     3.72401  0.000191508
1390    0.284296    0.548734     3.68277  5.62981e-05
1400    0.284795    0.549048     4.11008  0.000141005
1410    0.281476    0.546956     3.64199  0.000177854
1420    0.281237    0.546806     3.23453  0.000161877
1430    0.278239    0.544915     4.27276  0.000230277
1440    0.276632    0.543902     3.84541  0.000140546
1450    0.275428    0.543142     4.15051  0.000116865
1460    0.274295    0.542428     3.55923  0.000266865
1470     0.27009    0.539777     2.60296  0.000265481
1480    0.268985     0.53908     3.78361  0.000166234
1490    0.266766    0.537681     2.90822  0.000170262
1500     0.26558    0.536933     2.60201  0.000155851
1510    0.263649    0.535715     2.43923  0.000206397
1520    0.261452     0.53433     2.43909  0.000273889
1530    0.258171    0.532262     2.70415  0.000186858
1540    0.257715    0.531974     2.50035  0.00010538
1550    0.256063    0.530933      2.7244  0.000256883
1560    0.252577    0.528735     3.09105  0.000161991
1570    0.252823     0.52889     3.57896  0.000100799
1580    0.250561    0.527463     3.78266  0.000202116
1590    0.248781    0.526341     2.86636  0.000142579
1600    0.247709    0.525665     2.49971  0.000110995
1610    0.246561    0.524941     2.64178  6.41927e-05
1620    0.246426    0.524856     3.21187  2.67528e-05
1630    0.246026    0.524604     2.53974  0.000124901
1640    0.243928    0.523281     2.17354  0.000142092
1650    0.243184    0.522812     2.60054  7.44157e-05
1660    0.242439    0.522343     2.68238  6.89231e-05
1670    0.241806    0.521943     2.66145  0.000137366
1680    0.239692     0.52061     2.96729  0.000183124
1690    0.238143    0.519634     2.64144  0.000134175
1700    0.237008    0.518918     2.80386  0.000119337
1710    0.235757    0.518129     3.53691  0.00014436
1720    0.234121    0.517098     3.23129  0.000230479
1730    0.231147    0.515222     3.29248  0.000219523
1740    0.229731     0.51433     2.96673  0.000180013
1750    0.227547    0.512952     2.96671  0.000124892
1760    0.227233    0.512755     2.82403  9.27411e-05
1770    0.225692    0.511783     2.98703  0.00013702
1780    0.224493    0.511027     2.96665  9.7052e-05
1790    0.223751    0.510559     2.88459  0.000120378
1800    0.222085    0.509509      3.1087  0.000128318
1810    0.221185    0.508941     4.41134  0.000120983
1820    0.219665    0.507983     2.84367  0.000154031
1830    0.218104    0.506999     3.75988  0.000123483
1840    0.217196    0.506426     3.29131  0.00014125
1850    0.215279    0.505217     3.55604  0.000343007
1860    0.210336      0.5021     2.78273  0.000271885
1870    0.209841    0.501789     2.66012  8.83453e-05
1880    0.208569    0.500986     3.10808  0.000185751
1890    0.206126    0.499446     2.17108  0.000184192
1900    0.204885    0.498664     2.88383  0.000143781
1910    0.203251    0.497633     2.11038  0.000110941
1920    0.202666    0.497265     2.84271  0.000154258
1930    0.200165    0.495688     1.82482  0.000207367
1940    0.198519     0.49465     1.49879  0.000162863
1950    0.196908    0.493634     1.98771  0.000133832
1960    0.195842    0.492962     1.98745  0.000114566
1970    0.194617    0.492189     2.25163  0.000105023
1980    0.193742    0.491638      1.8647  0.000103369
1990    0.192549    0.490886     2.08834  0.000198191
2000    0.189778    0.489138     1.84409  0.000139386
2010    0.189762    0.489128     2.73984  9.24885e-05
2020    0.187928    0.487972     1.98652  0.000169752
2030    0.186367    0.486988     2.41403  0.000134543
2040    0.185237    0.486275     2.55675  0.00017657
2050    0.182835    0.484761     2.55681  0.000214662
2060    0.180944    0.483568     2.94376  0.000125755
2070     0.18032    0.483175     2.96391  0.000161994
2080    0.177704    0.481526     3.16773  0.000192172
2090    0.176477    0.480752     3.22837  9.29467e-05
2100    0.175845    0.480354     3.57447  0.000129207
2110    0.173893    0.479122     3.88003  0.000137455
2120    0.173096     0.47862     3.49298  4.56996e-05
2130    0.172979    0.478546        3.35  0.000136133
2140    0.170373    0.476903     3.02447  0.000284973
2150    0.167279    0.474952     2.86169  0.000231368
2160    0.165746    0.473986     3.88001  7.49521e-05
2170     0.16578    0.474007     3.73724  8.73648e-05
2180    0.163999    0.472884     3.53321  0.000259104
2190    0.160598     0.47074     3.98157  0.000213152
2200    0.159736    0.470196     3.30932  8.22946e-05
2210    0.158952    0.469702      3.3498  0.000114932
2220    0.157437    0.468747     3.85886  8.27022e-05
2230    0.157298    0.468659     3.87885  0.000131774
2240    0.154802    0.467085     4.14359  0.000274392
2250     0.15181    0.465199     3.47171  9.17435e-05
2260    0.152967    0.465928     3.65435  0.000137107
2270    0.149068     0.46347     4.22525  0.000208598
2280    0.148795    0.463298     3.87885  9.69268e-05
2290     0.14713    0.462248     3.81764  0.000123705
2300    0.146321    0.461738     3.47118  0.000150716
2310    0.144115    0.460347     3.34903  0.000159229
2320    0.143136     0.45973     3.40982  0.000126844
2330    0.141578    0.458748     3.65403  0.000232134
2340    0.138493    0.456802     3.67488  0.000170811
2350    0.138162    0.456594      3.8779  0.000105375
2360    0.136386    0.455474      3.8168  0.000192326
2370    0.134316    0.454168      3.3281  0.000240444
2380    0.131577    0.452442     3.73565  0.000191298
2390     0.13049    0.451756     3.95913  6.53237e-05
2400     0.13027    0.451618       3.572  0.000105042
2410    0.128389    0.450431     3.85719  0.000138516
2420      0.1275    0.449871     4.46805  0.000153509
2430    0.125319    0.448496     4.77358  0.000141291
2440    0.124674    0.448089     5.07882  0.000116745
2450    0.122984    0.447023     4.18258  0.000165089
2460    0.121373    0.446007     5.26181  0.000152941
2470    0.119925    0.445095     5.07864  0.000176412
2480    0.117844    0.443783     3.99939  0.000147476
2490    0.116975    0.443235     4.38612  8.06741e-05
2500    0.116231    0.442766     5.46513  4.29552e-05
2510    0.116116    0.442693     5.18005  7.4761e-05
2520    0.114736    0.441823     4.40594  0.000131887
2530    0.113479     0.44103     5.22067  0.000182967
2540    0.111076    0.439515     4.75238  0.000153759
2550    0.110403    0.439091     4.79294  8.64644e-05
2560    0.109347    0.438425     5.54614  0.000160939
2570    0.107185    0.437062     5.42431  0.000148558
2580    0.106376    0.436552     5.09786  0.000215024
2590    0.102884     0.43435     5.05756  0.000211152
2600    0.102153    0.433889     4.89434  3.48162e-05
2610    0.102188    0.433911     4.58871  8.62233e-05
2620    0.100428    0.432802     4.34408  0.000178338
2630    0.098621    0.431662     4.58855  0.000161688
2640   0.0971946    0.430763     4.87343  0.000175025
2650   0.0951205    0.429455     5.52489  0.000104582
2660    0.095103    0.429444      4.9959  0.000105004
2670   0.0930205    0.428131     5.50472  0.000100823
2680   0.0930865    0.428172     5.38221  9.04605e-05
2690   0.0912112     0.42699     4.89357  6.46602e-05
2700   0.0917933    0.427357     4.64867  0.000119073
2710   0.0888298    0.425489     5.72834  0.000268604
2720   0.0864212     0.42397     4.99553  5.68468e-05
2730   0.0876928    0.424772      4.6282  3.55396e-05
2740   0.0857104    0.423522     4.60818  0.000115868
2750   0.0853755    0.423311     4.95458  8.58024e-05
2760   0.0839944     0.42244     5.09667  0.000142692
2770   0.0825216    0.421511     5.15786  9.94079e-05
2780   0.0820062    0.421186     4.79105  0.000112851
2790   0.0802646    0.420088     5.03532  0.000150314
2800   0.0789999    0.419291     5.46322  0.000214374
2810   0.0759771    0.417385      4.5675  0.000157758
2820   0.0758448    0.417301     4.66892  3.08365e-05
2830   0.0753604    0.416996      4.7703  0.000180656
2840   0.0722316    0.415023     5.25954  0.000150089
2850   0.0723586    0.415103     5.44239  0.000139681
2860    0.069438    0.413262     5.23887  0.000179706
2870   0.0687645    0.412837     5.27982  6.52015e-05
2880    0.068134    0.412439     4.99481  3.20867e-05
2890   0.0681228    0.412432     4.99433  0.000156607
2900   0.0650018    0.410465     4.85191  0.000101249
2910   0.0660978    0.411156     4.48478  -8.75015e-05
2920   0.0667519    0.411568     5.01413  5.94113e-05
2930   0.0649096    0.410406     5.15675  0.000155475
2940   0.0636424    0.409607     5.91011  0.000153712
2950   0.0618353    0.408468     6.03246  0.00014066
2960   0.0608292    0.407834     5.70647  0.000134385
2970   0.0591476    0.406773     5.50343  8.30609e-05
2980    0.059168    0.406786     5.60483  7.21754e-05
2990   0.0577041    0.405863     5.60485  0.000101566
3000   0.0571366    0.405505     5.09562  2.74854e-05
3010   0.0571544    0.405517     4.81029  -4.01834e-05
3020   0.0579403    0.406012     5.19696  -1.76115e-05
3030   0.0575066    0.405739     4.99318  0.000131774
3040   0.0553048     0.40435     5.03422  0.000116145
3050   0.0551837    0.404274     4.91171  1.21238e-05
3060   0.0550624    0.404198     4.95208  8.04044e-05
3070   0.0535757     0.40326     5.07433  0.000126097
3080   0.0525404    0.402607     4.83038  8.31461e-05
3090   0.0519127    0.402212     4.01535  6.05742e-05
3100   0.0513289    0.401844     4.32085  9.73709e-05
3110   0.0499653    0.400984     4.25957  0.000150323
3120   0.0483225    0.399948     4.58542  4.74459e-05
3130   0.0490164    0.400385     4.78859  2.24538e-05
3140   0.0478734    0.399665     4.29978  0.000139799
3150   0.0462204    0.398622     4.13691  6.40977e-05
3160   0.0465915    0.398856     4.82911  5.51905e-05
3170   0.0451166    0.397927     4.48313  0.000119945
3180   0.0441925    0.397344     4.68647  7.17264e-05
3190   0.0436821    0.397022     5.05302  1.16888e-05
3200   0.0439588    0.397196     5.03243  0.00010698
3210   0.0415425    0.395673     4.82913  9.31429e-05
3220   0.0420959    0.396022     5.29709  5.6372e-05
3230    0.040415    0.394962     4.88993  8.67052e-05
3240   0.0403618    0.394929     4.82865  0.000119784
3250   0.0380193    0.393452     5.13447  9.89046e-05
3260   0.0383837    0.393681     4.56386  0.000155638
3270   0.0349066    0.391489     4.93061  0.000221515
3280   0.0339534    0.390888     4.99171  0.000100171
3290   0.0329032    0.390226     5.15448  6.28002e-05
3300   0.0326974    0.390096     5.23575  0.00011255
3310   0.0306521    0.388806     5.09313  0.000141083
3320   0.0298758    0.388317     4.66542  0.00011559
3330   0.0283404    0.387349     4.80788  0.000106408
3340   0.0277476    0.386975     4.70597  0.000128136
3350   0.0257776    0.385733     4.62464  0.000145041
3360   0.0248468    0.385146     4.27804  7.65854e-05
3370   0.0242459    0.384767     3.99339  5.06458e-05
3380   0.0238339    0.384507     5.01138  -8.82698e-06
3390   0.0244225    0.384878     4.76656  6.05078e-05
3400   0.0226237    0.383744     4.76692  8.44506e-05
3410   0.0227334    0.383813     4.46142  -3.4977e-05
3420   0.0233232    0.384185      4.7255  -3.50573e-05
3430   0.0234346    0.384256     5.54014  5.61452e-05
3440   0.0222003    0.383477      5.1331  0.000138076
3450   0.0206731    0.382514     5.07186  4.92608e-05
3460   0.0212151    0.382856     4.72556  4.95562e-05
3470   0.0196819    0.381889     4.72572  0.000153573
3480   0.0181437     0.38092     5.07202  0.000132232
3490   0.0170373    0.380222     5.49951  0.000118092
3500   0.0157818     0.37943     5.49933  0.000101462
3510   0.0150081    0.378942     5.25523  4.47137e-06
3520   0.0156924    0.379374     4.92886  9.23227e-05
3530   0.0131616    0.377778      5.7439  0.000194902
3540   0.0117943    0.376916     5.62174  0.000102672
3550   0.0111082    0.376484     5.60117  7.36715e-05
3560   0.0103209    0.375987     5.92696  0.000118045
3570  0.00874728    0.374995     5.72358   4.465e-05
3580  0.00942791    0.375424     5.23412  7.20503e-05
3590  0.00730627    0.374086     5.70281  0.000163203
3600  0.00616385    0.373366     5.43814  8.23519e-05
3610  0.00565923    0.373048     5.09152  0.000159282
3620   0.0029782    0.371357     6.04874  0.000184364
3630  0.00197195    0.370723     5.56003  0.000147896
3640  2.02772e-05    0.369492     5.47868  0.000108545
3650  -0.000198944    0.369354     5.66195  1.94902e-05
3660  -0.000369527    0.369247     5.51915  0.000109242
3670  -0.00238378    0.367977     5.53958  0.000124402
3680  -0.00285757    0.367678     5.78382  -1.25208e-05
3690  -0.00213336    0.368134     5.33556  1.50685e-05
3700  -0.00315894    0.367488     5.55999  3.25215e-05
3710  -0.00278379    0.367724     5.49872  -1.24617e-05
3720  -0.00290971    0.367645     5.57973  0.000118248
3730  -0.00514876    0.366233     6.10949  5.79886e-05
3740  -0.00406948    0.366914     5.90548  2.56254e-05
3750  -0.00566126     0.36591     5.74262  0.000141749
3760  -0.00690446    0.365126     6.14984  9.92212e-05
3770  -0.00764569    0.364659     5.64116  2.35268e-05
3780   -0.007375    0.364829     5.25384  5.4134e-05
3790  -0.00872837    0.363976     5.33532  5.92624e-05
3800  -0.00856024    0.364082     4.92795  3.92003e-05
3810  -0.00951238    0.363482     5.21315   0.0001362
3820  -0.0112842    0.362365     4.80576  0.000169816
3830  -0.0129087     0.36134     5.66131  0.000165252
3840  -0.0145893    0.360281     5.92605  0.000101674
3850  -0.0149422    0.360058     5.41663  4.81809e-05
3860  -0.0155529    0.359673      5.8445  0.000128051
3870  -0.0175032    0.358443     5.68151  5.36613e-05
3880  -0.0166261    0.358996     5.70184  2.0523e-05
3890  -0.0179137    0.358185     6.00706  0.000154816
3900  -0.0197224    0.357044     5.82375  0.000139745
3910  -0.0207086    0.356422     5.39628  2.6169e-05
3920  -0.0202458    0.356714     5.25362  -4.63493e-05
3930  -0.0197816    0.357007     5.06995  4.71528e-05
3940  -0.0211889     0.35612     5.84381  0.000133158
3950  -0.0224447    0.355328     5.41626  0.000167566
3960  -0.0245402    0.354006     5.70134  0.000107897
3970  -0.0246027    0.353967     5.70134  1.14976e-05
3980  -0.0247701    0.353861     5.80286  8.91443e-06
3990   -0.024781    0.353855     5.51746  0.000150876
4000  -0.0277877    0.351959     5.88467  0.000214303
4010   -0.029067    0.351152     5.94559  7.54156e-05
4020   -0.029296    0.351008     5.78221  6.25545e-05
4030  -0.0303181    0.350363     5.92482  7.3265e-05
4040  -0.0307613    0.350084     6.02658  0.000134527
4050  -0.0330087    0.348667     5.55824  0.000169348
4060  -0.0341482    0.347948     6.06766  7.42646e-05
4070  -0.0344939     0.34773     6.35227  -2.92933e-05
4080  -0.0335624    0.348318     6.35197  8.01163e-05
4090  -0.0360963     0.34672     6.75978  8.54431e-05
4100  -0.0352712     0.34724     5.74085  2.71048e-05
4110  -0.0366384    0.346378     6.31148  0.000118182
4120  -0.0376349     0.34575     6.14845  0.000134747
4130  -0.0393333    0.344679      5.5782  6.51872e-05
4140  -0.0389386    0.344928     6.22974  6.82738e-05
4150  -0.0406988    0.343818     6.00575  0.000152032
4160  -0.0419793    0.343011     5.78181  7.14641e-05
4170  -0.0421281    0.342917     5.88339  0.000112439
4180   -0.044228    0.341593     5.86316  8.28058e-05
4190  -0.0437842    0.341873     5.31294  8.3309e-05
4200  -0.0458942    0.340542      5.1705  0.000159618
4210  -0.0469765     0.33986     5.39443  4.02331e-05
4220  -0.0466989    0.340035     5.41437  -4.82053e-07
4230  -0.0469669    0.339866     5.39423  1.31398e-05
4240  -0.0469617    0.339869     6.00493  1.86915e-05
4250  -0.0473407     0.33963     5.63854  0.000117617
4260   -0.049314    0.338386     5.67928  7.93552e-05
4270  -0.0489278     0.33863     6.06607  2.47203e-05
4280  -0.0498084    0.338074      6.0456  0.000124109
4290    -0.05141    0.337065     5.45505  0.000146603
4300  -0.0527405    0.336226     5.65909  -1.35843e-05
4310  -0.0511383    0.337236     5.92346  -9.94293e-05
4320  -0.0507519    0.337479      5.2921  1.69165e-05
4330  -0.0514767    0.337022      5.6384  -1.37804e-05
4340  -0.0504763    0.337653     5.65845  3.06293e-06
4350  -0.0515379    0.336984     5.41413  7.55999e-05
4360  -0.0519883      0.3367     5.02714  1.15069e-05
4370   -0.051768    0.336839     5.39382  3.1881e-06
4380  -0.0520521     0.33666     6.12674  7.9041e-05
4390  -0.0533489    0.335842     5.39389  8.20471e-05
4400   -0.053693    0.335625     5.57696  -1.34828e-05
4410  -0.0530792    0.336012     5.27103  5.72015e-05
4420   -0.054837    0.334904     5.23052  6.85195e-05
4430  -0.0544496    0.335148     5.61727  8.03053e-05
4440  -0.0564432    0.333891     5.71921  0.000117322
4450   -0.056796    0.333669     5.65817  2.11162e-05
4460  -0.0568655    0.333625     6.02443  9.25025e-05
4470  -0.0586461    0.332502     5.84126  7.55362e-05
4480  -0.0583762    0.332672     5.47463  -5.27846e-05
4490  -0.0575904    0.333168     6.28888  0.000101889
4500   -0.060414    0.331387     5.61715  0.000159375
4510  -0.0607779    0.331158     5.65787  -7.86439e-05
4520  -0.0588411    0.332379     5.39298  -9.31382e-05
4530  -0.0589151    0.332332     5.45376  0.000102724
4540  -0.0608956    0.331084     5.63714  0.000143434
4550  -0.0617838    0.330524     4.96525  7.4501e-05
4560  -0.0623856    0.330144     5.45384  -1.23199e-05
4570  -0.0615374    0.330679     5.57605  1.39412e-05
4580  -0.0626644    0.329968     5.53522  9.83397e-05
4590  -0.0635042    0.329439     5.49452  5.78586e-05
4600  -0.0638216    0.329239     5.16873  -6.24359e-06
4610  -0.0633793    0.329518     5.31112  6.41473e-05
4620  -0.0651045     0.32843     4.90382  0.000134661
4630  -0.0660726    0.327819     5.59628  6.16729e-05
4640   -0.066338    0.327652     5.00534  3.24979e-05
4650  -0.0667225     0.32741      4.8016  3.0797e-06
4660  -0.0663996    0.327613     4.92359  5.64098e-05
4670  -0.0678507    0.326698     5.02559  0.000151316
4680  -0.0694259    0.325705     4.92385  0.000125149
4690  -0.0703537     0.32512     4.65926  4.53424e-05
4700  -0.0703328    0.325133     5.24954  8.13667e-05
4710   -0.071981    0.324094     4.82195  7.55575e-05
4720  -0.0718439    0.324181     4.59776  6.10583e-05
4730  -0.0732022    0.323324     5.22909  0.000139076
4740  -0.0746254    0.322427     5.39212  7.35205e-05
4750  -0.0746726    0.322397     4.90298  1.97738e-05
4760  -0.0750209    0.322177     5.31004  8.01161e-05
4770  -0.0762749    0.321387      5.3511  -1.33008e-05
4780  -0.0747549    0.322345     5.31004  5.95555e-05
4790   -0.077466    0.320636     5.20848  8.05888e-05
4800  -0.0763667    0.321329     4.90276  -7.97592e-05
4810  -0.0758708    0.321641     4.94341  7.81853e-05
4820  -0.0779304    0.320343     4.84179  5.9931e-05
4830  -0.0770695    0.320886     5.18747  2.07171e-05
4840  -0.0783447    0.320082     5.24885  5.42689e-05
4850  -0.0781548    0.320201     5.24869  -5.27516e-05
4860  -0.0772897    0.320747     5.45217  3.3183e-05
4870  -0.0788185    0.319783     5.67638  5.77074e-05
4880  -0.0784438    0.320019     5.37052  7.35607e-05
4890  -0.0802897    0.318855      5.0044  4.57961e-05
4900  -0.0793598    0.319442     5.00403  -0.000124145
4910  -0.0778068    0.320421     5.02374  8.91462e-06
4920   -0.079538    0.319329     4.90205  0.00010504
4930  -0.0799076    0.319096     5.37032  7.44183e-05
4940  -0.0810264    0.318391     5.00399  0.000102747
4950  -0.0819626      0.3178     5.10571  7.18895e-05
4960  -0.0824642    0.317484     5.12592  6.90773e-05
4970  -0.0833441    0.316929     5.45165  3.16162e-05
4980  -0.0830965    0.317086     5.22722  9.48112e-05
4990  -0.0852403    0.315734     5.30919  0.000158006
