Time   C(t)   
ps   
0           1           1  -1.90117e-10   0.0389844
10    0.613105    0.882503    0.515615   0.0205107
20    0.589786    0.875421   0.0719233  0.00203691
30    0.572367    0.870131    0.376142   0.0014351
40    0.561084    0.866705    0.351689  0.00112183
50     0.54993    0.863317    0.958851  0.000923964
60    0.542605    0.861093    0.841279  0.00071452
70     0.53564    0.858977     1.47098  0.000889972
80    0.524806    0.855687  0.00145784  0.00113739
90    0.512892    0.852069    0.561559  0.000643489
100    0.511936    0.851779    0.164427  0.000258622
110    0.507719    0.850498    0.467028  0.000570133
120    0.500533    0.848316     1.35357  0.000620535
130    0.495309    0.846729    0.630635  0.000659947
140    0.487334    0.844307     1.56394  0.000653587
150    0.482237    0.842759    0.467188  0.000327265
160    0.480789     0.84232    0.629655  0.000396802
170    0.474301    0.840349    0.490023  0.000546278
180    0.469863    0.839002   -0.979818  0.000723389
190    0.459833    0.835955    -0.74529  0.000732231
200    0.455219    0.834554    -1.00197  0.000258887
210    0.454655    0.834383   -0.279902  0.000382435
220     0.44757    0.832231   -0.699893  0.000524884
230    0.444158    0.831195   -0.699802  0.000537594
240    0.436818    0.828966    -1.09609  0.000534797
250    0.433462    0.827947   -0.653333  0.00019346
260    0.432949    0.827791   -0.910241  0.000209299
270    0.429276    0.826675    -1.56321  0.000433317
280    0.424283    0.825159   -0.840368  0.000414829
290    0.420979    0.824156   -0.560739  0.00050469
300    0.414189    0.822094   -0.116751  0.000308187
310    0.414815    0.822284    0.138494  0.000224008
320    0.409709    0.820733    0.488884  0.000356087
330    0.407694    0.820121     -0.2111  0.000504445
340     0.39962    0.817669   -0.980615  0.000264214
350    0.402409    0.818516     1.37435  0.000312045
360    0.393379    0.815774    0.068438  0.000526279
370    0.391884     0.81532    0.278422  0.000290003
380    0.387579    0.814012    0.115089  0.000434729
390    0.383189    0.812679    0.348568  0.000291131
400    0.381756    0.812244    0.278217  0.000471835
410    0.373753    0.809813    0.698412  0.00047631
420     0.37223    0.809351     1.23486  0.000387558
430    0.366001    0.807459    0.325004  0.000407733
440    0.364075    0.806875  -0.0951458  0.000247757
450    0.361046    0.805955   -0.841712  0.000586268
460     0.35235    0.803314   -0.280973  0.000327539
470    0.354495    0.803965    0.277898  0.000159486
480     0.34916    0.802345   -0.328238  0.000593185
490    0.342632    0.800362    0.441778  0.000373241
500    0.341696    0.800078    0.184757  0.000417842
510    0.334275    0.797824   -0.677353  0.000533089
520    0.331034     0.79684   -0.631546  0.000316548
530    0.327944    0.795902   -0.678265  8.74266e-05
540    0.329285    0.796309   -0.119006  0.000179103
550    0.324362    0.794814   -0.305699  0.000250514
560    0.324275    0.794787   -0.772431  0.000386596
570     0.31663    0.792466   -0.632479  0.000422935
580    0.315816    0.792219   -0.213355  0.000125159
590    0.314127    0.791706   -0.353739  0.00017722
600    0.312272    0.791142    0.206886  0.000477281
610    0.304581    0.788807   -0.353079  0.000374025
620    0.304791     0.78887    0.439591  6.29917e-05
630    0.303321    0.788424   -0.727056  0.000431669
640    0.296158    0.786249   -0.236418  0.000376154
650    0.295798    0.786139  -0.0736314  0.000377293
660    0.288612    0.783957  -0.00298405  0.000257149
670    0.290655    0.784577   -0.563199  5.29915e-05
680    0.287552    0.783635   -0.983167  1.65254e-05
690    0.290325    0.784477    0.719221  9.75743e-05
700    0.285601    0.783042    0.462791  0.00019024
710     0.28652    0.783322  -0.0974008  8.5856e-05
720    0.283884    0.782521  -0.00455545  0.00042163
730    0.278087    0.780761    0.695998  0.000171292
740    0.280458    0.781481    0.299071  0.000196433
750    0.274159    0.779568     1.04589  0.000180104
760    0.276856    0.780387     1.32467  0.000132304
770    0.271513    0.778764     1.18525  0.000278552
780    0.271285    0.778695    0.204722  0.000275342
790    0.266006    0.777092     1.02171  0.000483541
800    0.261614    0.775758     2.39754  0.000284763
810     0.26031    0.775362    0.998485  0.000175236
820    0.258109    0.774693      1.5579  0.000163215
830    0.257046    0.774371     1.27814  0.00024972
840    0.253115    0.773177    0.531434  0.00028283
850     0.25139    0.772653     1.23062  0.000345106
860    0.246213    0.771081      1.2313  0.000247168
870    0.246446    0.771151     1.11389  2.17468e-05
880    0.245778    0.770948    0.647958  0.000276942
890    0.240907    0.769469     1.41759  0.000203244
900    0.241713    0.769714     1.18354  0.000216375
910     0.23658    0.768155     2.04692  0.000460166
920     0.23251    0.766919     1.30109  3.53865e-05
930    0.235872     0.76794    0.250826  -0.000133834
940    0.235186    0.767732     1.22987  0.000217817
950    0.231516    0.766617     1.55713  0.000205716
960    0.231072    0.766482    0.973508  0.000169034
970    0.228135    0.765591     1.62705  0.000285617
980     0.22536    0.764748     1.18345  0.000148898
990    0.225157    0.764686     1.81301  1.19127e-05
1000    0.225121    0.764675    0.903134  0.000149614
1010    0.222165    0.763777      1.3229  0.000300072
1020     0.21912    0.762853     1.04354  0.000267334
1030    0.216818    0.762154      1.4631  0.000104767
1040    0.217024    0.762216      1.6959  0.000343888
1050     0.20994    0.760065     1.88345  0.000365282
1060    0.209719    0.759998     1.27631  0.000169074
1070    0.206559    0.759038     1.18258  0.00031648
1080    0.203389    0.758075    0.879752  0.000270956
1090     0.20114    0.757392    0.763342  -4.02935e-05
1100    0.204195     0.75832    0.529088  -7.81238e-05
1110    0.202702    0.757867    0.995456  0.000259376
1120    0.199008    0.756745     1.06535  0.000234509
1130    0.198012    0.756442    0.948714  0.000370611
1140    0.191595    0.754494    0.575806  0.000248297
1150    0.193046    0.754934     1.43883  -5.19715e-05
1160    0.192635    0.754809     1.29888  0.000185648
1170    0.189333    0.753807    0.388978  0.000292221
1180     0.18679    0.753034     1.32201  0.000241859
1190    0.184496    0.752338    0.972256  0.000263713
1200    0.181516    0.751433    0.878408  0.000153363
1210    0.181429    0.751406    0.528314  3.00288e-05
1220    0.180916     0.75125     1.08807  0.000183931
1230     0.17775    0.750289    0.901358  0.000197051
1240    0.176975    0.750053    0.481527  0.000103404
1250    0.175682    0.749661      1.4615  0.000107898
1260    0.174817    0.749398     1.11157  3.51213e-05
1270     0.17498    0.749448     1.13347  0.000306254
1280    0.168691    0.747538     1.60107  0.00016877
1290    0.171604    0.748423     1.15735  2.74383e-05
1300    0.168143    0.747371     1.74122  9.88171e-06
1310    0.171407    0.748363    0.877087  -1.56425e-05
1320    0.168456    0.747466     1.36725  0.000152676
1330    0.168353    0.747435    0.994066  0.000157484
1340    0.165306     0.74651    0.807373  0.000183706
1350    0.164679    0.746319    0.760518  9.31382e-05
1360    0.163443    0.745944     1.08732  0.000128044
1370    0.162118    0.745542     1.13409  0.000241467
1380    0.158614    0.744477    0.900856  0.000224519
1390    0.157628    0.744178     1.22725  0.000155414
1400    0.155506    0.743533   0.0378349  0.000269209
1410    0.152244    0.742543    0.527653  -1.2368e-06
1420     0.15553    0.743541    0.200576  7.35119e-05
1430    0.150773    0.742096    0.457484  0.000169633
1440    0.152138    0.742511    0.270404  0.000144089
1450    0.147892    0.741221   -0.242432  0.000275774
1460    0.146622    0.740836  -0.0791898  0.000188681
1470    0.144118    0.740075    0.130635  8.78386e-05
1480    0.144865    0.740302   -0.453145  0.000101461
1490    0.142089    0.739459   -0.826348  0.000176454
1500    0.141336     0.73923   -0.733229  0.000190271
1510    0.138283    0.738303    -0.19601  9.33245e-05
1520     0.13947    0.738664   -0.710166  -2.57894e-05
1530    0.138799     0.73846   -0.663151  0.000124757
1540    0.136975    0.737906   -0.896335  0.00014716
1550    0.135856    0.737566   -0.826895  0.000107613
1560    0.134822    0.737252   -0.173629  -7.84099e-06
1570    0.136013    0.737614   0.0360808  0.000170389
1580    0.131415    0.736217   -0.407109  0.000299817
1590    0.130016    0.735793    -0.66331  -1.1766e-05
1600     0.13165    0.736289   -0.570397  -0.000109968
1610    0.132216    0.736461    -0.45385  8.65825e-05
1620    0.129918    0.735763   -0.524088  0.000198681
1630    0.128242    0.735254   -0.967074  0.000244047
1640    0.125037    0.734281   -0.570511  0.000329845
1650    0.121645     0.73325   -0.734049  4.73596e-05
1660     0.12409    0.733993    0.268673  -0.00019083
1670    0.125462    0.734409    -0.92138  0.00013771
1680    0.121336    0.733156   -0.221487  0.000228013
1690    0.120902    0.733025   -0.291018  0.000255863
1700    0.116219    0.731602   -0.500661  0.000265274
1710    0.115596    0.731413   -0.267659  5.77807e-05
1720    0.115063    0.731251   -0.547288  0.000153206
1730    0.112532    0.730483    0.175759  0.000162518
1740    0.111813    0.730264   -0.104394  0.00016297
1750    0.109273    0.729493   -0.337805  0.000236148
1760     0.10709     0.72883    -0.57067  3.62702e-05
1770    0.108547    0.729273   -0.128049  -4.55342e-06
1780    0.107181    0.728858   -0.921244  0.000264793
1790    0.103251    0.727664   -0.174814  5.95082e-05
1800    0.105991    0.728496   -0.687832  7.83104e-05
1810    0.101685    0.727189   -0.548427  0.000197287
1820    0.102045    0.727298   -0.641569  -8.65143e-05
1830    0.103415    0.727714   -0.268365  0.000230446
1840   0.0974359    0.725898    -1.59816  0.000248935
1850   0.0984367    0.726202    -1.48107  -9.09008e-05
1860    0.099254     0.72645     -1.3648  0.000231771
1870   0.0938013    0.724794    -1.50505  0.000296559
1880   0.0933228    0.724649    -1.85466  -7.69071e-05
1890   0.0953394    0.725262    -1.22544  9.8997e-05
1900   0.0913428    0.724048    -1.73798  8.49146e-05
1910   0.0936411    0.724746    -1.97137  -5.83895e-05
1920   0.0925106    0.724402     -2.1821  0.000206178
1930   0.0895176    0.723493    -2.25145  0.000225216
1940   0.0880063    0.723035    -1.83196  0.000169908
1950   0.0861194    0.722461    -1.34214  0.000142342
1960   0.0851595     0.72217    -1.52847  0.000310877
1970   0.0799019    0.720573    -1.17879  0.000208484
1980   0.0809898    0.720904    -1.94855  -5.27367e-05
1990   0.0809566    0.720894    -2.74177  0.000148652
2000   0.0780167    0.720001    -1.83267  0.000350679
2010    0.073943    0.718764    -1.64536  0.000168161
2020   0.0746535    0.718979    -1.17956  3.70748e-05
2030   0.0732015    0.718538    -1.52954  0.000178436
2040   0.0710848    0.717896   -0.643163  0.00021661
2050   0.0688693    0.717223    -1.13284  0.00019821
2060   0.0671206    0.716692    -1.43636  5.2138e-05
2070   0.0678266    0.716906    -1.57672  6.66324e-05
2080    0.065788    0.716287    -1.85639  0.000407999
2090   0.0596666    0.714428    -1.10962  0.000233125
2100   0.0611254    0.714871   -0.829946  -3.19621e-05
2110   0.0603058    0.714622    -1.43629  0.000105827
2120   0.0590089    0.714228    -1.22633  0.000229936
2130   0.0557071    0.713225   -0.690019  -4.63583e-05
2140   0.0599361     0.71451   0.0557959  0.000116435
2150   0.0533784    0.712518   -0.807088  0.000340895
2160   0.0531182    0.712439    -1.13341  -4.09903e-05
2170   0.0541982    0.712767      -0.924  2.13243e-05
2180   0.0526917     0.71231    -1.69311  7.40612e-05
2190    0.052717    0.712317    -1.95026  3.5858e-05
2200   0.0519745    0.712092    -1.22744  0.000112932
2210   0.0504584    0.711631    -1.36767  0.000238503
2220   0.0472045    0.710643    -1.04048  0.000132794
2230   0.0478025    0.710825    -1.50712  -0.000113069
2240   0.0494658     0.71133   -0.994396  -2.61918e-05
2250   0.0483263    0.710984    -1.41459  7.04892e-05
2260   0.0480561    0.710902   -0.854787  9.4993e-05
2270   0.0464265    0.710407    -1.41404  0.000192253
2280    0.044211    0.709734   -0.900845  6.13626e-05
2290   0.0451992    0.710034   -0.528234  0.000159192
2300   0.0410272    0.708767   -0.877873  0.00015928
2310   0.0420136    0.709067   -0.971447  0.000194206
2320   0.0371431    0.707588   -0.807362  3.78501e-05
2330   0.0412566    0.708837    -1.25137  -0.000245431
2340   0.0420517    0.709078    -1.81161  2.83016e-05
2350   0.0406906    0.708665    -1.41487  9.19901e-05
2360   0.0402119     0.70852    -0.97172  9.71716e-05
2370   0.0387471    0.708075   -0.225314  0.000141714
2380   0.0373776    0.707659   -0.248582  0.000225863
2390   0.0342299    0.706703   -0.505512  0.000172057
2400   0.0339364    0.706614    -1.01876  8.37274e-05
2410   0.0325553    0.706194   -0.225518  3.44057e-05
2420   0.0332483    0.706405  0.00734556  2.47786e-05
2430   0.0320597    0.706044   -0.412303  8.42277e-05
2440   0.0315638    0.705893   -0.435731  0.000168927
2450   0.0286812    0.705018   -0.552117  0.000129438
2460    0.028975    0.705107    -1.32218  -4.43366e-05
2470   0.0295679    0.705287     -1.3225  9.01844e-05
2480   0.0271713    0.704559    -1.55555  0.000250034
2490   0.0245673    0.703769   -0.902029  5.06956e-05
2500   0.0261574    0.704251    -1.81207   -9.41e-05
2510   0.0264493     0.70434    -1.55557  -3.4219e-05
2520   0.0268418    0.704459    -1.01965  0.000136307
2530   0.0237231    0.703512   -0.552254  0.000146493
2540   0.0239119     0.70357      -1.579  -1.89495e-05
2550   0.0241021    0.703627    -1.11292  -1.39938e-05
2560   0.0241918    0.703655    -1.18296  -0.000150311
2570   0.0271083     0.70454   -0.949796  0.000213401
2580   0.0199238    0.702358    -1.20602  0.000339806
2590   0.0203122    0.702476   -0.716498  8.27361e-05
2600   0.0182691    0.701856   -0.623084  -5.41892e-05
2610    0.021396    0.702805    -1.22999  2.22861e-05
2620   0.0178234     0.70172    -1.04317  -0.000105376
2630   0.0235035    0.703445    -1.09009  -0.000227375
2640   0.0223709    0.703102   -0.740473  4.20501e-05
2650   0.0226625     0.70319   -0.810824  3.20307e-05
2660   0.0217302    0.702907    -0.83391  0.00012408
2670   0.0201809    0.702436    -1.65053  0.000170536
2680   0.0183195    0.701871    -1.18375  4.27174e-05
2690   0.0193266    0.702177    -1.55668  -7.51505e-05
2700   0.0198225    0.702328   -0.950457  1.20704e-05
2710   0.0190852    0.702104    -1.13699  -6.52487e-05
2720   0.0211275    0.702724  -0.0875269  0.000197876
2730   0.0151276    0.700902    -1.06664  0.000166866
2740   0.0177902     0.70171   -0.670212  -0.000380453
2750   0.0227367    0.703213   -0.904284  -2.91063e-05
2760   0.0183723    0.701887   -0.670942  0.000317746
2770   0.0163818    0.701283    -1.13708  -7.59454e-05
2780   0.0198912    0.702348   -0.787966  0.000116661
2790   0.0140486    0.700574    -1.46352  0.000121558
2800   0.0174601     0.70161   -0.997312  -3.9165e-05
2810   0.0148319    0.700812   -0.903966  5.94785e-05
2820   0.0162705    0.701249    -1.51065  -0.000102167
2830   0.0168752    0.701433    -1.58057  -8.67498e-05
2840   0.0180055    0.701776    -1.65058  -1.88122e-05
2850   0.0172514    0.701547    -1.20768  -3.47883e-05
2860   0.0187013    0.701987    -1.81434  5.9979e-05
2870   0.0160519    0.701182    -1.46441  0.000144128
2880   0.0158187    0.701112   -0.974864  -8.73877e-05
2890   0.0177996    0.701713     -1.4647  -4.51707e-05
2900   0.0167221    0.701386    -1.13849  0.000113128
2910    0.015537    0.701026     -1.3477  6.04304e-05
2920   0.0155135    0.701019   -0.858135  5.01265e-05
2930   0.0145345    0.700722   -0.694369  -0.00017823
2940   0.0190781    0.702102    -1.02188  -2.94106e-05
2950   0.0151227      0.7009   -0.811439  4.45132e-05
2960   0.0181878    0.701831   -0.881745  -5.62303e-05
2970   0.0162473    0.701242   -0.601569  2.07061e-06
2980   0.0181464    0.701819    -1.16194  -0.000131459
2990   0.0188765     0.70204   -0.998269  5.55827e-05
3000   0.0170348    0.701481    -1.02215  -0.000191183
3010   0.0227002    0.703202     -2.2584  -0.000110645
3020   0.0192477    0.702153    -1.62843  0.000157455
3030   0.0195511    0.702245    -2.28178  -0.000105856
3040   0.0213648    0.702796    -1.58205  1.80173e-05
3050   0.0191907    0.702136    -1.27895  0.000185335
3060   0.0176581     0.70167    -2.16492  7.25202e-06
3070   0.0190457    0.702092    -1.69843  -8.46693e-05
3080   0.0193515    0.702185    -1.67544  -1.43372e-05
3090   0.0193324    0.702179      -1.862  1.87429e-06
3100    0.019314    0.702173    -1.62872  -8.97925e-06
3110    0.019512    0.702233    -1.76844  3.46411e-05
3120   0.0186212    0.701963    -1.83877  5.64267e-05
3130   0.0183835    0.701891    -1.86188  -6.90466e-05
3140   0.0200021    0.702382    -1.88547  7.55619e-06
3150   0.0182324    0.701845    -2.02517  -0.000195599
3160   0.0239141     0.70357     -2.0262  5.69566e-05
3170   0.0170932    0.701499    -2.11822  0.000298168
3180   0.0179507    0.701759    -1.97859  5.73196e-05
3190   0.0159469    0.701151    -1.62904  -0.000152303
3200   0.0209968    0.702684    -1.51231  -0.000152195
3210   0.0189907    0.702075    -2.16521  -0.000125542
3220   0.0235076    0.703447    -2.21259  -0.000214097
3230   0.0232727    0.703375    -2.23568  -0.000192842
3240   0.0273645    0.704618    -2.18919  -3.19915e-05
3250   0.0239125     0.70357    -2.70202  0.000128682
3260   0.0247908    0.703836    -2.25858  -0.000182646
3270   0.0275654    0.704679    -1.76933  5.14121e-05
3280   0.0237626    0.703524     -1.8857  0.000101332
3290   0.0255388    0.704064    -2.30601  -3.79481e-05
3300   0.0245215    0.703755    -2.32925  7.38845e-05
3310   0.0240611    0.703615    -2.53942  0.000135924
3320   0.0218031    0.702929    -2.44596  1.2512e-05
3330   0.0238109    0.703539    -1.86329  -0.000201134
3340   0.0258257    0.704151    -1.39702  0.000142264
3350   0.0209656    0.702675    -2.04994  0.000311583
3360   0.0195941    0.702258    -2.30601  -0.000184962
3370   0.0246648    0.703798       -1.98  -0.000218965
3380   0.0239734    0.703588    -1.86343  8.05772e-05
3390   0.0230533    0.703309    -1.65352  9.21765e-05
3400   0.0221298    0.703028    -1.88686  -1.56621e-05
3410   0.0233665    0.703404    -2.05012  3.00583e-05
3420   0.0215287    0.702846    -2.12007  7.5592e-05
3430   0.0218547    0.702945      -1.747  -7.26383e-05
3440   0.0229814    0.703287    -2.35355  1.62907e-06
3450   0.0218221    0.702935    -1.81749  -1.57798e-05
3460    0.023297    0.703383    -2.56355  0.000133677
3470   0.0191485    0.702123     -2.0504  7.04205e-05
3480   0.0218886    0.702955    -2.12061  -2.67315e-05
3490   0.0196832    0.702285    -1.81696  -0.000102294
3500   0.0239345    0.703576    -2.63418  -0.000188799
3510   0.0234592    0.703432    -1.72439  2.44842e-05
3520   0.0234448    0.703428    -2.16758  3.03919e-05
3530   0.0228513    0.703247    -1.95767  -5.67112e-05
3540    0.024579    0.703772    -1.46819  -1.59663e-05
3550   0.0231706    0.703344    -1.74777  0.000117691
3560   0.0222252    0.703057    -1.81797  0.000164717
3570   0.0198763    0.702344    -2.30749  5.41696e-05
3580   0.0211418    0.702728    -1.72457  -2.73105e-05
3590   0.0204225     0.70251    -1.88791  -6.26974e-05
3600   0.0223958    0.703109    -1.84117  6.0558e-05
3610   0.0192114    0.702142    -2.16763  1.91654e-05
3620   0.0220125    0.702993    -1.95805  -3.91356e-05
3630   0.0199941     0.70238    -1.65477  7.55629e-06
3640   0.0218613    0.702947    -1.51536  -3.99398e-06
3650   0.0200739    0.702404    -1.28143  0.000102206
3660   0.0198172    0.702326    -1.37528  8.49049e-05
3670   0.0183758    0.701888    -1.02516  -0.000176041
3680   0.0233381    0.703395    -1.14186  -0.000265235
3690   0.0236805    0.703499    -1.91177  7.28933e-05
3700   0.0218802    0.702953    -1.70197  0.000204107
3710   0.0195984     0.70226    -1.14198  -0.000123785
3720   0.0243559    0.703704   -0.955787  -6.97335e-05
3730   0.0209931    0.702683    -1.49198  1.27573e-06
3740   0.0243304    0.703697    -1.07254  -0.000220211
3750   0.0253973    0.704021   -0.885983  0.000145532
3760   0.0214197    0.702813     -1.2825  7.93898e-05
3770   0.0238095    0.703538    -1.65607  -8.26577e-05
3780   0.0230729    0.703315   -0.956334  0.000140272
3790   0.0210041    0.702686     -2.0991  0.000134609
3800   0.0203807    0.702497    -1.46912  6.24128e-05
3810   0.0197558    0.702307    -1.25946  -5.87623e-05
3820    0.021556    0.702854    -1.77284  0.000105376
3830   0.0176483    0.701667     -1.8893  0.000153971
3840   0.0184765    0.701919    -1.86566  -5.25308e-05
3850   0.0186989    0.701986    -1.56258  0.000130498
3860   0.0158666    0.701126    -2.00591  1.44747e-05
3870   0.0184094    0.701898    -2.02966  2.1079e-05
3880    0.015445    0.700998     -2.2395  0.000106671
3890    0.016276    0.701251     -2.3094  9.5042e-05
3900   0.0135442    0.700421    -1.88948  0.000113452
3910    0.014007    0.700561    -1.70313  -9.2932e-06
3920     0.01373    0.700477    -1.49323  0.000114286
3930   0.0117212    0.699867    -1.39982  -0.00010829
3940   0.0158958    0.701135    -1.95985  -0.000213577
3950   0.0159928    0.701165    -1.79666  8.96447e-05
3960   0.0141029    0.700591    -1.77298  5.86641e-05
3970   0.0148195    0.700808    -1.74966  9.02237e-05
3980   0.0122985    0.700043    -2.14623  2.16678e-05
3990   0.0143861    0.700677    -1.53989  -0.000127868
4000   0.0148558    0.700819    -1.68043  0.000247158
4010  0.00944297    0.699175    -2.00632  0.000266294
4020  0.00952992    0.699202    -1.37637  -5.26485e-05
4030   0.0104959    0.699495    -1.67995  -0.000122039
4040   0.0119707    0.699943    -1.77337  -1.52401e-05
4050   0.0108007    0.699588    -2.07647  0.000274901
4060  0.00647267    0.698273    -1.98278  0.000231251
4070  0.00617572    0.698183    -2.02968  -8.42867e-05
4080  0.00815841    0.698785    -1.84324  0.000118653
4090  0.00380266    0.697462    -1.77325  0.000175727
4100  0.00464386    0.697718    -1.63378  0.000310464
4110  -0.00240662    0.695577    -1.81995  5.57201e-05
4120  0.00352946     0.69738    -1.93729  -0.000396557
4130  0.00552451    0.697985    -1.86714  0.00013933
4140  0.000742869    0.696533    -1.19063  0.000337912
4150  -0.00123373    0.695933    -1.44693  -7.8065e-05
4160  0.00230417    0.697007    -1.56429  -0.000103521
4170  0.000836684    0.696562    -1.35433  0.000282231
4180  -0.00334046    0.695293    -1.54059  0.000179682
4190  -0.00275696     0.69547    -1.70388  0.000109654
4200  -0.00553354    0.694627    -1.61083  0.000297481
4210  -0.00870658    0.693664    -2.12373  0.000214166
4220  -0.00981686    0.693326    -1.44768  1.36602e-05
4230  -0.00897978    0.693581    -1.77459  9.84571e-05
4240   -0.011786    0.692728    -1.70404  0.000326784
4250  -0.0155155    0.691596    -2.07726  -5.36786e-06
4260  -0.0116786    0.692761    -1.63462  -4.73983e-06
4270  -0.0154207    0.691625    -1.37771  0.000171576
4280  -0.0151102    0.691719    -1.98474  0.000159447
4290  -0.0186096    0.690656    -1.35472  0.000330739
4300  -0.0217249     0.68971    -2.19413  4.18931e-05
4310  -0.0194475    0.690402    -1.16855  -4.99007e-05
4320  -0.0207269    0.690013    -1.84467  0.000227424
4330  -0.0239959     0.68902     -1.4013  0.000228052
4340   -0.025288    0.688628      -1.075  6.30506e-05
4350   -0.025257    0.688637    -2.38148  -3.10093e-06
4360  -0.0252259    0.688647    -2.52146  -9.63374e-05
4370  -0.0233302    0.689222    -1.77505  0.000110361
4380  -0.0274332    0.687976    -1.98481  0.000203774
4390  -0.0274057    0.687985    -1.70506  2.40721e-05
4400  -0.0279146     0.68783    -1.72813  0.000138182
4410  -0.0301693    0.687145    -1.63501  0.000232595
4420  -0.0325665    0.686417    -1.68161  0.000105493
4430  -0.0322792    0.686505    -1.47193  6.56512e-05
4440  -0.0338795    0.686019    -1.63489  -6.94488e-05
4450  -0.0308902    0.686927    -2.10215  -0.000164079
4460   -0.030598    0.687015    -2.12512  9.28341e-05
4470  -0.0327469    0.686363    -2.28843  0.00052094
4480  -0.0410168    0.683851    -1.44822  0.000229602
4490  -0.0373389    0.684968    -1.63535  -0.000157101
4500  -0.0378747    0.684805     -1.9854  0.00010148
4510  -0.0393685    0.684352    -1.61194  -4.88017e-05
4520  -0.0368987    0.685102    -1.51878  -0.00015142
4530  -0.0363401    0.685271    -2.24203  -0.000159035
4540   -0.033718    0.686068    -2.17241  8.13819e-05
4550  -0.0379678    0.684777    -1.49533  0.000129369
4560  -0.0363054    0.685282    -2.14878  -3.53869e-05
4570    -0.03726    0.684992    -2.03237  0.000164864
4580  -0.0396027    0.684281    -1.61229  -3.56421e-05
4590  -0.0365472    0.685209    -1.23954  2.72319e-05
4600  -0.0401473    0.684115    -1.30884  0.000214569
4610  -0.0408386    0.683905    -1.09909  -0.000160801
4620  -0.0369313    0.685092    -2.10251  -8.41396e-05
4630  -0.0391558    0.684416     -2.0323  0.000103933
4640  -0.0390099    0.684461    -1.19282  0.000363859
4650  -0.0464329    0.682206    -1.00565  0.000406596
4660  -0.0471418    0.681991    -1.40237  0.000106229
4670  -0.0485575    0.681561    -1.42578  -2.73596e-05
4680  -0.0465947    0.682157     -1.7524  -0.000246059
4690  -0.0436363    0.683056    -1.56618  -0.000112461
4700  -0.0443454     0.68284    -1.05282  5.68779e-05
4710  -0.0447739     0.68271    -1.84588  0.000156631
4720  -0.0474781    0.681889    -2.33558  -4.93806e-05
4730  -0.0437863     0.68301    -1.49636  -0.000106072
4740  -0.0453566    0.682533    -1.37944  0.000235971
4750  -0.0485057    0.681577    -1.47313  0.000344045
4760  -0.0522375    0.680444     -1.6361  7.2805e-05
4770  -0.0499618    0.681135    -1.47311  -3.40523e-05
4780  -0.0515565     0.68065    -1.19323  0.000282153
4790  -0.0556049    0.679421      -1.426  0.000261378
4800   -0.056784    0.679063    -1.23947  0.000277069
4810  -0.0611463    0.677738    -1.44929  -4.7938e-05
4820  -0.0558253    0.679354    -1.26313  -0.000243047
4830  -0.0562853    0.679214    -1.14667  -0.000113786
4840  -0.0535496    0.680045    -1.45014  -0.000157563
4850  -0.0531341    0.680171    -1.07689  8.96938e-05
4860  -0.0553434      0.6795    -1.56646  0.000360267
4870  -0.0603394    0.677983    -1.30957  9.03612e-05
4880  -0.0571507    0.678951   -0.796576  -0.000121303
4890  -0.0579133     0.67872    -1.00665  0.000113128
4900  -0.0594132    0.678264    -1.26313  -0.000343309
4910  -0.0510472    0.680805   -0.890424  -0.000196021
4920  -0.0554928    0.679455   -0.936961  0.00029016
4930  -0.0568504    0.679043     -1.3333  0.000291584
4940  -0.0613245    0.677684    -1.26308  0.000181046
4950  -0.0604713    0.677943    -1.07661  -7.80946e-05
4960  -0.0597626    0.678158    -1.68323  -8.59747e-05
4970  -0.0587518    0.678465    -1.28678  3.32477e-05
4980  -0.0604275    0.677956    -1.44989  0.000160428
4990  -0.0619604    0.677491     -1.2868  0.000287609
