Time   Number   
ps   
0          39          61
10          38          50
20          42          52
30          41          57
40          40          62
50          39          63
60          39          59
70          36          56
80          39          53
90          39          59
100          38          52
110          37          51
120          41          55
130          39          57
140          39          51
150          38          50
160          42          62
170          41          51
180          39          49
190          42          50
200          39          57
210          39          53
220          39          67
230          38          62
240          39          55
250          39          63
260          43          63
270          39          65
280          41          59
290          42          62
300          43          59
310          43          53
320          44          58
330          42          64
340          45          61
350          41          59
360          39          63
370          45          65
380          37          61
390          43          67
400          43          61
410          42          66
420          44          64
430          40          70
440          47          71
450          45          65
460          45          69
470          44          68
480          46          66
490          44          68
500          44          72
510          44          58
520          39          65
530          40          60
540          44          60
550          45          55
560          43          59
570          42          58
580          40          56
590          44          60
600          41          55
610          41          73
620          42          62
630          42          60
640          40          60
650          41          57
660          41          63
670          40          58
680          41          57
690          40          64
700          43          57
710          42          56
720          40          58
730          45          63
740          42          64
750          41          61
760          41          57
770          36          64
780          41          59
790          39          55
800          39          53
810          41          63
820          39          65
830          39          59
840          40          66
850          38          54
860          39          57
870          37          57
880          42          56
890          37          63
900          45          67
910          41          61
920          42          64
930          41          67
940          40          60
950          39          69
960          42          68
970          42          64
980          39          67
990          40          64
1000          41          61
1010          42          56
1020          38          60
1030          44          62
1040          42          64
1050          44          68
1060          44          60
1070          37          55
1080          41          57
1090          42          58
1100          39          57
1110          43          59
1120          40          64
1130          41          65
1140          45          57
1150          46          54
1160          42          72
1170          40          66
1180          40          70
1190          43          59
1200          38          70
1210          42          68
1220          42          66
1230          41          71
1240          40          60
1250          41          53
1260          44          60
1270          43          61
1280          39          63
1290          43          63
1300          41          63
1310          42          60
1320          37          61
1330          39          57
1340          42          60
1350          40          60
1360          43          63
1370          42          70
1380          40          58
1390          41          59
1400          38          50
1410          40          66
1420          38          52
1430          41          55
1440          36          52
1450          37          53
1460          35          63
1470          37          71
1480          37          63
1490          39          59
1500          41          57
1510          37          65
1520          38          62
1530          40          58
1540          41          57
1550          37          65
1560          38          68
1570          39          59
1580          40          74
1590          41          59
1600          40          66
1610          38          52
1620          36          70
1630          38          62
1640          37          63
1650          41          59
1660          41          59
1670          33          67
1680          39          65
1690          37          53
1700          39          57
1710          41          59
1720          41          63
1730          41          59
1740          40          60
1750          42          60
1760          40          62
1770          40          60
1780          36          60
1790          38          68
1800          40          60
1810          42          62
1820          39          65
1830          41          63
1840          39          57
1850          43          65
1860          41          69
1870          39          67
1880          43          61
1890          43          67
1900          41          65
1910          42          62
1920          41          65
1930          45          63
1940          41          69
1950          40          60
1960          41          55
1970          41          65
1980          38          70
1990          39          63
2000          37          65
2010          39          63
2020          40          60
2030          40          68
2040          36          66
2050          42          70
2060          38          64
2070          39          71
2080          36          64
2090          37          63
2100          43          67
2110          42          62
2120          39          67
2130          40          74
2140          39          65
2150          38          68
2160          37          73
2170          40          66
2180          42          68
2190          43          67
2200          43          61
2210          40          68
2220          46          62
2230          44          68
2240          42          62
2250          48          68
2260          46          68
2270          46          64
2280          44          68
2290          44          58
2300          40          62
2310          43          65
2320          39          67
2330          39          71
2340          44          64
2350          46          68
2360          46          68
2370          48          72
2380          46          66
2390          43          69
2400          42          64
2410          45          61
2420          46          64
2430          45          61
2440          44          72
2450          43          73
2460          47          71
2470          45          71
2480          42          66
2490          43          77
2500          44          64
2510          44          68
2520          47          69
2530          45          63
2540          39          67
2550          41          63
2560          44          72
2570          43          59
2580          42          68
2590          41          65
2600          43          65
2610          44          60
2620          46          64
2630          41          65
2640          46          68
2650          39          69
2660          43          67
2670          45          69
2680          40          72
2690          43          75
2700          45          57
2710          43          67
2720          42          74
2730          42          74
2740          40          68
2750          45          73
2760          47          67
2770          46          68
2780          47          71
2790          46          74
2800          45          67
2810          46          60
2820          42          64
2830          44          66
2840          43          67
2850          46          64
2860          44          64
2870          44          64
2880          43          69
2890          45          69
2900          44          62
2910          44          74
2920          46          74
2930          45          69
2940          42          64
2950          41          77
2960          42          64
2970          40          66
2980          46          72
2990          40          70
3000          44          64
3010          43          65
3020          40          68
3030          43          67
3040          44          72
3050          46          72
3060          41          65
3070          42          66
3080          42          68
3090          46          68
3100          39          67
3110          44          66
3120          45          73
3130          43          65
3140          45          73
3150          35          63
3160          42          56
3170          43          63
3180          45          65
3190          46          62
3200          40          68
3210          40          70
3220          43          67
3230          45          57
3240          43          71
3250          44          62
3260          44          72
3270          42          62
3280          43          69
3290          42          60
3300          43          59
3310          44          56
3320          44          58
3330          44          64
3340          40          64
3350          42          54
3360          43          59
3370          39          55
3380          47          61
3390          42          62
3400          43          61
3410          44          70
3420          43          69
3430          43          65
3440          41          67
3450          44          76
3460          42          60
3470          41          61
3480          42          60
3490          42          62
3500          40          68
3510          42          66
3520          40          68
3530          42          64
3540          44          60
3550          36          66
3560          43          53
3570          45          57
3580          43          63
3590          44          62
3600          42          58
3610          43          69
3620          48          62
3630          40          66
3640          42          68
3650          47          69
3660          42          60
3670          44          56
3680          44          70
3690          40          70
3700          40          68
3710          41          63
3720          43          65
3730          43          73
3740          39          73
3750          48          68
3760          39          67
3770          46          64
3780          47          61
3790          44          76
3800          38          72
3810          45          67
3820          42          70
3830          44          64
3840          43          69
3850          42          64
3860          44          60
3870          43          63
3880          47          67
3890          46          64
3900          47          69
3910          49          67
3920          46          68
3930          47          71
3940          45          67
3950          41          71
3960          44          64
3970          43          67
3980          44          68
3990          45          67
4000          46          66
4010          44          54
4020          43          69
4030          44          64
4040          41          69
4050          47          65
4060          44          62
4070          43          65
4080          45          81
4090          47          67
4100          45          69
4110          41          71
4120          45          63
4130          41          61
4140          44          68
4150          47          63
4160          44          78
4170          46          64
4180          43          69
4190          46          66
4200          45          71
4210          45          61
4220          41          69
4230          41          73
4240          45          71
4250          47          71
4260          43          73
4270          41          71
4280          49          67
4290          43          67
4300          45          75
4310          43          71
4320          45          79
4330          46          64
4340          44          70
4350          47          67
4360          45          65
4370          44          68
4380          44          68
4390          45          71
4400          42          66
4410          44          60
4420          40          72
4430          42          64
4440          42          78
4450          44          58
4460          44          52
4470          44          64
4480          43          61
4490          39          63
4500          39          55
4510          42          68
4520          43          69
4530          42          64
4540          41          69
4550          45          63
4560          43          63
4570          44          60
4580          44          58
4590          49          65
4600          44          58
4610          45          55
4620          44          68
4630          45          65
4640          45          69
4650          42          60
4660          43          63
4670          38          62
4680          46          68
4690          43          73
4700          45          63
4710          43          67
4720          47          63
4730          45          67
4740          48          70
4750          48          64
4760          50          62
4770          50          60
4780          50          68
4790          46          64
4800          48          66
4810          48          64
4820          45          65
4830          48          72
4840          47          75
4850          43          73
4860          47          67
4870          49          65
4880          49          73
4890          46          72
4900          46          64
4910          47          67
4920          49          71
4930          47          67
4940          47          69
4950          45          69
4960          41          71
4970          47          67
4980          44          72
4990          49          63
5000          48          72
5010          46          68
5020          45          69
5030          47          71
5040          48          68
5050          47          73
5060          48          74
5070          46          74
5080          47          71
5090          46          64
5100          46          72
5110          47          69
5120          47          67
5130          45          67
5140          47          63
5150          50          70
5160          48          66
5170          48          62
5180          47          71
5190          39          73
5200          46          78
5210          49          65
5220          51          75
5230          47          73
5240          47          67
5250          44          80
5260          48          78
5270          48          68
5280          48          78
5290          45          73
5300          46          68
5310          44          72
5320          48          68
5330          44          66
5340          48          68
5350          48          64
5360          47          63
5370          46          70
5380          51          71
5390          47          69
5400          50          74
5410          46          72
5420          47          69
5430          48          78
5440          45          75
5450          46          76
5460          44          82
5470          44          66
5480          46          76
5490          45          79
5500          46          70
5510          47          73
5520          51          73
5530          49          69
5540          46          72
5550          47          75
5560          47          75
5570          47          67
5580          45          69
5590          44          68
5600          47          69
5610          45          75
5620          46          72
5630          54          74
5640          47          73
5650          51          73
5660          49          77
5670          52          72
5680          50          72
5690          51          79
5700          49          75
5710          53          71
5720          53          79
5730          52          76
5740          46          76
5750          51          75
5760          52          76
5770          49          71
5780          50          74
5790          50          66
5800          51          83
5810          49          81
5820          51          71
5830          48          66
5840          49          77
5850          52          76
5860          49          71
5870          49          67
5880          45          65
5890          50          70
5900          47          73
5910          52          72
5920          44          74
5930          48          70
5940          46          72
5950          50          76
5960          52          72
5970          53          69
5980          51          77
5990          49          87
6000          50          70
6010          48          76
6020          47          69
6030          45          71
6040          49          69
6050          49          71
6060          49          77
6070          46          76
6080          47          77
6090          45          71
6100          47          73
6110          47          73
6120          44          66
6130          44          62
6140          42          66
6150          48          68
6160          43          71
6170          44          66
6180          46          76
6190          44          74
6200          42          72
6210          47          63
6220          47          63
6230          46          72
6240          47          65
6250          45          69
6260          46          62
6270          47          67
6280          46          64
6290          51          69
6300          48          62
6310          50          68
6320          42          70
6330          47          67
6340          46          68
6350          46          64
6360          46          74
6370          47          73
6380          50          72
6390          45          79
6400          49          67
6410          47          71
6420          49          71
6430          48          72
6440          47          63
6450          51          73
6460          46          72
6470          46          66
6480          49          67
6490          50          68
6500          44          68
6510          43          59
6520          47          71
6530          39          65
6540          43          75
6550          41          71
6560          47          63
6570          47          69
6580          49          63
6590          46          64
6600          43          65
6610          50          60
6620          47          63
6630          42          60
6640          38          72
6650          43          75
6660          43          59
6670          44          58
6680          44          66
6690          43          61
6700          44          54
6710          41          63
6720          44          58
6730          42          58
6740          47          63
6750          46          64
6760          44          56
6770          46          64
6780          45          67
6790          45          59
6800          44          60
6810          42          58
6820          44          64
6830          45          69
6840          48          62
6850          46          72
6860          45          63
6870          48          68
6880          45          75
6890          46          60
6900          39          57
6910          43          63
6920          46          60
6930          41          59
6940          43          61
6950          40          68
6960          43          69
6970          43          57
6980          43          69
6990          43          63
7000          46          64
7010          42          64
7020          42          66
7030          43          65
7040          45          61
7050          44          64
7060          40          70
7070          45          67
7080          43          55
7090          40          62
7100          44          54
7110          46          62
7120          46          60
7130          47          59
7140          45          57
7150          44          60
7160          47          61
7170          48          56
7180          39          59
7190          45          63
7200          50          62
7210          43          61
7220          44          58
7230          48          64
7240          48          58
7250          43          65
7260          44          68
7270          44          60
7280          47          65
7290          40          66
7300          44          70
7310          42          62
7320          40          52
7330          47          59
7340          44          58
7350          46          54
7360          48          54
7370          45          67
7380          47          63
7390          43          63
7400          43          69
7410          45          63
7420          43          71
7430          43          75
7440          44          70
7450          44          62
7460          43          63
7470          44          64
7480          47          75
7490          46          64
7500          45          65
7510          47          67
7520          46          64
7530          47          67
7540          45          63
7550          45          57
7560          46          74
7570          48          60
7580          48          62
7590          46          64
7600          45          69
7610          41          73
7620          47          61
7630          46          64
7640          45          61
7650          40          64
7660          45          63
7670          45          63
7680          47          63
7690          46          70
7700          44          64
7710          42          66
7720          46          62
7730          43          65
7740          47          61
7750          47          67
7760          46          56
7770          45          61
7780          47          67
7790          48          56
7800          45          67
7810          46          60
7820          47          63
7830          47          65
7840          45          73
7850          46          62
7860          45          59
7870          48          58
7880          41          57
7890          45          63
7900          49          61
7910          44          64
7920          45          59
7930          44          58
7940          48          60
7950          46          66
7960          45          61
7970          49          61
7980          40          70
7990          47          61
8000          47          57
8010          45          61
8020          48          64
8030          45          71
8040          50          62
8050          47          65
8060          47          65
8070          47          63
8080          48          60
8090          46          60
8100          48          70
8110          46          60
8120          47          71
8130          44          68
8140          44          74
8150          45          69
8160          44          68
8170          45          71
8180          44          64
8190          46          70
8200          47          65
8210          46          70
8220          45          67
8230          48          62
8240          50          68
8250          47          65
8260          46          62
8270          46          70
8280          46          56
8290          44          70
8300          41          57
8310          46          64
8320          44          62
8330          44          62
8340          45          65
8350          47          65
8360          45          63
8370          48          62
8380          47          63
8390          48          60
8400          46          64
8410          45          61
8420          45          59
8430          47          73
8440          49          65
8450          47          61
8460          49          65
8470          48          62
8480          46          66
8490          46          64
8500          43          69
8510          45          61
8520          43          61
8530          43          79
8540          47          67
8550          40          72
8560          46          66
8570          42          72
8580          43          75
8590          45          71
8600          45          65
8610          49          59
8620          45          69
8630          48          60
8640          47          67
8650          45          65
8660          45          69
8670          42          70
8680          41          71
8690          41          69
8700          45          67
8710          41          69
8720          41          67
8730          45          67
8740          44          62
8750          47          61
8760          45          73
8770          43          67
8780          43          73
8790          43          75
8800          46          76
8810          43          65
8820          50          60
8830          46          68
8840          48          72
8850          49          69
8860          47          77
8870          50          76
8880          49          71
8890          50          66
8900          47          73
8910          45          77
8920          51          63
8930          48          74
8940          50          72
8950          48          70
8960          53          69
8970          46          70
8980          47          75
8990          48          66
9000          43          71
9010          50          74
9020          47          71
9030          45          71
9040          52          66
9050          47          61
9060          47          63
9070          44          72
9080          47          63
9090          50          66
9100          44          68
9110          46          72
9120          45          71
9130          47          69
9140          47          61
9150          49          63
9160          46          66
9170          45          65
9180          48          58
9190          48          66
9200          45          63
9210          49          61
9220          48          66
9230          51          65
9240          45          65
9250          46          54
9260          48          64
9270          45          63
9280          41          67
9290          44          80
9300          40          62
9310          42          62
9320          44          64
9330          44          70
9340          45          65
9350          44          62
9360          46          58
9370          47          63
9380          41          61
9390          44          62
9400          46          62
9410          46          60
9420          40          62
9430          41          65
9440          42          62
9450          41          61
9460          41          59
9470          46          60
9480          47          63
9490          45          69
9500          44          64
9510          46          60
9520          47          67
9530          48          62
9540          46          68
9550          48          60
9560          45          65
9570          48          66
9580          44          64
9590          47          61
9600          46          68
9610          45          59
9620          44          64
9630          50          60
9640          45          59
9650          50          60
9660          44          62
9670          47          59
9680          49          67
9690          46          58
9700          43          55
9710          47          59
9720          48          64
9730          43          61
9740          39          67
9750          43          55
9760          41          61
9770          46          54
9780          43          61
9790          46          62
9800          48          60
9810          49          55
9820          45          71
9830          47          53
9840          48          60
9850          41          59
9860          44          58
9870          46          66
9880          42          64
9890          45          63
9900          45          61
9910          45          65
9920          46          62
9930          47          61
9940          46          62
9950          43          61
9960          44          62
9970          49          65
9980          46          62
9990          48          62
10000          45          79
