Time   Number   
ps   
0          54          68
10          44          62
20          52          62
30          53          69
40          51          75
50          51          65
60          53          69
70          53          67
80          51          73
90          46          70
100          58          68
110          51          69
120          53          67
130          50          74
140          51          65
150          49          61
160          51          65
170          49          61
180          48          66
190          47          59
200          51          67
210          46          66
220          49          65
230          49          69
240          49          69
250          47          65
260          52          66
270          52          64
280          53          73
290          51          63
300          52          58
310          53          61
320          53          69
330          53          63
340          50          64
350          50          64
360          49          59
370          56          64
380          51          61
390          50          70
400          52          68
410          50          64
420          50          64
430          52          64
440          50          60
450          52          58
460          51          67
470          54          60
480          47          67
490          51          65
500          50          60
510          53          61
520          51          57
530          50          70
540          52          62
550          49          67
560          53          67
570          46          60
580          49          67
590          49          59
600          52          64
610          50          64
620          52          56
630          52          62
640          49          65
650          49          65
660          53          69
670          51          63
680          49          67
690          51          57
700          49          71
710          45          59
720          51          57
730          50          66
740          53          59
750          49          61
760          48          58
770          47          59
780          48          64
790          44          58
800          50          60
810          53          59
820          49          61
830          51          61
840          50          62
850          48          72
860          52          56
870          53          67
880          48          68
890          50          62
900          49          59
910          50          58
920          53          65
930          52          60
940          50          68
950          53          65
960          52          64
970          50          58
980          56          64
990          52          62
1000          49          65
1010          57          69
1020          46          62
1030          46          64
1040          54          66
1050          49          63
1060          44          60
1070          50          66
1080          48          62
1090          50          64
1100          51          65
1110          54          64
1120          51          61
1130          53          61
1140          50          64
1150          49          59
1160          50          62
1170          52          68
1180          49          63
1190          51          59
1200          49          61
1210          50          64
1220          52          64
1230          52          58
1240          56          66
1250          51          65
1260          53          59
1270          50          60
1280          51          63
1290          58          62
1300          56          68
1310          55          69
1320          54          68
1330          54          76
1340          50          68
1350          54          70
1360          51          67
1370          53          67
1380          53          65
1390          56          68
1400          51          75
1410          53          67
1420          52          64
1430          48          72
1440          52          66
1450          51          61
1460          53          59
1470          55          61
1480          54          62
1490          50          60
1500          54          66
1510          51          63
1520          50          64
1530          54          72
1540          45          69
1550          49          61
1560          48          60
1570          48          68
1580          51          65
1590          54          64
1600          52          58
1610          52          64
1620          52          62
1630          53          63
1640          53          61
1650          51          67
1660          51          55
1670          49          57
1680          49          67
1690          49          65
1700          50          58
1710          50          60
1720          45          59
1730          54          70
1740          48          58
1750          50          58
1760          53          57
1770          55          63
1780          51          59
1790          50          60
1800          48          66
1810          51          65
1820          49          57
1830          47          61
1840          51          67
1850          49          65
1860          55          69
1870          48          70
1880          52          66
1890          55          57
1900          47          69
1910          54          56
1920          56          58
1930          49          57
1940          48          60
1950          49          67
1960          52          62
1970          52          58
1980          45          61
1990          43          59
2000          48          58
2010          50          56
2020          51          67
2030          48          60
2040          48          62
2050          51          57
2060          50          58
2070          49          55
2080          56          64
2090          49          59
2100          51          63
2110          56          62
2120          54          68
2130          55          63
2140          52          62
2150          50          72
2160          52          68
2170          52          64
2180          57          71
2190          57          65
2200          52          62
2210          55          69
2220          52          64
2230          57          67
2240          51          69
2250          47          63
2260          54          58
2270          54          68
2280          54          66
2290          49          63
2300          55          67
2310          51          63
2320          57          65
2330          52          68
2340          58          66
2350          54          64
2360          56          66
2370          45          63
2380          52          60
2390          53          61
2400          55          65
2410          50          60
2420          47          61
2430          50          64
2440          44          62
2450          54          64
2460          50          58
2470          50          66
2480          51          67
2490          52          60
2500          44          58
2510          44          60
2520          51          57
2530          50          60
2540          49          61
2550          47          57
2560          50          58
2570          42          58
2580          47          63
2590          48          56
2600          43          55
2610          53          59
2620          49          61
2630          49          59
2640          51          57
2650          46          58
2660          45          57
2670          44          62
2680          55          61
2690          47          71
2700          51          61
2710          44          58
2720          51          69
2730          46          60
2740          51          63
2750          52          60
2760          51          61
2770          48          54
2780          48          58
2790          46          62
2800          48          68
2810          48          48
2820          43          55
2830          46          60
2840          44          54
2850          44          50
2860          47          61
2870          41          57
2880          46          56
2890          44          56
2900          49          59
2910          46          56
2920          47          63
2930          46          60
2940          52          60
2950          47          57
2960          51          61
2970          48          54
2980          43          59
2990          46          68
3000          50          60
3010          48          56
3020          43          59
3030          55          73
3040          51          61
3050          48          54
3060          46          68
3070          43          59
3080          51          65
3090          50          66
3100          44          62
3110          44          68
3120          51          63
3130          49          59
3140          49          57
3150          48          70
3160          44          56
3170          50          56
3180          48          58
3190          51          61
3200          51          59
3210          53          63
3220          46          60
3230          51          63
3240          47          53
3250          48          66
3260          47          59
3270          48          54
3280          41          49
3290          47          55
3300          46          52
3310          48          54
3320          43          55
3330          45          55
3340          47          61
3350          46          56
3360          46          62
3370          46          56
3380          44          54
3390          46          62
3400          48          64
3410          50          58
3420          52          64
3430          43          53
3440          47          65
3450          46          58
3460          49          55
3470          50          62
3480          48          64
3490          48          60
3500          41          63
3510          50          68
3520          51          61
3530          47          69
3540          44          62
3550          50          62
3560          49          63
3570          45          55
3580          44          60
3590          48          60
3600          54          64
3610          48          64
3620          52          62
3630          53          61
3640          48          62
3650          49          65
3660          55          59
3670          51          61
3680          51          61
3690          53          67
3700          47          61
3710          50          60
3720          50          64
3730          46          50
3740          52          64
3750          46          56
3760          50          62
3770          49          65
3780          48          62
3790          47          65
3800          48          54
3810          52          58
3820          50          66
3830          46          54
3840          52          62
3850          48          58
3860          50          58
3870          43          59
3880          49          55
3890          47          57
3900          49          71
3910          48          62
3920          50          62
3930          49          59
3940          47          57
3950          48          62
3960          48          58
3970          49          57
3980          53          63
3990          49          53
4000          49          63
4010          48          68
4020          49          61
4030          49          61
4040          48          56
4050          49          63
4060          44          52
4070          52          58
4080          49          59
4090          53          59
4100          47          59
4110          52          60
4120          46          66
4130          49          59
4140          49          61
4150          46          62
4160          48          64
4170          46          56
4180          49          59
4190          52          68
4200          49          57
4210          43          63
4220          46          56
4230          48          64
4240          50          60
4250          49          61
4260          47          65
4270          48          62
4280          48          56
4290          47          49
4300          48          54
4310          49          61
4320          47          61
4330          47          75
4340          50          60
4350          47          67
4360          53          61
4370          44          60
4380          48          62
4390          49          63
4400          56          64
4410          48          66
4420          45          59
4430          52          56
4440          51          63
4450          47          59
4460          49          65
4470          46          58
4480          50          62
4490          50          56
4500          49          59
4510          49          59
4520          48          58
4530          48          64
4540          52          62
4550          49          57
4560          52          70
4570          48          60
4580          56          68
4590          48          62
4600          50          56
4610          53          69
4620          53          57
4630          51          63
4640          47          59
4650          53          61
4660          47          57
4670          47          59
4680          48          66
4690          52          58
4700          46          66
4710          51          63
4720          54          72
4730          54          58
4740          52          66
4750          54          64
4760          47          61
4770          50          58
4780          49          59
4790          50          58
4800          49          61
4810          51          65
4820          50          60
4830          52          64
4840          49          55
4850          48          56
4860          47          69
4870          51          63
4880          52          64
4890          49          71
4900          52          64
4910          47          67
4920          51          61
4930          47          61
4940          49          69
4950          50          68
4960          46          56
4970          50          60
4980          47          63
4990          50          58
5000          50          64
5010          53          65
5020          49          63
5030          44          52
5040          51          61
5050          44          60
5060          45          67
5070          44          60
5080          48          66
5090          44          68
5100          49          61
5110          47          61
5120          46          60
5130          43          61
5140          48          64
5150          47          65
5160          48          58
5170          48          62
5180          51          69
5190          47          63
5200          51          65
5210          50          58
5220          47          57
5230          49          61
5240          47          53
5250          47          57
5260          47          55
5270          46          54
5280          49          63
5290          46          54
5300          46          54
5310          46          58
5320          44          62
5330          48          62
5340          43          63
5350          45          55
5360          44          64
5370          46          56
5380          46          58
5390          45          59
5400          46          64
5410          48          54
5420          41          61
5430          45          63
5440          43          57
5450          52          62
5460          48          60
5470          51          59
5480          50          62
5490          50          60
5500          47          61
5510          51          63
5520          47          61
5530          48          66
5540          52          60
5550          53          61
5560          46          56
5570          47          55
5580          49          57
5590          53          57
5600          45          67
5610          51          57
5620          46          56
5630          49          65
5640          48          64
5650          48          58
5660          48          60
5670          50          62
5680          49          59
5690          48          62
5700          45          51
5710          52          70
5720          50          66
5730          49          61
5740          53          63
5750          53          67
5760          50          58
5770          47          65
5780          51          67
5790          52          64
5800          50          60
5810          51          63
5820          53          65
5830          52          68
5840          52          66
5850          45          57
5860          43          73
5870          51          65
5880          49          61
5890          50          56
5900          51          61
5910          45          65
5920          51          67
5930          51          71
5940          50          62
5950          50          62
5960          52          66
5970          47          69
5980          52          68
5990          50          72
6000          57          69
6010          52          64
6020          51          67
6030          51          65
6040          49          61
6050          53          75
6060          59          67
6070          54          66
6080          44          56
6090          48          66
6100          46          62
6110          49          69
6120          48          70
6130          50          60
6140          45          71
6150          52          64
6160          50          64
6170          50          66
6180          51          67
6190          52          66
6200          51          61
6210          45          65
6220          42          56
6230          54          58
6240          52          68
6250          49          57
6260          43          65
6270          48          70
6280          42          62
6290          51          63
6300          46          60
6310          45          65
6320          47          57
6330          44          62
6340          48          60
6350          43          61
6360          47          57
6370          46          70
6380          43          67
6390          51          67
6400          47          61
6410          46          60
6420          48          58
6430          47          55
6440          49          55
6450          46          64
6460          44          64
6470          50          60
6480          50          58
6490          48          66
6500          45          57
6510          46          58
6520          47          61
6530          45          63
6540          43          55
6550          47          59
6560          44          62
6570          45          65
6580          52          60
6590          49          67
6600          44          60
6610          51          57
6620          48          52
6630          44          58
6640          46          62
6650          44          68
6660          48          60
6670          57          61
6680          46          62
6690          50          64
6700          48          60
6710          46          58
6720          52          62
6730          52          60
6740          52          58
6750          49          59
6760          51          63
6770          54          60
6780          50          68
6790          46          56
6800          47          69
6810          50          62
6820          46          70
6830          51          73
6840          46          58
6850          51          65
6860          49          65
6870          46          70
6880          52          64
6890          50          62
6900          48          64
6910          47          67
6920          49          59
6930          50          60
6940          47          63
6950          49          63
6960          46          64
6970          51          67
6980          45          61
6990          48          64
7000          48          62
7010          50          66
7020          53          67
7030          56          66
7040          52          58
7050          44          60
7060          43          69
7070          47          59
7080          50          60
7090          47          65
7100          52          64
7110          47          63
7120          47          65
7130          51          61
7140          53          77
7150          44          60
7160          56          72
7170          51          57
7180          47          59
7190          47          61
7200          48          60
7210          46          64
7220          50          70
7230          45          65
7240          48          54
7250          48          70
7260          51          67
7270          45          57
7280          48          62
7290          52          60
7300          46          66
7310          53          67
7320          52          62
7330          51          65
7340          52          66
7350          52          64
7360          49          69
7370          50          64
7380          50          60
7390          55          71
7400          47          59
7410          51          59
7420          48          64
7430          46          58
7440          48          60
7450          47          63
7460          47          59
7470          47          61
7480          52          64
7490          49          59
7500          45          59
7510          48          56
7520          50          68
7530          49          57
7540          48          56
7550          51          63
7560          47          59
7570          48          58
7580          50          68
7590          52          60
7600          47          55
7610          50          62
7620          45          67
7630          52          66
7640          49          63
7650          49          59
7660          46          64
7670          47          63
7680          45          57
7690          45          59
7700          45          65
7710          48          64
7720          47          59
7730          48          60
7740          50          62
7750          44          56
7760          49          59
7770          51          59
7780          48          64
7790          51          59
7800          50          62
7810          51          61
7820          50          62
7830          48          66
7840          48          74
7850          44          70
7860          51          57
7870          55          59
7880          55          81
7890          50          74
7900          51          71
7910          54          66
7920          46          78
7930          50          72
7940          55          73
7950          48          72
7960          50          78
7970          52          66
7980          53          65
7990          52          64
8000          52          70
8010          51          69
8020          48          70
8030          48          70
8040          49          69
8050          49          65
8060          49          65
8070          47          67
8080          44          62
8090          49          71
8100          48          60
8110          50          60
8120          50          66
8130          49          55
8140          48          62
8150          45          51
8160          44          60
8170          51          65
8180          44          60
8190          47          67
8200          45          51
8210          44          56
8220          50          62
8230          42          58
8240          49          61
8250          45          55
8260          40          58
8270          42          50
8280          48          60
8290          46          54
8300          48          58
8310          46          56
8320          44          58
8330          44          58
8340          46          58
8350          49          59
8360          43          69
8370          45          61
8380          47          65
8390          50          64
8400          47          59
8410          51          63
8420          45          65
8430          45          55
8440          53          67
8450          43          67
8460          46          68
8470          53          61
8480          52          58
8490          52          72
8500          51          63
8510          48          56
8520          47          53
8530          45          57
8540          45          73
8550          49          61
8560          50          62
8570          50          62
8580          41          61
8590          47          59
8600          52          58
8610          43          51
8620          48          62
8630          49          57
8640          47          59
8650          48          56
8660          48          54
8670          49          59
8680          50          58
8690          53          59
8700          45          57
8710          47          59
8720          48          54
8730          50          58
8740          50          62
8750          48          64
8760          48          56
8770          48          58
8780          48          56
8790          43          63
8800          46          56
8810          51          61
8820          50          58
8830          49          61
8840          45          63
8850          49          59
8860          48          62
8870          48          60
8880          46          68
8890          48          56
8900          47          59
8910          51          65
8920          46          62
8930          46          58
8940          47          67
8950          47          55
8960          47          63
8970          51          61
8980          51          61
8990          53          69
9000          55          65
9010          54          60
9020          48          64
9030          51          65
9040          51          61
9050          49          61
9060          50          62
9070          47          55
9080          53          67
9090          49          61
9100          48          58
9110          50          72
9120          49          59
9130          51          63
9140          45          65
9150          47          61
9160          50          64
9170          50          56
9180          47          59
9190          46          56
9200          49          61
9210          50          62
9220          53          63
9230          47          69
9240          49          65
9250          50          62
9260          49          61
9270          53          59
9280          50          66
9290          47          65
9300          48          68
9310          46          64
9320          49          61
9330          43          61
9340          52          64
9350          45          69
9360          41          59
9370          50          60
9380          49          59
9390          49          61
9400          45          57
9410          47          55
9420          45          59
9430          46          54
9440          42          66
9450          43          65
9460          45          55
9470          41          59
9480          56          62
9490          47          65
9500          44          54
9510          46          60
9520          44          60
9530          50          66
9540          47          67
9550          45          63
9560          50          68
9570          46          62
9580          45          61
9590          47          57
9600          53          57
9610          53          59
9620          49          65
9630          52          54
9640          46          58
9650          55          65
9660          50          62
9670          48          56
9680          48          64
9690          50          66
9700          44          66
9710          48          62
9720          51          63
9730          50          64
9740          51          69
9750          54          64
9760          51          57
9770          51          63
9780          51          67
9790          50          60
9800          50          66
9810          46          64
9820          49          63
9830          56          66
9840          49          61
9850          48          66
9860          45          65
9870          45          61
9880          51          69
9890          53          61
9900          55          67
9910          44          58
9920          49          71
9930          57          73
9940          50          62
9950          52          68
9960          53          65
9970          53          59
9980          48          62
9990          48          66
10000          46          66
