Time   C(t)   
ps   
0           1           1  2.75329e-10   0.0239052
10    0.768249    0.803439    -1.07095   0.0137322
20    0.725357     0.76706     1.29627   0.0035591
30    0.697067    0.743065     2.32524  0.00263542
40    0.672648    0.722355     2.63192  0.00229832
50      0.6511    0.704079     3.14698  0.00200783
60    0.632492    0.688295   0.0569721  0.00187172
70    0.613666    0.672328  -0.0473173   0.0017201
80     0.59809    0.659117    0.518153  0.00160108
90    0.581644    0.645169     1.34181  0.00160128
100    0.566064    0.631955     3.40144   0.0013438
110    0.554768    0.622374     1.70171  0.00124775
120    0.541109    0.610789     1.59893  0.00112401
130    0.532288    0.603307    0.722004  0.000961149
140    0.521886    0.594485    0.928471  0.00119777
150    0.508333    0.582989    0.104968  0.000980136
160    0.502284    0.577859    0.617866  0.000702061
170    0.494292     0.57108    0.719842  0.000821127
180    0.485861     0.56393   -0.568361  0.000928541
190    0.475721    0.555329     1.28491  0.000990823
200    0.466045    0.547122     2.16078  0.000859658
210    0.458528    0.540747    0.512873  0.000779703
220    0.450451    0.533896     2.15938  0.000790355
230    0.442721     0.52734     1.54088  0.000691774
240    0.436615    0.522161     1.02567  0.000562544
250     0.43147    0.517797     2.77641  0.000499824
260    0.426619    0.513683     2.46711  0.000570936
270    0.420051    0.508113     2.62076  0.000636078
280    0.413897    0.502893     3.59886  0.000719832
290    0.405654    0.495902      4.3718  0.000577597
300    0.402345    0.493095     3.39184  0.000643282
310    0.392789     0.48499     1.58958  0.000788198
320    0.386581    0.479725    0.817544  0.000609137
330    0.380606    0.474657   0.0956152  0.000585848
340    0.374864    0.469787     1.53696  0.000448856
350    0.371629    0.467043     2.36066  0.000373052
360    0.367403    0.463459    0.815483  0.000558466
370     0.36046     0.45757     1.32969  0.000386909
380    0.359665    0.456896    0.711143  0.000249217
390    0.355475    0.453342     1.99834  0.000370008
400    0.352265    0.450619    0.813773  0.000395569
410    0.347564    0.446632    0.607708  0.000547937
420    0.341306    0.441324    0.813672  0.000511827
430    0.337327     0.43795    0.554633  0.000466494
440    0.331976    0.433411    0.812666  0.000414629
450    0.329035    0.430916    0.194172  0.000300665
460    0.325963    0.428311     1.22298  0.000385268
470    0.321329    0.424381    0.605998  0.000544794
480    0.315067     0.41907   0.0912907  0.000514692
490    0.311036     0.41565     1.17212  0.000356758
500    0.307932    0.413018    0.656006  0.000457507
510    0.301885     0.40789    0.862976  0.000411426
520    0.299703    0.406039   0.0390202  0.000299811
530    0.295889    0.402804    0.399231  0.000328548
540    0.293132    0.400466     1.58244  0.000316751
550    0.289554    0.397431     0.55232  0.000329942
560    0.286533    0.394869   0.0880721  0.000468992
570    0.280174    0.389475   0.0374615  0.000469804
580    0.277137    0.386899    -2.53719  0.000297716
590     0.27422    0.384425    -2.17743  0.000392975
600    0.269278    0.380233    -1.66257  0.00045684
610    0.265083    0.376676    -1.61105  0.000410432
620    0.261069    0.373271   -0.633002  0.00022783
630    0.260527    0.372811    -2.02449  0.000171506
640    0.257639    0.370362   -0.582793  0.000342943
650    0.253668    0.366993   -0.221678  0.000311889
660    0.251401    0.365071   -0.428446  0.000220504
670    0.249258    0.363253   -0.171419  0.00021781
680    0.247045    0.361377    0.652486  0.00022783
690    0.244701    0.359388    0.961231  0.000199623
700    0.243053     0.35799    0.806029  0.000241566
710     0.23987    0.355291     1.83605  0.000325046
720    0.236552    0.352477     1.47619  0.00013709
730    0.237128    0.352965     1.42362  0.000201617
740    0.232519    0.349056     1.37296  0.000313933
750    0.230849     0.34764    0.239453  8.69885e-05
760     0.23078    0.347581    0.804822  0.000193249
770    0.226984    0.344362     1.88646  0.000293131
780    0.224917    0.342608    0.856389  0.000161908
790    0.223746    0.341615     1.88661  0.000239643
800    0.220124    0.338543     1.37195  0.000314204
810    0.217462    0.336285     1.06291  0.000214852
820    0.215827    0.334899    0.702695  0.000215381
830    0.213154    0.332632    0.393398  0.000147828
840    0.212871    0.332391     1.11387  6.72855e-05
850    0.211809    0.331491     1.01079  0.000145227
860    0.209966    0.329928    0.392442  0.000275376
870    0.206301    0.326819    0.856087  0.000305133
880    0.203863    0.324752    0.803917  0.000205004
890    0.202201    0.323342     1.06135  0.000124057
900    0.201382    0.322647    0.958163  0.000218941
910    0.197822    0.319628    0.650123  0.000147457
920    0.198433    0.320146     0.23714  0.000154554
930    0.194731    0.317006  -0.0718556  0.000233176
940     0.19377    0.316191      0.4425  0.000168326
950    0.191365    0.314151    -0.02034  0.000266996
960     0.18843    0.311661   -0.998743  0.000234737
970     0.18667    0.310169   0.0304723  0.000212321
980    0.184183     0.30806   -0.432921  0.000235768
990    0.181955     0.30617   0.0827427  0.000170432
1000    0.180775    0.305169   0.0302714  0.000137905
1010    0.179196     0.30383    0.545633  0.000154698
1020    0.177681    0.302545     1.00852  0.000131916
1030    0.176558    0.301593    0.802458  0.000135531
1040     0.17497    0.300246     1.67768  5.30034e-05
1050    0.175498    0.300693     1.67758  -1.63898e-05
1060    0.175298    0.300524    0.698572  9.97208e-05
1070    0.173504    0.299002    0.955951  0.000182938
1080    0.171639     0.29742    0.956002  0.000126784
1090    0.170968    0.296851    0.492809  0.000147116
1100    0.168697    0.294925   0.0809323  0.000180705
1110    0.167354    0.293786    0.132298  0.000237909
1120    0.163939    0.290889   -0.279027  0.000194879
1130    0.163456     0.29048    0.441645  1.43424e-06
1140     0.16391    0.290865     1.16106  9.19312e-05
1150    0.161618    0.288921      1.7796  0.000142288
1160    0.161064    0.288451     1.00686  0.000115854
1170    0.159301    0.286955     1.05763  0.000153013
1180    0.158004    0.285856     1.41879  7.59922e-05
1190    0.157781    0.285666     2.65397  8.29712e-05
1200    0.156344    0.284448     2.29351  0.000268567
1210    0.152409    0.281111     2.03613  0.000302806
1220    0.150288    0.279312     1.88143  0.000188676
1230    0.148636     0.27791     2.85938  0.000172208
1240    0.146844     0.27639     3.32217  0.000192931
1250    0.144777    0.274637     2.03477  0.000227264
1260    0.142299    0.272535     2.13755  0.000180218
1270    0.141173     0.27158      3.2703  0.000221496
1280    0.137869    0.268778     1.67406  0.000317183
1290    0.134829      0.2662     1.62234  0.000256606
1300    0.132737    0.264425     2.80641  0.000229961
1310     0.13023    0.262299     1.98245  6.99535e-05
1320    0.131338    0.263239     1.62159  6.34797e-05
1330     0.12896    0.261222     2.13705  0.000159271
1340    0.128152    0.260537     2.23998  6.37732e-05
1350    0.127685     0.26014     1.26208  3.30642e-05
1360    0.127491    0.259976     1.26128  0.000139641
1370    0.124892    0.257772    0.798235  0.000143261
1380    0.124626    0.257546      1.0041  4.38921e-05
1390    0.124014    0.257027    0.849449  0.000226661
1400    0.120093    0.253701    0.952683  0.000147617
1410    0.121062    0.254523      1.5184  3.76906e-05
1420    0.119339    0.253062     1.05582  8.25878e-05
1430     0.11941    0.253122    0.488887  4.47918e-05
1440    0.118443    0.252302    0.901267  8.29708e-05
1450    0.117751    0.251715    0.695655  -2.78905e-05
1460    0.119001    0.252775    0.952029  -2.43574e-05
1470    0.118238    0.252128    0.695404  0.000107666
1480    0.116847    0.250948  -0.0256196  9.04642e-05
1490    0.116429    0.250593    0.591919  0.000157002
1500    0.113707    0.248285    0.541107  0.000216588
1510    0.112097    0.246919   -0.642907  8.08381e-05
1520    0.112091    0.246914    -0.18057  -9.87798e-06
1530    0.112294    0.247087     1.00339  -0.000100989
1540     0.11411    0.248627     2.18726  -0.000108143
1550    0.114457    0.248921     1.20961  -1.01477e-05
1560    0.114313    0.248799    0.745814  6.01329e-05
1570    0.113255    0.247901     1.26118  2.85387e-05
1580    0.113743    0.248315     2.23918  1.10667e-05
1590    0.113033    0.247714    0.642379  9.92414e-05
1600    0.111758    0.246632    0.694046  0.000120643
1610     0.11062    0.245667    0.231106  5.01979e-05
1620    0.110754     0.24578    0.848645  -2.04336e-05
1630    0.111029    0.246014     1.26037  0.000128447
1640    0.108185    0.243601     1.36411  0.000110817
1650    0.108813    0.244134     1.62108  4.65773e-06
1660    0.108092    0.243522    0.642279  0.000100672
1670    0.106799    0.242426     1.05411  3.67548e-05
1680    0.107357    0.242899   -0.439357  4.0514e-05
1690    0.105989    0.241739    0.950822  0.000111916
1700    0.105118       0.241     0.33278  8.0042e-05
1710    0.104388    0.240381    0.126112  2.29653e-05
1720    0.104659    0.240611    0.486876  5.16362e-06
1730    0.104285    0.240294     1.31013   9.485e-05
1740    0.102762    0.239002     1.97979  2.31504e-05
1750    0.103822    0.239901     1.25987  -2.34019e-05
1760     0.10323    0.239399     1.10477  6.64789e-05
1770    0.102492    0.238773    0.847438  3.05701e-05
1780    0.102619     0.23888   -0.748906  0.000149849
1790   0.0994954    0.236231    0.795822  0.000197017
1800   0.0986783    0.235538     1.67079  0.000125243
1810   0.0969905    0.234107     2.13454  5.66456e-05
1820   0.0975454    0.234577      1.7221  6.12997e-06
1830   0.0968679    0.234003    0.588701  7.1457e-05
1840   0.0961162    0.233365  -0.0288378  4.98053e-05
1850   0.0958718    0.233158     1.82458  0.000191985
1860   0.0922765    0.230108    0.331775  0.000181314
1870   0.0922456    0.230082     1.56675  0.000119919
1880   0.0898781    0.228074     1.97928  0.000134681
1890   0.0895519    0.227798     2.08166  0.00014612
1900   0.0869557    0.225596     1.36134  0.00015001
1910   0.0865517    0.225253     0.84603  9.6485e-08
1920   0.0869538    0.225594     1.25796  4.0558e-05
1930   0.0857406    0.224565     3.11118  0.000158249
1940   0.0837888     0.22291     2.54465  0.000165956
1950   0.0824215     0.22175     1.97863  0.000162719
1960   0.0805344    0.220149     1.05119  0.000104028
1970   0.0803409    0.219985    0.793609  1.93804e-05
1980   0.0801468    0.219821    0.432644  3.79365e-05
1990   0.0795822    0.219342    0.329612  6.02376e-05
2000   0.0789421    0.218799     0.99907  0.000138298
2010   0.0768162    0.216996      1.2564  0.000209133
2020   0.0747594    0.215251     1.61741  0.000138985
2030   0.0740365    0.214638    0.947805  6.12125e-05
2040   0.0735352    0.214213     1.66863  0.000169517
2050   0.0706462    0.211763     2.49193  0.000195934
2060   0.0696165    0.210889      2.2344  9.93494e-05
2070   0.0686592    0.210077     3.00674  0.000174459
2080   0.0661273     0.20793      1.9254  0.000144821
2090   0.0657628    0.207621     3.41836  7.77837e-05
2100   0.0645716     0.20661     3.31513  0.000153073
2110   0.0627013    0.205024     4.39636  0.000175989
2120   0.0610519    0.203625     4.08707  0.000142547
2130   0.0598504    0.202606      4.4998  0.000135393
2140    0.058344    0.201328     4.75773  2.99908e-05
2150   0.0592505    0.202097     4.24207  -4.91798e-05
2160   0.0593276    0.202163     4.70471  3.77126e-05
2170   0.0584963    0.201458     4.96254  0.00010219
2180   0.0572838    0.200429       5.323  7.58676e-05
2190   0.0569789    0.200171     4.49899  3.43138e-05
2200   0.0565975    0.199847     5.06547  4.19993e-05
2210    0.056139    0.199458     5.11709  8.02081e-05
2220   0.0549934    0.198487     4.75592  0.000129968
2230   0.0535396    0.197254     5.47699  7.68041e-05
2240   0.0534573    0.197184     4.65354  8.09163e-05
2250   0.0519213    0.195881     4.13899  5.99027e-07
2260   0.0534453    0.197174     3.21109  2.7648e-05
2270   0.0513683    0.195412     4.39631  8.28821e-06
2280   0.0532795    0.197033     3.88105  -0.000129852
2290   0.0539654    0.197615      4.3443  -3.22293e-06
2300    0.053344    0.197088      3.8813  7.76395e-05
2310   0.0524126    0.196298     4.80824  5.46593e-05
2320   0.0522508     0.19616     4.24177  2.77922e-05
2330   0.0518567    0.195826     3.67499  3.17216e-05
2340   0.0516164    0.195622     3.83004  -2.63015e-05
2350   0.0523827    0.196272     3.82929  -7.2868e-05
2360   0.0530737    0.196858      3.8808  -3.80989e-05
2370   0.0531447    0.196919     3.36564  -4.60163e-05
2380   0.0539941    0.197639     3.46862  1.62328e-05
2390   0.0528201    0.196643     4.70461  0.000117552
2400    0.051643    0.195645     4.13818  3.58483e-05
2410   0.0521031    0.196035     2.85073  7.51596e-05
2420   0.0501398     0.19437     3.46908  8.69414e-05
2430   0.0503643     0.19456     4.65294  7.55576e-05
2440   0.0486287    0.193088     3.00543  0.000118817
2450   0.0479879    0.192545     3.88015  2.48451e-05
2460   0.0481318    0.192667     4.08571  7.2209e-05
2470   0.0465438     0.19132     3.21104  0.000123527
2480   0.0456612    0.190571     3.31372  2.12697e-05
2490   0.0461184    0.190959     3.98333  2.93268e-05
2500   0.0450747    0.190074     3.93156  2.53502e-05
2510   0.0456114    0.190529     3.82873  -3.78821e-05
2520   0.0458323    0.190717      4.7043  -3.40424e-05
2530   0.0462922    0.191107     4.96108  4.93256e-05
2540   0.0448458     0.18988     4.03454  2.94412e-05
2550   0.0457034    0.190607     3.87995  -1.01715e-05
2560   0.0450493    0.190052     5.16755  0.000105403
2570   0.0435953    0.188819     2.69548  8.56597e-05
2580   0.0433361    0.188599     3.93081  2.1961e-05
2590   0.0431561    0.188447     3.82808  3.40423e-05
2600   0.0426552    0.188022     3.98152  9.82972e-05
2610   0.0411902    0.186779     3.31282  8.64495e-05
2620   0.0409262    0.186555     3.67348  5.4583e-05
2630   0.0400985    0.185853     2.84927  2.24734e-05
2640   0.0404768    0.186174     4.13662  -2.1746e-05
2650   0.0405334    0.186222     3.46651  5.49035e-05
2660   0.0393787    0.185243        3.93  0.000160121
2670    0.037331    0.183506     4.44567  5.52023e-05
2680   0.0382746    0.184306     3.72409  7.98902e-05
2690   0.0357332    0.182151     2.90044  0.000286973
2700   0.0325352    0.179439     3.26135  0.000149452
2710   0.0327442    0.179616     3.77561  -1.27753e-05
2720   0.0327907    0.179655     3.98077  1.16445e-05
2730   0.0325113    0.179418      2.7969  2.79864e-05
2740    0.032231     0.17918     3.20808  8.12228e-05
2750   0.0308868     0.17804     4.18663  5.68019e-05
2760   0.0310949    0.178217     3.62015  4.88634e-05
2770   0.0299095    0.177212     3.25964  0.00025419
2780   0.0260111    0.173905     2.59109  0.000205375
2790    0.025802    0.173728     2.53922  8.68043e-05
2800    0.024275    0.172433     3.20928  0.00011581
2810   0.0234859    0.171763     2.53902  7.90275e-05
2820   0.0226945    0.171092     3.31126  1.30967e-05
2830   0.0232239    0.171541     3.98026  5.87653e-05
2840   0.0215192    0.170095     4.34153  8.77988e-05
2850   0.0214679    0.170052     3.67192  4.66462e-05
2860   0.0205863    0.169304     4.34108  0.000138184
2870   0.0187043    0.167708     4.28966  1.10688e-06
2880   0.0205641    0.169285     4.95902  -0.000111195
2890   0.0209282    0.169594     4.49532  1.36396e-05
2900   0.0202913    0.169054      4.9075  -5.74687e-05
2910   0.0220775    0.170569     4.18598  -7.42083e-05
2920   0.0217755    0.170313     4.08319  -6.61838e-05
2930   0.0234012    0.171691     2.74343  -8.7226e-05
2940     0.02352    0.171792     3.51687  1.7539e-05
2950   0.0230504    0.171394     3.67177  2.59659e-05
2960   0.0230007    0.171352     2.28109  4.2934e-05
2970   0.0221918    0.170666     2.17811  4.30121e-05
2980   0.0221404    0.170622     3.72243  6.85599e-05
2990   0.0208206    0.169503     3.77445  6.01884e-05
3000   0.0209367    0.169601     2.69251  2.65396e-05
3010   0.0202898    0.169052     3.05308  0.000119994
3020   0.0185368    0.167566     3.97986  8.62342e-05
3030   0.0185651     0.16759     3.20752  3.97592e-05
3040   0.0177416    0.166891     3.97991  7.81982e-05
3050   0.0170011    0.166263     4.44356  3.14457e-05
3060   0.0171127    0.166358     3.77395  -2.40079e-05
3070   0.0174813     0.16667     4.13416  -7.97496e-05
3080   0.0187077    0.167711     3.97946  2.73293e-05
3090   0.0169347    0.166207     3.20687  6.5857e-05
3100   0.0173906    0.166593     3.20742  8.34188e-05
3110   0.0152663    0.164792     2.43498  9.64005e-05
3120   0.0154625    0.164958      3.6188  1.9229e-06
3130   0.0152279    0.164759     2.64079  1.4865e-05
3140   0.0151652    0.164706     2.94989  -1.53745e-05
3150   0.0155354     0.16502     2.17725  0.00011029
3160   0.0129595    0.162835      2.0228  0.000106058
3170   0.0134142    0.163221     1.14753  -2.07224e-06
3180   0.0130009     0.16287     2.79539  0.00013715
3190   0.0106712    0.160894     2.02346  0.000146131
3200   0.0100783    0.160392    0.684844  0.000120499
3210  0.00826122     0.15885     1.04526  2.89456e-05
3220  0.00949937    0.159901     3.05307  -4.51793e-05
3230  0.00916481    0.159617     1.35335  9.05114e-05
3240  0.00768914    0.158365     1.97159  -5.42334e-05
3250   0.0102495    0.160537     2.63994  -5.71341e-06
3260  0.00780341    0.158462     1.66229  0.00019211
3270  0.00640727    0.157278     3.56808  1.18959e-05
3280  0.00756549     0.15826     2.22862  -0.000120411
3290  0.00881549     0.15932     4.03097  -0.000125185
3300   0.0100692    0.160384     4.08214  -2.3646e-05
3310  0.00928841    0.159722     3.56743  0.000237947
3320  0.00531026    0.156348     3.10424  0.000198423
3330  0.00531995    0.156356     3.10414  -2.32278e-05
3340  0.00577482    0.156742     3.67071  -0.000130246
3350  0.00792487    0.158565     3.36162  -0.000148371
3360  0.00874224    0.159258     2.69186  -2.81954e-05
3370  0.00848877    0.159043     2.22887  2.08938e-05
3380  0.00832437    0.158904     2.38281  -2.83738e-05
3390  0.00905625    0.159525     1.71366  -1.49081e-05
3400  0.00862253    0.159157     2.89858  -1.50451e-05
3410  0.00935715     0.15978     2.74287  3.45483e-05
3420  0.00793156    0.158571     2.74358  -4.22084e-05
3430   0.0102013    0.160496     2.79499  -0.000155023
3440    0.011032      0.1612     3.25838  5.25723e-05
3450  0.00914987    0.159604     3.36137  6.61222e-05
3460  0.00970958    0.160079     2.43413  -4.69731e-05
3470   0.0100893    0.160401      3.1548  -6.53184e-05
3480    0.011016    0.161187     3.15455  -5.18203e-05
3490   0.0111257     0.16128     3.36081  4.37272e-05
3500   0.0101414    0.160445     2.79464  5.29148e-05
3510   0.0100674    0.160382     3.10323  -2.00391e-05
3520   0.0105422    0.160785      2.8455  2.84528e-06
3530   0.0100105    0.160334     3.10293  3.94852e-05
3540  0.00975249    0.160115     3.82411  -4.76916e-05
3550   0.0109644    0.161143      4.4418  -6.61407e-05
3560   0.0110753    0.161237     5.00787  -4.33767e-05
3570   0.0118319    0.161879     4.28685  3.50341e-05
3580   0.0103746    0.160643     3.61809  9.04622e-05
3590   0.0100227    0.160344     4.08123  -1.10675e-05
3600    0.010596    0.160831     4.54433  2.88393e-06
3610  0.00996498    0.160295     5.05928  3.53293e-05
3620  0.00988938    0.160231     3.97775  8.20186e-05
3630  0.00832461    0.158904     3.92653  6.35089e-05
3640  0.00861921    0.159154     4.08078  9.18703e-05
3650   0.0064872    0.157346     3.66921  0.000115348
3660  0.00631224    0.157197     3.87477  1.75232e-05
3670  0.00613674    0.157048     4.28654  2.22686e-05
3680  0.00586686     0.15682     4.23488  5.99125e-05
3690  0.00493849    0.156032     3.61719  -1.99381e-05
3700  0.00626563    0.157158     3.41092  -4.80983e-05
3710  0.00590046    0.156848     3.72022  9.79404e-05
3720  0.00430682    0.155496     3.72022  0.00013125
3730  0.00327545    0.154622     3.92648  8.43596e-05
3740  0.00261963    0.154065     3.72052  -1.49432e-05
3750  0.00357432    0.154875     3.25693  -6.08759e-07
3760   0.0026318    0.154076     2.79318  3.25516e-05
3770  0.00292329    0.154323     2.58722  5.65788e-05
3780  0.00150022    0.153116     3.20501  3.27528e-05
3790  0.00226823    0.153767     2.74106  -9.98967e-06
3800  0.00170002    0.153285     2.22666  6.16993e-05
3810  0.00103425    0.152721      1.7115  6.18908e-05
3820  0.000462202    0.152236     1.35078  5.24923e-05
3830  -1.56012e-05     0.15183     2.58692  1.89832e-05
3840  8.25386e-05    0.151914     2.17479  -1.94646e-05
3850  0.00037369    0.152161     3.25637  -5.02997e-06
3860  0.000183138    0.151999     3.10162  2.39235e-05
3870  -0.000104781    0.151755      2.2262  6.27473e-05
3880  -0.00107181    0.150935     3.25552  9.20065e-05
3890  -0.00194491    0.150194     2.17423  4.37184e-05
3900  -0.00194618    0.150193     2.63758  0.000102342
3910  -0.00399176    0.148458     1.81402  0.000107385
3920  -0.00409387    0.148371     2.32878  -5.32486e-05
3930  -0.00292678    0.149361      2.3805  4.94055e-05
3940  -0.00508197    0.147533     3.04966  0.000117881
3950  -0.0052844    0.147362     1.45326  6.44497e-05
3960  -0.00637097     0.14644     1.76256  0.000118666
3970  -0.00765771    0.145349     2.68919  4.02538e-05
3980  -0.00717605    0.145757     2.63738  -3.85374e-06
3990  -0.00758064    0.145414     1.96812  -3.35794e-05
4000  -0.00650446    0.146327     2.32828  -4.84137e-05
4010  -0.00661237    0.146235     1.34968  3.06331e-05
4020  -0.00711712    0.145807      2.2251  7.53925e-05
4030  -0.00812021    0.144956     2.79167  0.000115397
4040  -0.00942506     0.14385     1.55574  5.09875e-05
4050  -0.00913997    0.144091     1.40139  3.13297e-05
4060  -0.0100516    0.143318     1.60746  8.63247e-05
4070  -0.0108665    0.142627     1.29876  5.65771e-05
4080  -0.0111832    0.142358     1.45306  -2.84554e-05
4090  -0.0102974     0.14311     2.01948  -3.32491e-06
4100  -0.0111167    0.142415    0.989566  -3.48478e-06
4110  -0.0102277    0.143169     1.76246  2.68979e-05
4120  -0.0116547    0.141959     1.60796  3.68937e-05
4130  -0.0109655    0.142543     1.81357  -5.89129e-05
4140  -0.0104764    0.142958    0.474757  -4.90005e-05
4150  -0.00998552    0.143374     1.86509  4.22049e-05
4160  -0.0113205    0.142242     1.81372  1.67704e-05
4170  -0.0103209     0.14309     2.48232  -9.50336e-05
4180  -0.00941982    0.143854     2.94577  3.21906e-05
4190  -0.0109647    0.142544     2.37959  0.000195638
4200  -0.0133326    0.140535     2.32843  4.26449e-05
4210  -0.0118176     0.14182     2.01888  -8.15461e-06
4220  -0.0131695    0.140674      1.7616  5.32232e-05
4230  -0.0128821    0.140918     2.32798  7.41328e-05
4240  -0.0146521    0.139416     2.27671  0.000136075
4250  -0.0156036    0.138609     2.43086  9.53103e-05
4260  -0.0165584      0.1378     2.74026  3.35592e-05
4270  -0.0162748     0.13804      3.2028  4.41462e-05
4280  -0.0174413    0.137051     2.84243  0.000106474
4290  -0.0184042    0.136234      1.7613  9.12668e-05
4300  -0.0192666    0.135502     2.37904  6.55478e-05
4310  -0.0197152    0.135122     2.17348  -3.33457e-05
4320  -0.0185997    0.136068     2.68794  -0.000132659
4330   -0.017062    0.137372     1.81221  3.07979e-06
4340  -0.0186613    0.136016     2.63612  0.000102495
4350  -0.0191119    0.135634     2.32712  6.09158e-05
4360  -0.0198796    0.134983     2.37839   6.637e-05
4370  -0.0204393    0.134508     2.22404  7.7173e-05
4380  -0.0214231    0.133673     3.30532  4.04252e-05
4390  -0.0212478    0.133822     3.15078  -1.67778e-06
4400  -0.0213895    0.133702     3.20264  -3.35294e-05
4410  -0.0205772    0.134391     3.40811  -7.6061e-05
4420  -0.0198683    0.134992      2.2751  -5.50547e-05
4430  -0.0194761    0.135325      2.7386  6.73415e-05
4440  -0.0212151     0.13385     2.94456  3.00041e-05
4450  -0.0200762    0.134816     2.84148  6.24758e-05
4460  -0.0224646     0.13279     2.79031  0.000142789
4470   -0.022932    0.132394     3.09921  4.68202e-05
4480   -0.023401    0.131996     3.51114  -4.44677e-05
4490  -0.0220427    0.133148     2.84163  -3.90732e-05
4500  -0.0226196    0.132659     2.58425  -2.31971e-05
4510  -0.0215787    0.133541     1.96586  1.47289e-05
4520  -0.0229142    0.132409      1.6056  -1.25275e-05
4530  -0.0213282    0.133754     1.65696  -5.03085e-05
4540   -0.021908    0.133262     2.22324   6.353e-05
4550  -0.0225988    0.132676     2.22303  0.000129146
4560  -0.0244909    0.131071     2.37783  0.000200477
4570  -0.0266083    0.129276     2.32627  0.000135561
4580  -0.0272021    0.128772     2.01747  -1.72175e-05
4590   -0.026264    0.129568     2.06889  -1.71358e-05
4600  -0.0268594    0.129063     1.81086  -2.83377e-05
4610  -0.0256972    0.130048     2.47991  4.33451e-05
4620  -0.0277263    0.128327     2.11985  4.32063e-05
4630  -0.0265613    0.129315     2.63461  -0.000105651
4640  -0.0256133     0.13012      2.2738  -3.40397e-05
4650  -0.0258805    0.129893     2.94341  7.11873e-05
4660   -0.027037    0.128912     2.48021  0.000126994
4670  -0.0284204    0.127739     2.68603  0.000105159
4680  -0.0291402    0.127128     1.96515  8.88687e-05
4690  -0.0301978    0.126231     2.99467  0.000100359
4700  -0.0311474    0.125426     2.53158  2.22949e-05
4710  -0.0306437    0.125853     2.68613  -3.92331e-05
4720  -0.0303627    0.126091      2.2737  -1.6904e-05
4730  -0.0303056     0.12614     2.58244  6.19048e-05
4740  -0.0316008    0.125041     1.81055  0.000101539
4750  -0.0323364    0.124417     2.11935  -1.11632e-05
4760  -0.0313776     0.12523      2.1192  -1.10468e-05
4770  -0.0321154    0.124605     2.32511  0.000130721
4780   -0.033992    0.123013     1.81025  0.000125424
4790  -0.0346239    0.122477     2.37703  6.3099e-06
4800  -0.0341182    0.122906      1.9651  7.34441e-07
4810  -0.0346386    0.122465      2.4285  1.78099e-05
4820  -0.0344744    0.122604     2.78856  0.000115413
4830  -0.0369469    0.120507     2.37678  9.83691e-05
4840  -0.0364418    0.120935     2.99447  2.42151e-05
4850  -0.0374312    0.120096     2.83997  -4.67151e-06
4860  -0.0363483    0.121015     2.06718  -1.60439e-05
4870  -0.0371103    0.120368     2.78815  2.42393e-05
4880  -0.0368331    0.120603     2.68512  -4.56739e-06
4890   -0.037019    0.120446     2.42769  1.28038e-05
4900  -0.0370892    0.120386     3.14851  2.4512e-05
4910  -0.0375092     0.12003     3.20013  9.46017e-05
4920  -0.0389812    0.118781     2.47921  5.97896e-05
4930   -0.038705    0.119016     2.32451  1.61286e-06
4940  -0.0390135    0.118754     2.83927  1.91743e-05
4950  -0.0390885     0.11869     2.06683  8.98521e-05
4960  -0.0408105     0.11723     2.37597  0.000225587
4970  -0.0436002    0.114864     2.27279  0.000131902
4980  -0.0434486    0.114992     2.32401  -2.70283e-05
4990  -0.0430597    0.115322     1.86051  -0.000185959
