Time   Number   
ps   
0          19           7
10          14           4
20          16           7
30          18           5
40          14           8
50          16           6
60          17           5
70          21          11
80          20           4
90          19           7
100          13           8
110          23           8
120          18           6
130          22          13
140          18           5
150          16          11
160          17           6
170          17          10
180          19           8
190          20           7
200          22           3
210          16          12
220          14          12
230          18          10
240          20          10
250          21          11
260          18           6
270          20           4
280          18          12
290          24           7
300          21          12
310          17          10
320          20          13
330          20          13
340          20          12
350          22          20
360          19          13
370          20          14
380          22          10
390          20          14
400          21          13
410          26           7
420          19          12
430          23          10
440          23          10
450          23           6
460          24           8
470          20          16
480          21          14
490          20           6
500          23           5
510          24          11
520          26          10
530          26          11
540          27          13
550          24           9
560          24          13
570          24          12
580          25           9
590          27          11
600          25          17
610          23          15
620          22          10
630          20          20
640          21          16
650          23           7
660          25          10
670          22          13
680          21          13
690          21          19
700          19          11
710          25           9
720          25           9
730          21          12
740          23          14
750          23          13
760          23          18
770          26          16
780          23          21
790          20          11
800          24          13
810          20           9
820          21          14
830          20          15
840          16          17
850          19          10
860          21          10
870          20           6
880          23          10
890          25           9
900          18          12
910          20          18
920          25          15
930          19           6
940          20           9
950          18          15
960          16          11
970          21           7
980          17          10
990          19          15
1000          18          12
1010          21           4
1020          20           8
1030          19           9
1040          23           7
1050          21           3
1060          18           7
1070          16          13
1080          20          10
1090          18           8
1100          23           6
1110          19           7
1120          22           6
1130          21           8
1140          20           7
1150          18          14
1160          19          10
1170          21           8
1180          21           9
1190          19           8
1200          24           9
1210          20          12
1220          19           8
1230          19          14
1240          20           6
1250          24           6
1260          23           6
1270          21           8
1280          21           9
1290          19           9
1300          16           9
1310          19           6
1320          19           8
1330          18          10
1340          19          12
1350          20          14
1360          18           6
1370          21           8
1380          18           9
1390          21           9
1400          17          12
1410          18           5
1420          19           7
1430          18           8
1440          17          11
1450          20           7
1460          18          11
1470          16           7
1480          15           6
1490          19           4
1500          16           9
1510          20           4
1520          23          13
1530          20          13
1540          22           5
1550          19          15
1560          22          11
1570          22           6
1580          24           9
1590          22           8
1600          22           9
1610          20           8
1620          22           6
1630          20           9
1640          20           3
1650          20           8
1660          21           9
1670          22           3
1680          18          11
1690          24           5
1700          21           9
1710          22          10
1720          22          11
1730          26           6
1740          21           8
1750          25           7
1760          26           7
1770          23          10
1780          24           8
1790          25          14
1800          22           4
1810          21           6
1820          22          15
1830          22           8
1840          23           5
1850          23          11
1860          20          10
1870          22          10
1880          21           6
1890          19          13
1900          21          10
1910          23          10
1920          25          10
1930          20          10
1940          19          16
1950          23           9
1960          25           9
1970          19          15
1980          21          11
1990          24          16
2000          24          11
2010          19          12
2020          26          10
2030          23          12
2040          16          16
2050          19           9
2060          24           7
2070          21          10
2080          22           8
2090          22           9
2100          21           9
2110          16          16
2120          16          18
2130          19          20
2140          20          18
2150          21          11
2160          21           3
2170          19          11
2180          20           5
2190          17          10
2200          16           9
2210          16          13
2220          18           6
2230          20           6
2240          17          11
2250          18          10
2260          23           4
2270          18          12
2280          21          10
2290          21           8
2300          21          17
2310          26          15
2320          21          13
2330          18           8
2340          18          10
2350          19          13
2360          20          13
2370          20          11
2380          22           9
2390          22          12
2400          21           7
2410          23          12
2420          20          13
2430          24           9
2440          24          10
2450          14          19
2460          19          12
2470          19          17
2480          22          16
2490          19          12
2500          20          10
2510          20           7
2520          24           8
2530          17           8
2540          19          12
2550          22           7
2560          21           8
2570          22           7
2580          22           8
2590          17          10
2600          21           5
2610          23           3
2620          21           7
2630          22           2
2640          16          14
2650          19          10
2660          18          11
2670          19           5
2680          20           6
2690          19           6
2700          13           7
2710          17           6
2720          17           7
2730          12          13
2740          17           8
2750          16          10
2760          18          13
2770          18           9
2780          13          18
2790          16          11
2800          14          15
2810          16          14
2820          18           9
2830          11          13
2840          19          12
2850          15          12
2860          17          10
2870          16          15
2880          14          17
2890          17          13
2900          12           6
2910          15           9
2920          15          11
2930          19          12
2940          18           9
2950          19           7
2960          18           6
2970          19           8
2980          19          10
2990          18          14
3000          20           9
3010          22          10
3020          15           8
3030          18          14
3040          16          10
3050          19           8
3060          20           6
3070          19          11
3080          18          11
3090          23          11
3100          19          12
3110          21           8
3120          17          21
3130          25          15
3140          23          11
3150          19          18
3160          20          14
3170          19          10
3180          18          11
3190          15          17
3200          15          17
3210          20           5
3220          19          13
3230          22           7
3240          17           8
3250          19           7
3260          16          10
3270          22           9
3280          23          11
3290          17          13
3300          19          13
3310          19          17
3320          18          12
3330          19          24
3340          19          12
3350          19          11
3360          18          13
3370          21          10
3380          17          11
3390          22          12
3400          18          15
3410          20          15
3420          20          11
3430          23          17
3440          23           9
3450          22           7
3460          21          12
3470          14          13
3480          18          11
3490          20           8
3500          19          11
3510          19          10
3520          18           6
3530          22           9
3540          18           9
3550          18          13
3560          20          11
3570          18           8
3580          21           8
3590          21           9
3600          20          10
3610          21          11
3620          24           9
3630          22           7
3640          20           7
3650          20          10
3660          19           5
3670          18           8
3680          21          11
3690          22           7
3700          17           6
3710          18          13
3720          19          11
3730          20          11
3740          24           9
3750          22           8
3760          23          10
3770          23           9
3780          21           7
3790          21           9
3800          26          10
3810          22          14
3820          18          10
3830          23           4
3840          21           9
3850          20          13
3860          23          10
3870          23          13
3880          25           9
3890          19           6
3900          25          15
3910          22          10
3920          23          11
3930          21          10
3940          23           3
3950          20           8
3960          20           9
3970          22           9
3980          17          12
3990          18          12
4000          18           8
4010          22          11
4020          16          13
4030          17          16
4040          23          12
4050          16          16
4060          22          12
4070          19           9
4080          20          14
4090          22          13
4100          23          14
4110          24          12
4120          20          11
4130          19          10
4140          23          12
4150          20          15
4160          22          11
4170          23           9
4180          20           8
4190          20          13
4200          22           7
4210          23          10
4220          21          11
4230          21           9
4240          22           8
4250          24           7
4260          20           8
4270          17           2
4280          23           7
4290          20           7
4300          20          10
4310          19           8
4320          21           2
4330          21           5
4340          22           7
4350          22           6
4360          17          11
4370          21           8
4380          22          11
4390          22           7
4400          21          12
4410          20           7
4420          24          11
4430          23           9
4440          23          14
4450          22          13
4460          23          10
4470          23          12
4480          21          16
4490          23           6
4500          25          10
4510          24           6
4520          24          14
4530          19          10
4540          25           6
4550          18           8
4560          22           9
4570          22           9
4580          21           9
4590          20           6
4600          19           9
4610          20          13
4620          21          11
4630          22           9
4640          17           9
4650          20          17
4660          26           6
4670          22          12
4680          18           9
4690          19           7
4700          21           7
4710          19           5
4720          23          10
4730          23           7
4740          20           4
4750          22           3
4760          16          10
4770          19          11
4780          22           5
4790          24           1
4800          23           7
4810          20           3
4820          21           6
4830          19           3
4840          21           5
4850          16          11
4860          16          14
4870          16           7
4880          22           7
4890          18          11
4900          17           6
4910          20           9
4920          20           8
4930          21           5
4940          20           7
4950          19           9
4960          19          14
4970          16          14
4980          20          11
4990          19           7
5000          16          10
5010          20          10
5020          19           7
5030          18          10
5040          16           7
5050          20          12
5060          18          11
5070          19          15
5080          18           8
5090          18           7
5100          15           9
5110          20          10
5120          18          10
5130          22           8
5140          22          10
5150          19           6
5160          18          17
5170          20          12
5180          19           7
5190          18          10
5200          24          11
5210          18          15
5220          24          10
5230          22          14
5240          22          15
5250          19          14
5260          21          14
5270          24           9
5280          17           7
5290          23           3
5300          24          10
5310          20          15
5320          16          10
5330          17          12
5340          24           6
5350          22          12
5360          24          14
5370          25          11
5380          28          11
5390          28          13
5400          23          18
5410          24           9
5420          21          13
5430          20          17
5440          21          16
5450          26          11
5460          21          14
5470          23          12
5480          20          14
5490          23          11
5500          23          14
5510          22          11
5520          20           9
5530          19          11
5540          20          16
5550          21          12
5560          19          14
5570          19          11
5580          20           6
5590          25          15
5600          24           5
5610          24          14
5620          23          14
5630          22          13
5640          22           7
5650          14          11
5660          21           9
5670          22          12
5680          18           9
5690          16          19
5700          21           8
5710          20          12
5720          26           8
5730          17          14
5740          22          15
5750          22          13
5760          20          10
5770          25           4
5780          22          12
5790          21           9
5800          22           6
5810          18           7
5820          21          10
5830          22           9
5840          16          13
5850          20           7
5860          22          14
5870          17          13
5880          20           8
5890          20          14
5900          25           7
5910          19          16
5920          19          11
5930          19           6
5940          23           8
5950          19           9
5960          20           6
5970          19           8
5980          20           8
5990          21          12
6000          20          10
6010          21           9
6020          22           7
6030          18           9
6040          17           9
6050          21          17
6060          17          13
6070          22          12
6080          20          12
6090          27          12
6100          22           9
6110          18           8
6120          19           6
6130          20           5
6140          21          11
6150          24           5
6160          21           5
6170          20          10
6180          23           6
6190          19           8
6200          19          13
6210          18           2
6220          17           6
6230          20          10
6240          25           7
6250          22           7
6260          20           8
6270          21           8
6280          22           8
6290          22           7
6300          22           9
6310          22          13
6320          20          11
6330          22          10
6340          16           9
6350          21          10
6360          16          11
6370          21           6
6380          19           6
6390          17           3
6400          16           7
6410          18           9
6420          18           7
6430          17           9
6440          20           6
6450          16           6
6460          17           8
6470          20           7
6480          24          11
6490          22          11
6500          20          12
6510          18          16
6520          20          17
6530          23          11
6540          25          10
6550          21          12
6560          22          16
6570          27          11
6580          22           7
6590          22          10
6600          22          10
6610          18           9
6620          22          12
6630          21           8
6640          20           9
6650          22          11
6660          22          12
6670          24          14
6680          20           9
6690          21          15
6700          24          10
6710          23           7
6720          21          11
6730          21          14
6740          20           8
6750          19          16
6760          21           9
6770          17          11
6780          18          21
6790          18          11
6800          21          12
6810          21           6
6820          20           9
6830          21          14
6840          18          13
6850          21          15
6860          26           8
6870          24          11
6880          24          11
6890          23           9
6900          25           8
6910          15          18
6920          22          15
6930          21          11
6940          19          11
6950          27          12
6960          20          14
6970          18          12
6980          19          17
6990          20          13
7000          19          13
7010          23          11
7020          19          17
7030          23          10
7040          20           7
7050          16          10
7060          22           5
7070          20           7
7080          20          12
7090          19          11
7100          23          12
7110          18          13
7120          17           9
7130          16          15
7140          15          14
7150          20           6
7160          19           7
7170          20           5
7180          24           8
7190          21          10
7200          19          14
7210          22          10
7220          19          15
7230          19          11
7240          20          13
7250          20           9
7260          22           8
7270          21           9
7280          21          12
7290          18          18
7300          22          14
7310          25           9
7320          22           7
7330          22           8
7340          24           8
7350          20           9
7360          18           8
7370          22          12
7380          22           4
7390          20           9
7400          15           9
7410          22          10
7420          19           6
7430          20          11
7440          20           5
7450          23           7
7460          25           8
7470          19          13
7480          22           6
7490          23          11
7500          23           7
7510          22           8
7520          19          10
7530          21           6
7540          19          10
7550          20           5
7560          25           9
7570          22          10
7580          20           9
7590          18           9
7600          17           7
7610          23          10
7620          22           5
7630          22          12
7640          19          12
7650          20           9
7660          22           8
7670          20          11
7680          25          11
7690          19           8
7700          20           9
7710          20           9
7720          25           8
7730          21           5
7740          21           9
7750          19          11
7760          17          16
7770          20           8
7780          18           7
7790          22           5
7800          20           8
7810          21          11
7820          19           6
7830          20          10
7840          17           8
7850          19           8
7860          15           9
7870          21           9
7880          18           7
7890          18           9
7900          20          10
7910          23           8
7920          19           7
7930          17           9
7940          22           7
7950          19          12
7960          22           9
7970          16           7
7980          22           7
7990          19           5
8000          23           5
8010          21          10
8020          15          13
8030          20           5
8040          18           8
8050          25           6
8060          20           7
8070          15          10
8080          19          10
8090          15          14
8100          21          11
8110          15           8
8120          17          15
8130          12          13
8140          14          12
8150          14          10
8160          18          10
8170          18           7
8180          13           6
8190          13           7
8200          15           5
8210          14          10
8220          16           8
8230          14          12
8240          15          12
8250          21           6
8260          20          10
8270          18           6
8280          16           9
8290          15          10
8300          20          17
8310          14          11
8320          16          11
8330          19          13
8340          21          12
8350          18           7
8360          20          13
8370          17          10
8380          18          11
8390          22          16
8400          22           9
8410          18          11
8420          21          14
8430          20          10
8440          19           7
8450          16          16
8460          15           9
8470          16           9
8480          20           5
8490          17           8
8500          18           5
8510          18           9
8520          20           8
8530          25           3
8540          21           7
8550          22           8
8560          23           8
8570          21          15
8580          23          10
8590          21           9
8600          20           8
8610          20           2
8620          20           5
8630          19           7
8640          14           9
8650          17           6
8660          19           8
8670          18           8
8680          19           6
8690          19           4
8700          19           3
8710          19           5
8720          20           5
8730          18          13
8740          21           8
8750          23           4
8760          19           4
8770          16           9
8780          20           6
8790          18          12
8800          22           4
8810          15           9
8820          19           5
8830          20           5
8840          19           6
8850          21          10
8860          20           9
8870          15           5
8880          22           4
8890          16          11
8900          19           8
8910          18          10
8920          20           7
8930          18           7
8940          20           9
8950          22          10
8960          18          10
8970          21           7
8980          21           5
8990          25           8
9000          25           3
9010          23           7
9020          22           6
9030          18          18
9040          23           6
9050          23          11
9060          19          13
9070          19           8
9080          22           5
9090          22           8
9100          22           9
9110          19          10
9120          21           9
9130          18           9
9140          18          10
9150          18           9
9160          18           9
9170          19          10
9180          23           9
9190          19          14
9200          24          13
9210          24           8
9220          18          16
9230          18           3
9240          12          14
9250          21           8
9260          18          11
9270          17           5
9280          14           7
9290          12           7
9300          14           9
9310          18          16
9320          16           9
9330          15          13
9340          18           5
9350          14          10
9360          15           5
9370          18          11
9380          20           9
9390          20          13
9400          21           8
9410          18           8
9420          17          10
9430          22           8
9440          15          10
9450          19           9
9460          23          10
9470          17          12
9480          20          12
9490          26          11
9500          20           8
9510          20          13
9520          19           9
9530          24          12
9540          20          14
9550          18          11
9560          24           5
9570          20           8
9580          21           5
9590          22           7
9600          23           6
9610          23           7
9620          21           8
9630          22          12
9640          23          12
9650          25          11
9660          22          10
9670          22           8
9680          22           5
9690          22           7
9700          23           6
9710          22          10
9720          20          12
9730          21           7
9740          21           6
9750          23          10
9760          22          10
9770          19          11
9780          20           8
9790          20          15
9800          22          10
9810          20          12
9820          18          10
9830          22           7
9840          16           9
9850          17           7
9860          15           8
9870          16          15
9880          19          12
9890          22          10
9900          17          13
9910          17           8
9920          23          10
9930          21           9
9940          18          14
9950          20           3
9960          18          10
9970          19          10
9980          19           7
9990          18           3
10000          17           7
