Time   Number   
ps   
0          52          70
10          58          66
20          54          62
30          52          64
40          55          67
50          56          72
60          55          61
70          55          65
80          61          67
90          58          68
100          56          68
110          53          71
120          54          70
130          54          74
140          52          66
150          47          69
160          58          68
170          51          71
180          48          62
190          52          66
200          55          67
210          48          70
220          55          67
230          47          73
240          50          66
250          47          67
260          51          67
270          52          64
280          58          66
290          51          71
300          54          68
310          52          66
320          51          67
330          51          65
340          49          63
350          52          66
360          45          67
370          48          62
380          49          63
390          45          59
400          50          66
410          51          55
420          48          62
430          49          53
440          51          67
450          54          62
460          54          64
470          49          65
480          48          62
490          50          64
500          49          65
510          55          55
520          51          61
530          53          65
540          51          69
550          50          70
560          51          67
570          54          66
580          53          63
590          53          63
600          46          62
610          46          60
620          53          57
630          53          69
640          48          62
650          44          62
660          56          66
670          44          58
680          41          67
690          46          64
700          41          65
710          49          67
720          54          66
730          50          66
740          52          70
750          55          63
760          54          64
770          55          63
780          52          64
790          51          65
800          54          74
810          50          68
820          56          62
830          48          62
840          53          67
850          51          57
860          46          58
870          50          66
880          55          65
890          51          63
900          57          63
910          57          73
920          51          61
930          51          61
940          48          60
950          53          61
960          48          58
970          54          64
980          47          59
990          51          53
1000          45          69
1010          49          65
1020          53          63
1030          50          62
1040          53          59
1050          51          65
1060          52          58
1070          49          65
1080          51          69
1090          49          63
1100          50          70
1110          50          66
1120          48          60
1130          55          59
1140          55          67
1150          49          61
1160          50          60
1170          55          63
1180          50          64
1190          52          60
1200          53          63
1210          49          61
1220          53          67
1230          54          64
1240          51          61
1250          48          64
1260          44          66
1270          49          55
1280          51          65
1290          54          56
1300          53          65
1310          54          60
1320          52          64
1330          52          62
1340          53          59
1350          51          69
1360          52          72
1370          49          57
1380          50          72
1390          53          63
1400          52          60
1410          51          61
1420          53          63
1430          53          61
1440          52          68
1450          46          68
1460          50          64
1470          56          72
1480          57          61
1490          53          69
1500          53          67
1510          50          64
1520          54          60
1530          52          62
1540          52          66
1550          50          66
1560          52          66
1570          58          74
1580          56          74
1590          53          73
1600          57          63
1610          48          66
1620          53          67
1630          53          63
1640          53          61
1650          53          63
1660          51          59
1670          46          58
1680          51          65
1690          50          58
1700          55          63
1710          51          65
1720          51          69
1730          55          67
1740          53          63
1750          48          66
1760          51          61
1770          51          65
1780          50          62
1790          49          63
1800          54          60
1810          59          63
1820          51          67
1830          48          62
1840          57          65
1850          56          66
1860          53          69
1870          55          67
1880          57          63
1890          54          70
1900          54          62
1910          52          60
1920          54          58
1930          57          67
1940          55          69
1950          56          66
1960          51          65
1970          52          66
1980          54          66
1990          57          65
2000          54          68
2010          57          65
2020          56          64
2030          55          71
2040          53          63
2050          56          64
2060          53          65
2070          53          65
2080          56          62
2090          50          62
2100          52          66
2110          49          63
2120          48          58
2130          48          56
2140          52          62
2150          52          60
2160          49          65
2170          52          68
2180          56          70
2190          53          65
2200          55          59
2210          57          65
2220          51          61
2230          51          61
2240          54          74
2250          49          63
2260          51          63
2270          50          64
2280          55          65
2290          53          79
2300          49          63
2310          52          66
2320          56          66
2330          52          56
2340          61          67
2350          50          78
2360          57          69
2370          55          73
2380          57          67
2390          56          70
2400          52          78
2410          54          70
2420          53          71
2430          56          66
2440          52          68
2450          51          71
2460          51          63
2470          52          64
2480          53          75
2490          54          72
2500          52          68
2510          55          63
2520          50          72
2530          47          73
2540          51          63
2550          50          60
2560          53          67
2570          57          67
2580          50          60
2590          52          64
2600          54          64
2610          52          70
2620          54          62
2630          51          57
2640          49          57
2650          51          59
2660          54          72
2670          51          59
2680          56          64
2690          56          66
2700          53          71
2710          55          67
2720          53          73
2730          52          68
2740          51          65
2750          52          66
2760          53          69
2770          47          71
2780          51          65
2790          52          68
2800          55          65
2810          53          61
2820          53          59
2830          50          72
2840          58          68
2850          55          69
2860          53          65
2870          52          78
2880          56          70
2890          49          71
2900          52          74
2910          55          71
2920          50          64
2930          48          66
2940          53          65
2950          54          64
2960          53          65
2970          54          68
2980          54          66
2990          54          60
3000          54          62
3010          50          60
3020          56          68
3030          55          63
3040          58          60
3050          51          77
3060          52          62
3070          52          64
3080          50          60
3090          52          76
3100          43          77
3110          52          70
3120          49          63
3130          54          66
3140          51          79
3150          50          76
3160          54          66
3170          53          59
3180          50          64
3190          51          65
3200          52          64
3210          56          70
3220          51          71
3230          51          69
3240          53          63
3250          49          67
3260          52          66
3270          53          59
3280          55          63
3290          55          69
3300          53          61
3310          48          68
3320          56          64
3330          55          65
3340          47          63
3350          54          72
3360          51          59
3370          54          64
3380          50          64
3390          43          61
3400          46          60
3410          46          62
3420          47          71
3430          48          58
3440          45          67
3450          51          57
3460          47          57
3470          45          65
3480          48          64
3490          49          65
3500          46          62
3510          48          72
3520          46          66
3530          50          62
3540          45          61
3550          45          63
3560          46          58
3570          49          63
3580          53          57
3590          42          68
3600          45          59
3610          44          68
3620          44          64
3630          47          63
3640          45          61
3650          49          63
3660          44          58
3670          47          57
3680          50          64
3690          45          61
3700          50          60
3710          47          63
3720          44          60
3730          53          65
3740          50          58
3750          47          65
3760          48          60
3770          49          61
3780          55          63
3790          48          62
3800          48          68
3810          54          70
3820          49          69
3830          50          62
3840          47          63
3850          50          60
3860          50          62
3870          49          59
3880          51          63
3890          49          57
3900          47          63
3910          50          62
3920          44          64
3930          45          57
3940          51          55
3950          41          57
3960          41          57
3970          43          59
3980          48          52
3990          42          50
4000          41          57
4010          45          65
4020          47          59
4030          42          62
4040          47          61
4050          38          64
4060          50          60
4070          43          59
4080          46          72
4090          54          60
4100          50          66
4110          41          71
4120          51          63
4130          47          57
4140          43          55
4150          45          63
4160          48          64
4170          48          60
4180          50          62
4190          50          60
4200          47          59
4210          55          65
4220          46          66
4230          45          61
4240          53          61
4250          50          68
4260          49          63
4270          46          64
4280          53          59
4290          46          60
4300          54          64
4310          47          65
4320          46          60
4330          41          67
4340          41          61
4350          43          53
4360          44          56
4370          44          66
4380          45          67
4390          44          72
4400          45          69
4410          45          73
4420          43          67
4430          47          65
4440          50          64
4450          46          60
4460          48          58
4470          47          71
4480          47          65
4490          47          65
4500          54          66
4510          48          70
4520          48          68
4530          49          61
4540          54          74
4550          44          60
4560          51          71
4570          42          72
4580          47          61
4590          51          71
4600          49          63
4610          52          66
4620          49          77
4630          51          61
4640          46          60
4650          48          66
4660          51          71
4670          47          67
4680          44          62
4690          51          67
4700          52          70
4710          50          72
4720          50          68
4730          42          62
4740          48          62
4750          52          68
4760          46          64
4770          48          66
4780          47          67
4790          51          67
4800          47          69
4810          49          63
4820          48          66
4830          46          66
4840          45          65
4850          48          68
4860          47          69
4870          49          69
4880          51          65
4890          47          59
4900          38          60
4910          47          65
4920          50          62
4930          46          60
4940          48          64
4950          46          54
4960          47          63
4970          50          62
4980          51          67
4990          48          64
5000          47          65
5010          49          67
5020          51          67
5030          47          67
5040          53          67
5050          55          65
5060          53          71
5070          49          67
5080          45          65
5090          49          65
5100          54          64
5110          52          62
5120          55          59
5130          49          69
5140          51          71
5150          50          70
5160          48          66
5170          52          66
5180          49          63
5190          48          62
5200          49          65
5210          50          68
5220          50          70
5230          53          73
5240          53          73
5250          45          53
5260          47          69
5270          50          62
5280          55          67
5290          51          61
5300          49          61
5310          52          60
5320          53          55
5330          53          67
5340          46          58
5350          55          65
5360          48          60
5370          57          63
5380          50          60
5390          51          65
5400          47          51
5410          44          72
5420          47          65
5430          48          66
5440          48          56
5450          54          64
5460          53          63
5470          48          68
5480          49          67
5490          49          63
5500          49          69
5510          49          71
5520          53          59
5530          51          59
5540          45          63
5550          46          70
5560          46          66
5570          40          68
5580          48          72
5590          49          63
5600          49          67
5610          47          67
5620          50          70
5630          51          71
5640          49          65
5650          50          68
5660          50          68
5670          51          61
5680          45          67
5690          47          61
5700          51          69
5710          49          63
5720          47          65
5730          49          65
5740          45          65
5750          50          70
5760          50          62
5770          41          59
5780          44          60
5790          44          60
5800          44          68
5810          43          55
5820          46          60
5830          44          58
5840          43          61
5850          46          60
5860          45          63
5870          46          58
5880          47          59
5890          50          58
5900          42          52
5910          49          53
5920          44          58
5930          46          56
5940          48          56
5950          47          59
5960          44          50
5970          49          65
5980          54          64
5990          51          65
6000          52          64
6010          52          60
6020          50          60
6030          46          56
6040          52          68
6050          53          63
6060          49          57
6070          49          63
6080          45          59
6090          49          61
6100          52          66
6110          50          60
6120          42          60
6130          47          59
6140          46          58
6150          46          60
6160          48          60
6170          49          59
6180          46          70
6190          51          73
6200          45          67
6210          49          65
6220          54          68
6230          51          65
6240          43          51
6250          51          69
6260          49          61
6270          49          65
6280          45          57
6290          45          61
6300          46          62
6310          47          59
6320          45          59
6330          48          54
6340          49          65
6350          46          60
6360          51          57
6370          49          65
6380          42          64
6390          50          66
6400          46          72
6410          46          64
6420          45          65
6430          45          69
6440          45          65
6450          44          56
6460          48          54
6470          50          70
6480          42          62
6490          47          71
6500          49          61
6510          43          67
6520          48          58
6530          42          60
6540          49          59
6550          45          63
6560          47          61
6570          45          59
6580          46          58
6590          46          58
6600          46          54
6610          47          55
6620          51          63
6630          50          62
6640          51          61
6650          48          58
6660          46          58
6670          49          57
6680          47          53
6690          46          60
6700          44          60
6710          46          54
6720          45          51
6730          44          54
6740          45          61
6750          36          62
6760          41          61
6770          43          59
6780          45          57
6790          45          55
6800          41          61
6810          43          49
6820          44          52
6830          42          48
6840          44          60
6850          49          59
6860          50          56
6870          48          60
6880          49          65
6890          48          58
6900          46          60
6910          52          58
6920          49          65
6930          55          61
6940          45          61
6950          46          62
6960          47          65
6970          53          55
6980          50          60
6990          48          62
7000          50          66
7010          46          66
7020          46          56
7030          48          58
7040          51          65
7050          44          70
7060          47          57
7070          47          65
7080          47          63
7090          50          72
7100          48          62
7110          46          64
7120          53          63
7130          50          56
7140          46          62
7150          50          60
7160          52          62
7170          47          59
7180          51          61
7190          52          64
7200          46          70
7210          51          63
7220          53          71
7230          51          57
7240          54          68
7250          54          62
7260          49          63
7270          47          61
7280          53          61
7290          48          66
7300          54          64
7310          53          59
7320          54          76
7330          56          64
7340          48          72
7350          52          66
7360          50          64
7370          53          59
7380          48          64
7390          47          67
7400          54          66
7410          52          68
7420          51          67
7430          49          69
7440          52          68
7450          54          76
7460          48          64
7470          48          70
7480          52          68
7490          53          63
7500          48          70
7510          48          56
7520          51          61
7530          48          60
7540          54          60
7550          51          63
7560          47          63
7570          52          62
7580          54          60
7590          52          68
7600          52          66
7610          53          73
7620          49          63
7630          52          72
7640          48          62
7650          50          64
7660          50          60
7670          54          56
7680          52          64
7690          54          58
7700          52          60
7710          51          71
7720          50          70
7730          51          63
7740          46          70
7750          44          68
7760          52          66
7770          50          74
7780          47          63
7790          53          79
7800          55          63
7810          50          72
7820          49          69
7830          51          73
7840          52          70
7850          48          66
7860          48          74
7870          49          71
7880          48          60
7890          48          66
7900          51          59
7910          50          68
7920          45          73
7930          51          57
7940          48          60
7950          45          55
7960          43          53
7970          45          63
7980          45          55
7990          45          61
8000          35          55
8010          48          54
8020          48          64
8030          48          60
8040          47          61
8050          49          63
8060          49          61
8070          50          70
8080          50          58
8090          44          54
8100          49          59
8110          52          54
8120          47          61
8130          47          61
8140          43          57
8150          48          58
8160          50          58
8170          52          62
8180          51          57
8190          51          61
8200          47          57
8210          51          57
8220          54          60
8230          51          73
8240          51          63
8250          51          61
8260          49          61
8270          49          57
8280          46          56
8290          50          62
8300          51          59
8310          52          62
8320          50          62
8330          45          59
8340          47          55
8350          54          64
8360          53          59
8370          49          63
8380          50          60
8390          52          58
8400          47          61
8410          47          59
8420          50          60
8430          44          64
8440          48          66
8450          47          57
8460          43          67
8470          51          65
8480          48          62
8490          47          59
8500          54          60
8510          50          68
8520          46          62
8530          49          61
8540          51          61
8550          44          62
8560          50          66
8570          48          58
8580          46          60
8590          48          62
8600          46          58
8610          52          56
8620          52          58
8630          49          65
8640          50          66
8650          52          64
8660          54          58
8670          46          62
8680          47          65
8690          46          58
8700          55          65
8710          54          62
8720          49          61
8730          51          63
8740          51          59
8750          47          61
8760          52          58
8770          49          65
8780          51          61
8790          49          51
8800          43          61
8810          50          60
8820          49          63
8830          52          62
8840          48          60
8850          51          61
8860          50          62
8870          49          59
8880          55          61
8890          50          58
8900          48          58
8910          51          65
8920          51          59
8930          53          63
8940          54          58
8950          46          60
8960          48          56
8970          52          66
8980          50          60
8990          50          64
9000          51          59
9010          50          62
9020          51          61
9030          51          61
9040          55          59
9050          54          60
9060          52          62
9070          49          51
9080          45          59
9090          43          59
9100          47          57
9110          48          58
9120          47          63
9130          50          62
9140          46          68
9150          47          61
9160          49          69
9170          48          64
9180          47          55
9190          48          60
9200          43          69
9210          51          59
9220          51          57
9230          50          64
9240          54          58
9250          51          59
9260          51          63
9270          51          61
9280          50          66
9290          47          65
9300          50          58
9310          50          60
9320          41          53
9330          52          62
9340          47          63
9350          49          59
9360          50          64
9370          49          63
9380          46          62
9390          48          56
9400          44          54
9410          49          59
9420          47          61
9430          48          58
9440          50          60
9450          46          60
9460          46          62
9470          43          63
9480          47          63
9490          42          66
9500          43          63
9510          49          61
9520          51          63
9530          51          57
9540          47          59
9550          48          60
9560          49          57
9570          55          63
9580          47          63
9590          52          62
9600          50          66
9610          46          56
9620          52          62
9630          49          69
9640          48          62
9650          46          56
9660          48          70
9670          50          62
9680          50          56
9690          48          60
9700          48          62
9710          47          61
9720          54          64
9730          50          62
9740          50          60
9750          42          66
9760          53          65
9770          47          59
9780          51          63
9790          49          67
9800          50          70
9810          49          63
9820          42          70
9830          46          62
9840          51          59
9850          53          59
9860          49          61
9870          49          73
9880          48          64
9890          44          66
9900          52          74
9910          54          66
9920          54          64
9930          50          64
9940          50          58
9950          50          64
9960          49          59
9970          48          62
9980          44          66
9990          51          69
10000          43          71
