Time   C(t)   
ps   
0           1           1  5.09377e-10    0.028942
10    0.714038    0.857896     1.34658   0.0155823
20    0.688354    0.845133    -1.76056  0.00222268
30    0.669584    0.835806    -3.36802  0.00156188
40    0.657116     0.82961    -2.83356  0.00144902
50    0.640604    0.821405   -0.370111   0.0013882
60    0.629352    0.815813    -1.22788  0.00134887
70    0.613626    0.807999    -3.15541  0.000969505
80    0.609962    0.806178    -1.97914  0.000940204
90    0.594822    0.798654   -0.266001  0.00145174
100    0.580927    0.791749    -1.22882  0.000986591
110    0.575091    0.788849    -1.12356  0.000712073
120    0.566686    0.784672    -2.72861  0.000937271
130    0.556345    0.779534   -0.694259  0.000928381
140    0.548118    0.775445    -1.44541  0.000855625
150    0.539233     0.77103    -2.62304  0.000761065
160    0.532897    0.767881   -0.911054  0.000580752
170    0.527618    0.765258    -2.19719  0.000721315
180     0.51847    0.760713    -2.51851  0.000937137
190    0.508875    0.755944    -2.94572  0.000649115
200    0.505488    0.754261   -0.806003  0.000521757
210     0.49844    0.750759    -1.55548  0.000920731
220    0.487073     0.74511    -1.55527  0.000890085
230    0.480638    0.741912    -1.12597  0.000504045
240    0.476993    0.740101    -4.55339  0.000192247
250    0.476793    0.740002    -3.59078  0.000441273
260    0.468167    0.735715    -1.12743  0.000593142
270     0.46493    0.734107   0.0488391  0.000605503
280    0.456057    0.729697    -2.62754  0.00100741
290    0.444782    0.724094     -3.2683  0.000640538
300    0.443246    0.723331    -2.52071  9.93997e-05
310    0.442794    0.723107    -4.23541  0.000567083
320    0.431905    0.717695    -3.69761  0.000491548
330    0.432963    0.718221    -3.16346  7.92116e-05
340     0.43032    0.716908    -1.98677  0.000308205
350    0.426799    0.715158    -3.26997  0.000341563
360    0.423489    0.713513    -2.20137  0.000429681
370    0.418205    0.710888    -3.27353  0.000299209
380    0.417505     0.71054    -5.73593  0.000409564
390    0.410014    0.706817    -5.09287  0.000486809
400    0.407769    0.705701    -4.45127  0.000301567
410    0.403983     0.70382    -6.48562  0.000302114
420    0.401726    0.702699     -5.0936  0.00025883
430    0.398806    0.701248    -5.41607  0.000468464
440    0.392357    0.698043    -5.30789  0.00041417
450    0.390523    0.697131    -6.16513  0.000260851
460     0.38714     0.69545    -4.55945  0.000449041
470    0.381542    0.692668    -3.48834  0.000483038
480    0.377479     0.69065    -3.06008  0.000196439
490    0.377613    0.690716    -4.56008  0.000152756
500    0.374424    0.689131    -4.98876  0.000396852
510    0.369676    0.686772    -4.98761  0.000131226
520      0.3718    0.687827    -1.77614  -7.92608e-05
530    0.371261     0.68756    -3.16942  2.05234e-05
540    0.371389    0.687623    -1.67068  0.000477137
550    0.361718    0.682818    -3.16984  0.000589117
560    0.359607    0.681768    -2.63412  0.000144415
570     0.35883    0.681382    -3.49158  0.00024533
580      0.3547     0.67933    -4.56217  0.000323936
590    0.352351    0.678163    -1.67162  0.000470246
600    0.345295    0.674656    -1.99064  0.000168458
610    0.348982    0.676489    -2.84831  0.000102061
620    0.343254    0.673642    -2.63371  0.000113024
630    0.346722    0.675365    -1.56437  -4.36485e-05
640    0.344127    0.674076    -3.17047  0.000169741
650    0.343327    0.673678    -2.20733  0.000429344
660     0.33554    0.669809    -3.59705  0.000204302
670    0.339241    0.671648    -3.92078  -8.81657e-05
680    0.337304    0.670685    -4.13486  0.000465184
690    0.329937    0.667024    -3.81291  0.000330102
700    0.330702    0.667404    -4.13559  0.000285931
710    0.324219    0.664183    -4.99189  0.000342832
720    0.323845    0.663997    -1.56427  6.01411e-05
730    0.323016    0.663585    -4.13601  9.43616e-05
740    0.321958    0.663059    -3.06447  0.000253798
750     0.31794    0.661063    -3.27855  0.000288306
760    0.316192    0.660194    -3.49273  0.000243495
770     0.31307    0.658643    -3.81311  0.000221132
780    0.311769    0.657996     -4.4567  0.000118859
790    0.310693    0.657461    -3.27928  0.000302136
800    0.305726    0.654993    -4.24179  0.00019953
810    0.306702    0.655478    -3.27949  0.000337861
820    0.298969    0.651635    -2.74221  0.000338101
830     0.29994    0.652118    -2.63569  -0.000131658
840    0.301602    0.652944    -1.35186  0.000190096
850    0.296138    0.650229   -0.708691  0.000385822
860    0.293886    0.649109   -0.816879  0.000340752
870    0.289323    0.646842     -2.3151  0.000110595
880    0.291674     0.64801    -2.85217  6.50346e-05
890    0.288023    0.646196    -1.78054  0.000619878
900    0.279276    0.641849    -2.20754  0.000354709
910    0.280928     0.64267    -1.99451  0.000286543
920    0.273545    0.639002    -1.78012  0.000356267
930    0.273803     0.63913    -3.27949  -1.4165e-05
940    0.273829    0.639142   -0.603953  6.71759e-05
950    0.272459    0.638462    -2.64092  0.000346594
960    0.266897    0.635698    -1.24671  0.000253917
970    0.267381    0.635938    -2.53294  0.000348166
980    0.259933    0.632237    -1.46131  0.000535347
990    0.256674    0.630618    -1.67549  1.0626e-05
1000    0.259721    0.632132    -1.24848  0.000315323
1010    0.250368    0.627484    -2.74639  0.000549686
1020    0.248727    0.626669    -2.53263  8.21091e-05
1030    0.248726    0.626668   -0.604581  0.000188086
1040    0.244966    0.624799    -1.24775  0.000270603
1050    0.243313    0.623978     -2.1051  -7.00176e-05
1060    0.246366    0.625495   -0.500157  -4.63411e-05
1070     0.24424    0.624439     -1.1426  0.000283574
1080    0.240694    0.622677    -1.24942  0.000461274
1090    0.235015    0.619855    -1.14218  0.000261199
1100     0.23547    0.620081      -3.178  0.000202941
1110    0.230956    0.617838    -3.17862  0.000238667
1120    0.230697    0.617709    -2.10688  0.000215728
1130    0.226641    0.615694    -2.21381  0.000251621
1140    0.225665    0.615208    -1.46538  0.000121564
1150     0.22421    0.614485    -2.10719  0.000300391
1160    0.219657    0.612223    -1.89354  -5.65961e-05
1170    0.225342    0.615048   -0.609705  -0.000103902
1180    0.221735    0.613255    -1.35814  0.00040893
1190    0.217164    0.610984     -2.1072  0.000194587
1200    0.217843    0.611321     -2.1096  -0.000151851
1210    0.220201    0.612493    -2.00225  -3.22528e-05
1220    0.218488    0.611642    -4.46674  0.000339404
1230    0.213412     0.60912    -3.50057  0.000291929
1240     0.21265    0.608741    -2.21632  0.000328932
1250    0.206834     0.60585    -2.75162  0.000389582
1260    0.204858    0.604869    -3.17956  4.11473e-05
1270    0.206011    0.605442    -2.85824  -9.13262e-05
1280    0.206684    0.605776    -1.78786  0.000125876
1290    0.203493     0.60419    -3.39396  -3.12515e-05
1300     0.20731    0.606087    -2.43124  -3.09214e-05
1310    0.204112    0.604498    -3.82305  0.000380772
1320    0.199694    0.602302    -3.71476  0.000211661
1330    0.199879    0.602394    -2.32315  0.000285314
1340    0.193988    0.599467    -4.14291  0.000236976
1350    0.195139    0.600039    -2.32336  0.000116131
1360    0.191665    0.598313    -2.85876  4.29705e-05
1370     0.19428    0.599612    -3.82326  -5.40316e-06
1380    0.191773    0.598366    -2.85908  0.000409823
1390    0.186083    0.595539     -3.0719  9.24773e-05
1400    0.189924    0.597447    -2.53838  1.97373e-05
1410    0.185688    0.595343    -3.39385  0.00021553
1420    0.185613    0.595305    -2.96601  -6.61202e-05
1430    0.187011       0.596    -2.00204  -4.73782e-06
1440    0.185708    0.595352    -1.89552  0.000339703
1450    0.180217    0.592624    -2.96528  0.000167761
1460    0.182353    0.593685    -2.53859  8.22343e-05
1470    0.178572    0.591806    -3.18051  0.000353815
1480    0.175276    0.590169    -1.25319  8.26366e-05
1490    0.176919    0.590985    -1.14762  9.54829e-05
1500    0.173367     0.58922      -1.468  0.000144984
1510     0.17402    0.589544    -2.11086  0.000182802
1520    0.169711    0.587403    -2.75246  0.00038172
1530    0.166385     0.58575    -1.89584  0.000258272
1540    0.164545    0.584836    -4.14531  8.46334e-05
1550    0.164693    0.584909    -2.64657  0.000197196
1560    0.160601    0.582876    -4.14437  0.000272317
1570    0.159246    0.582203    -2.85939  0.000110644
1580    0.158388    0.581776    -3.50246  0.000198504
1590    0.155276     0.58023    -4.57368  0.000198857
1600    0.154411      0.5798    -4.25298  0.000412672
1610    0.147023    0.576128    -4.25172  0.000325364
1620    0.147904    0.576566    -5.75173  -1.278e-05
1630    0.147278    0.576255    -2.11148  3.74347e-05
1640    0.147155    0.576194    -3.28995  7.53373e-05
1650    0.145772    0.575507    -5.32556  0.000151174
1660    0.144132    0.574692    -1.25444  8.8346e-05
1670    0.144005    0.574629    -2.11159  -3.78191e-05
1680    0.144888    0.575068    -2.11232  6.34506e-05
1690    0.142736    0.573998    -2.96884  0.000139467
1700    0.142099    0.573682    -2.00549  0.000127238
1710    0.140191    0.572733    -4.57535  -0.000139431
1720    0.144887    0.575067    -3.07556  -0.000177549
1730    0.143742    0.574498    -3.93155  7.64593e-05
1740    0.143358    0.574307    -3.07577  -2.5326e-05
1750    0.144248     0.57475    -4.25382  -5.0851e-05
1760    0.144375    0.574813    -2.86221  -0.000114968
1770    0.146548    0.575892    -2.86138  -5.11147e-05
1780    0.145398    0.575321    -3.28943  0.000268983
1790    0.141168    0.573219    -3.18208  2.56382e-05
1800    0.144885    0.575066    -2.64709  -0.000166562
1810    0.144499    0.574874    -2.64678  -2.57038e-05
1820    0.145399    0.575321    -2.96789  1.02073e-07
1830    0.144497    0.574873     -3.5034  -0.000128978
1840    0.147978    0.576603    -4.36064  3.88026e-05
1850    0.143721    0.574488    -3.82472  0.000219423
1860     0.14359    0.574423    -5.53911  -1.27688e-05
1870    0.143977    0.574615    -4.89626  0.000168655
1880    0.140217    0.572746    -3.93207  0.000168817
1890      0.1406    0.572937     -5.2181  -5.13546e-05
1900    0.141244    0.573257    -5.64584  -0.000103489
1910     0.14267    0.573965    -6.28859  -0.000116737
1920    0.143579    0.574417    -7.03943  -2.57701e-05
1930    0.143185    0.574222    -6.07524  6.54727e-05
1940    0.142269    0.573766    -6.28901  -0.000104328
1950    0.145272    0.575258    -5.96862  2.65375e-05
1960    0.141739    0.573503    -6.61054  0.00014412
1970     0.14239    0.573826    -6.50371  4.26173e-07
1980     0.14173    0.573498    -7.89709  7.91639e-05
1990    0.140806    0.573039    -7.57566  0.000224022
2000     0.13725    0.571272    -6.82483  9.27418e-05
2010    0.138951    0.572118    -7.04058  9.32992e-05
2020    0.135384    0.570345    -7.46894  0.000251615
2030    0.133919    0.569617    -6.39824  0.000120197
2040     0.13298     0.56915    -7.79026  9.40673e-05
2050    0.132038    0.568682    -7.46883  0.00042562
2060    0.124467     0.56492    -7.03953  0.000240503
2070    0.127228    0.566292    -7.79026  -0.000143527
2080    0.127338    0.566346    -5.96967  -5.09471e-05
2090    0.128247    0.566798    -7.36211  0.000255328
2100    0.122231    0.563809    -7.14803  0.000202204
2110    0.124203    0.564788     -7.4704  -5.0509e-05
2120    0.123241    0.564311    -5.97166  0.000163101
2130    0.120941    0.563167    -6.61357  9.64902e-05
2140    0.121312    0.563352    -5.97093  0.000217557
2150    0.116589    0.561005     -7.5766  0.000150681
2160    0.118298    0.561854    -7.04235  -0.000184506
2170     0.12028    0.562839    -6.72145  0.00024563
2180    0.113385    0.559413    -8.21978  0.00025919
2190    0.115096    0.560263    -8.11378  -0.000171294
2200    0.116811    0.561115    -7.68459  0.000125415
2210    0.112588    0.559016    -7.36399  0.000247099
2220    0.111869     0.55866    -7.79183  4.48234e-05
2230    0.111691    0.558571    -8.00675  9.92131e-05
2240    0.109885    0.557674    -7.25622  0.000153674
2250    0.108618    0.557044    -7.04236  0.000154094
2260    0.106803    0.556142    -6.50664  0.000181693
2270    0.104984    0.555238     -6.6142  -8.65422e-06
2280    0.106976    0.556228     -6.5079  -3.57494e-05
2290    0.105699    0.555593    -6.72239  0.000209934
2300    0.102778    0.554142    -6.07953  0.000278807
2310    0.100123    0.552822     -3.9373  0.000101432
2320    0.100749    0.553133    -6.61493  1.95812e-05
2330   0.0997309    0.552628    -6.61535  -4.91656e-05
2340    0.101732    0.553622    -5.54507  0.000102235
2350   0.0976862    0.551612    -5.33016  0.000198521
2360   0.0977618    0.551649    -6.40159  -7.58655e-06
2370   0.0978379    0.551687    -5.33131  0.000130489
2380    0.095152    0.550352    -7.25904  0.000310424
2390   0.0916295    0.548602    -5.97385  0.000228106
2400   0.0905899    0.548085    -7.47291  -6.81281e-06
2410   0.0917657    0.548669    -7.04476  -2.05584e-05
2420   0.0910011    0.548289    -6.50926  0.000104358
2430   0.0896785    0.547632    -5.97354  0.000118506
2440   0.0886309    0.547112    -6.72365  2.12841e-05
2450   0.0892529    0.547421    -6.18825  -4.83383e-05
2460   0.0895977    0.547592    -5.54581  7.7299e-05
2470   0.0877069    0.546652    -5.33215  0.000147323
2480   0.0866513    0.546128    -4.68866  0.000105708
2490   0.0855927    0.545602    -6.08173  -6.23129e-06
2500   0.0867759     0.54619    -6.50978  2.20038e-05
2510   0.0851527    0.545383    -7.58089  3.59479e-05
2520   0.0860569    0.545833     -5.7603   0.0001489
2530   0.0821747    0.543903    -7.04539  0.000177177
2540   0.0825134    0.544072     -8.1165  2.25797e-05
2550   0.0817231    0.543679    -6.72406  -5.73322e-06
2560    0.082628    0.544129    -6.83183  5.10186e-05
2570   0.0807027    0.543172    -5.86807  0.000164439
2580   0.0793393    0.542494     -5.9748  -0.000161704
2590   0.0839368    0.544779    -5.97584  -0.0001191
2600   0.0817213    0.543678    -6.18919  0.000122188
2610    0.081493    0.543565    -5.86776  -6.26892e-05
2620    0.082975    0.544301     -5.8687  5.14627e-05
2630   0.0804638    0.543053    -5.65462  0.000237192
2640   0.0782312    0.541944    -5.22605  5.17502e-05
2650   0.0794287    0.542539    -6.51124  9.11579e-06
2660   0.0780489    0.541853    -5.97511  0.00018125
2670   0.0758038    0.540737    -5.33278  0.000124173
2680   0.0755654    0.540619    -5.86828  0.00011023
2690   0.0735992    0.539642    -6.08257  -1.93052e-05
2700   0.0759515    0.540811     -5.0125  -4.61787e-06
2710   0.0736915    0.539688    -6.29748  0.000197406
2720   0.0720034    0.538849      -6.404  9.66758e-05
2730    0.071758    0.538727    -6.19076  0.000198498
2740   0.0680335    0.536876    -5.76135  9.72036e-05
2750   0.0698139    0.537761    -5.65473  -3.29491e-05
2760   0.0686924    0.537204    -5.11964  0.000155971
2770   0.0666945    0.536211    -5.11943  0.000200057
2780   0.0646913    0.535215    -5.86807  -9.12841e-05
2790   0.0685202    0.537118    -5.54863  -0.000164199
2800   0.0679753    0.536847    -5.65504  3.99176e-05
2810   0.0677218    0.536721    -5.33319  8.40094e-05
2820   0.0662951    0.536012     -5.0126  0.00012821
2830   0.0651577    0.535447    -5.11912  0.000202072
2840   0.0622537    0.534004    -5.33361  0.000349677
2850   0.0581641    0.531972    -5.86818  -4.73425e-05
2860   0.0632005    0.534474    -5.65598  -0.000105864
2870   0.0602814    0.533024    -5.54842  0.00030709
2880   0.0570587    0.531422     -5.5479  0.000352328
2890   0.0532348    0.529522    -6.72553  -1.72362e-05
2900   0.0574034    0.531594    -6.40504  -0.000283875
2910   0.0589123    0.532344    -7.58372   5.698e-05
2920   0.0562638    0.531027    -7.04758  2.70896e-05
2930   0.0583705    0.532074    -6.72752  -3.21273e-05
2940   0.0569064    0.531347    -6.94138  -2.62074e-06
2950    0.058423      0.5321    -7.15609  0.000147059
2960   0.0539652    0.529885    -8.11849  0.000147047
2970    0.055482    0.530639    -8.01176  -9.19322e-05
2980   0.0558038    0.530799    -8.01218  -3.22472e-05
2990    0.056127    0.530959    -7.79821  -2.27299e-06
3000   0.0558493    0.530821    -7.15577  8.80217e-05
3010   0.0543665    0.530085    -8.54811  -4.75103e-05
3020   0.0567995    0.531294    -8.33424  5.83054e-05
3030   0.0532004    0.529505    -8.54769  0.000224352
3040   0.0523125    0.529064    -8.97563  -0.000107903
3050   0.0553585    0.530578    -9.08382  1.33799e-05
3060   0.0520449    0.528931    -10.7969  0.000134441
3070   0.0526697    0.529241    -9.40567  -1.69663e-05
3080   0.0523842      0.5291     -9.1917  7.42821e-05
3090    0.051184    0.528503    -7.47867  0.00013546
3100    0.049675    0.527753    -7.90682  1.36437e-05
3110   0.0509111    0.528368    -6.62173  -7.79104e-05
3120   0.0512332    0.528528    -8.22835  -1.69363e-05
3130   0.0512499    0.528536    -6.51553  0.000167108
3140    0.047891    0.526867    -7.04989  0.000244155
3150   0.0463668    0.526109    -6.94306  0.000137271
3160   0.0451456    0.525502    -7.15734  0.000168517
3170   0.0429964    0.524434    -6.62163  7.63811e-05
3180    0.043618    0.524743    -7.79999  -3.13537e-05
3190   0.0436235    0.524746    -6.83612  -0.00013982
3200   0.0464144    0.526133    -6.51543  0.000216435
3210   0.0392948    0.522595    -6.30041  0.000154244
3220   0.0433295      0.5246    -7.69306  -7.76466e-05
3230   0.0408477    0.523367    -6.51501  0.000186305
3240   0.0396034    0.522748    -7.15818  0.000186923
3250   0.0371093    0.521509    -7.69316  0.000140546
3260   0.0367925    0.521352    -7.80072  9.42409e-05
3270   0.0352245    0.520572    -8.22919  0.000110074
3280    0.034591    0.520258    -8.12225  0.00011047
3290   0.0330151    0.519474    -8.65703  1.64984e-05
3300   0.0342611    0.520094    -7.58654  0.000126872
3310   0.0304776    0.518213    -8.12163  0.000142609
3320   0.0314089    0.518676    -9.29988  -9.32456e-05
3330   0.0323425     0.51914    -7.58654  0.000159281
3340   0.0282233    0.517093     -8.0148  0.000111903
3350   0.0301045    0.518028     -7.4794  -0.000140876
3360   0.0310408    0.518493    -8.44421  6.49683e-05
3370   0.0288051    0.517382    -8.22971  0.000112611
3380   0.0287886    0.517374    -8.33717  0.000160859
3390   0.0255879    0.515784    -8.01553  0.000288672
3400   0.0230151    0.514505    -8.65797  6.60599e-05
3410   0.0242667    0.515127    -8.65818  3.45442e-05
3420   0.0223242    0.514162    -8.01511  -7.77066e-05
3430   0.0258209    0.515899    -7.69504  2.69283e-06
3440   0.0222704    0.514135     -7.9087  0.000130674
3450   0.0232074    0.514601    -7.26668  2.70475e-06
3460   0.0222163    0.514108    -9.40839  0.000131472
3470   0.0205779    0.513294    -8.87361  6.72593e-05
3480   0.0208711     0.51344     -8.8732  0.000164607
3490   0.0172858    0.511658    -8.33738  0.000148618
3500   0.0178987    0.511963    -8.44536  5.21342e-05
3510   0.0162431     0.51114    -8.55239  0.000133313
3520   0.0152325    0.510638    -8.01689  6.87046e-05
3530    0.014869    0.510457    -7.69577  0.000150411
3540   0.0122242    0.509143    -7.58884  0.000395418
3550  0.00696067    0.506527    -8.55156  0.000233066
3560  0.00756291    0.506826    -7.26752  5.13366e-06
3570  0.00685799    0.506476    -8.01689  5.04369e-06
3580  0.00746204    0.506776    -7.05271  5.44192e-05
3590  0.00576961    0.505935    -7.80281  0.000136594
3600  0.00473016    0.505419    -7.48159  0.000235866
3610  0.00105228    0.503591    -7.80239  0.00017046
3620  0.00132096    0.503725    -7.48128  7.21831e-05
3630  -0.000391382    0.502874     -7.2671  0.00010533
3640  -0.000785642    0.502678    -7.16048  0.000254914
3650  -0.00548966     0.50034    -6.73128  0.000238793
3660  -0.0055615    0.500304    -7.05292  -5.9325e-05
3670  -0.00430316     0.50093    -6.83853  -2.61121e-05
3680  -0.00503926    0.500564    -6.51741  9.03968e-05
3690  -0.00611109    0.500031    -6.73191  0.000157458
3700  -0.00818843    0.498999    -5.87476  0.000157872
3710  -0.00926853    0.498462    -6.30365  7.46869e-05
3720  -0.00968217    0.498257     -6.1964  7.49778e-05
3730  -0.0107681    0.497717    -6.83905  5.83444e-05
3740  -0.0108491    0.497677    -6.73222  0.00017647
3750  -0.0142975    0.495963    -7.15964  5.87163e-05
3760  -0.0120234    0.497093    -6.73159  -0.00019397
3770  -0.0104181    0.497891    -7.05313  7.60333e-05
3780   -0.013544    0.496338    -6.83811  0.000177537
3790  -0.0139688    0.496127    -6.73149  2.55934e-05
3800  -0.0140559    0.496083    -6.19598  7.6702e-05
3810  -0.0155029    0.495364    -6.08853  -5.93879e-05
3820  -0.0128682    0.496674    -7.26741  2.60432e-05
3830  -0.0160237    0.495105    -6.73212  0.000333142
3840   -0.019531    0.493363    -6.41079  0.000231536
3850  -0.0206545    0.492804    -7.05344  0.000112509
3860  -0.0217812    0.492244    -7.26804  0.000318851
3870  -0.0270315    0.489635    -6.30323  0.00016482
3880  -0.0250776    0.490606    -6.62518  1.09601e-05
3890  -0.0272507    0.489526    -6.94598  1.06571e-05
3900  -0.0252907      0.4905    -7.69703  0.000114695
3910  -0.0295446    0.488387    -7.16111  0.000149167
3920   -0.028274    0.489018    -7.48243  4.61339e-05
3930  -0.0304672    0.487928    -7.69619  0.000150187
3940  -0.0312778    0.487525      -7.161  6.37989e-05
3950  -0.0317432    0.487294    -7.37508  9.88858e-05
3960  -0.0332555    0.486542    -7.80365  1.18747e-05
3970  -0.0319807    0.487176    -7.58926  -9.27236e-05
3980   -0.031401    0.487464    -7.69661  -2.30506e-05
3990  -0.0315197    0.487405      -7.911  -5.82515e-05
4000   -0.030236    0.488043     -7.5902  -5.64046e-06
4010  -0.0314069    0.487461    -7.48254  4.69167e-05
4020  -0.0311743    0.487577    -7.69703  -5.85542e-05
4030  -0.0302358    0.488043    -7.16184  0.000117852
4040  -0.0335314    0.486405    -7.16132  0.000117912
4050  -0.0325941    0.486871    -7.48274  6.55081e-05
4060  -0.0348415    0.485754    -7.58989  0.000136429
4070  -0.0353226    0.485515    -7.37571  -5.13662e-06
4080  -0.0347388    0.485805    -6.73306  -4.06884e-05
4090  -0.0345089     0.48592     -6.5194  6.61558e-05
4100  -0.0360619    0.485148    -7.26888  8.40966e-05
4110  -0.0361908    0.485084    -7.58999  4.87128e-05
4120  -0.0370362    0.484664     -7.5902  -4.95669e-06
4130  -0.0360917    0.485133    -8.55396  -4.82779e-06
4140  -0.0369396    0.484712    -7.37602  -4.09763e-05
4150  -0.0352721     0.48554    -7.37581  -9.49368e-05
4160  -0.0350409    0.485655    -7.26856  8.50983e-05
4170  -0.0369741    0.484695    -7.37571  -2.32993e-05
4180  -0.0345749    0.485887    -7.16173  -2.29906e-05
4190  -0.0365143    0.484923    -7.69745  0.000194281
4200  -0.0384605    0.483956    -7.69734  0.000194935
4210   -0.040413    0.482986    -7.69703  4.99602e-05
4220  -0.0394597    0.483459    -7.16184  -0.000150201
4230   -0.037409    0.484478    -7.59062  -0.000150633
4240  -0.0364471    0.484956    -7.37633  0.000104952
4250   -0.039508    0.483435    -7.37591  0.000159968
4260  -0.0396464    0.483367    -8.12591  -2.28737e-05
4270  -0.0390505    0.483663    -7.48295  5.06949e-05
4280  -0.0406603    0.482863    -7.59062  6.91095e-05
4290  -0.0404327    0.482976    -7.80511  6.95202e-05
4300  -0.0420507    0.482172    -8.12644  5.11117e-05
4310   -0.041455    0.482468    -7.69829  -4.09912e-06
4320  -0.0419687    0.482213    -8.34062  3.2904e-05
4330   -0.042113    0.482141    -8.55511  0.00018178
4340  -0.0456043    0.480406    -7.69787  5.17713e-05
4350  -0.0431485    0.481626    -7.48389  3.38247e-05
4360  -0.0462808     0.48007    -8.12675  0.00025773
4370  -0.0483031    0.479065    -8.12623  0.000108961
4380  -0.0484601    0.478987    -7.37706  -2.17881e-05
4390  -0.0478673    0.479281    -7.59114  7.21442e-05
4400  -0.0499029     0.47827    -7.69808  3.45262e-05
4410  -0.0485578    0.478938    -8.12675  -2.16171e-05
4420  -0.0494706    0.478485    -7.91257  5.36697e-05
4430  -0.0496312    0.478405    -8.55511  -9.74705e-05
4440  -0.0475212    0.479453    -8.01971  5.40592e-05
4450  -0.0507124    0.477868    -7.69829  0.000129739
4460   -0.050116    0.478164    -8.12665  0.000149587
4470  -0.0537041    0.476381     -8.2339  0.000130692
4480  -0.0527298    0.476865    -8.44787  1.69873e-05
4490  -0.0540439    0.476212    -8.01992  -2.14253e-05
4500  -0.0523013    0.477078    -8.66205  -2.05413e-06
4510  -0.0540028    0.476232    -7.80543  5.52408e-05
4520  -0.0534061    0.476529    -8.12675  -5.97777e-05
4530  -0.0528072    0.476827    -7.48442  3.63523e-05
4540  -0.0541332    0.476168    -8.55522  7.49268e-05
4550  -0.0543058    0.476082    -7.91247  3.66524e-05
4560  -0.0548662    0.475803    -8.12706  -0.000137673
4570  -0.0515523     0.47745    -7.69923  9.51286e-05
4580  -0.0567688    0.474858    -8.34125  0.000172514
4590  -0.0550026    0.475736    -7.69881  -2.10594e-05
4600  -0.0563476    0.475067    -7.59145  -2.14402e-05
4610  -0.0545738    0.475949     -7.6987  -7.99047e-05
4620  -0.0547495    0.475861     -7.6987  -0.000139164
4630  -0.0517905    0.477332    -7.59167  -0.000119753
4640  -0.0523544    0.477052    -7.91309  5.64853e-05
4650  -0.0529202     0.47677    -7.27055  0.000174907
4660  -0.0558526    0.475313    -6.84198  7.66391e-05
4670   -0.054453    0.476009    -7.69912  -8.0885e-05
4680  -0.0542349    0.476117    -7.59187  7.72297e-05
4690  -0.0559976    0.475241    -7.59177  -0.000141077
4700  -0.0514134    0.477519    -8.02044  -0.00010124
4710  -0.0539728    0.476247    -7.37748  0.000156819
4720  -0.0545497    0.475961    -7.48473  -0.000101968
4730  -0.0519334    0.477261    -7.59208  -2.20699e-05
4740  -0.0541083     0.47618    -7.80637   0.0001578
4750  -0.0550894    0.475692    -8.66288  7.81894e-05
4760  -0.0556721    0.475403    -8.66257  -1.96695e-06
4770  -0.0550501    0.475712    -8.66288  -6.23235e-05
4780  -0.0544257    0.476022    -8.77003  7.88311e-05
4790  -0.0566267    0.474929    -8.23442  0.000200273
4800  -0.0584311    0.474032     -8.4486  0.000119969
4810  -0.0590261    0.473736    -8.87717  0.000161194
4820   -0.061655     0.47243    -8.23463  0.000222654
4830  -0.0634792    0.471523    -8.23431  -0.000123067
4840  -0.0591937    0.473653    -8.98473  -0.000143376
4850  -0.0606117    0.472948    -9.19849  -4.21459e-05
4860  -0.0583508    0.474072    -9.09156  6.06323e-05
4870  -0.0618243    0.472346    -8.87738  0.000183606
4880  -0.0620229    0.472247    -8.77034  8.16857e-05
4890   -0.063458    0.471534    -8.98452  -8.3179e-05
4900  -0.0603593    0.473074     -8.3425  -8.3065e-05
4910  -0.0617967    0.472359     -8.3424  8.18867e-05
4920   -0.061997     0.47226    -8.23546  0.000206861
4930  -0.0659339    0.470303     -8.6632  0.000103318
4940  -0.0640634    0.471233    -8.55637  -0.000124893
4950  -0.0634361    0.471545    -9.09198  2.06303e-05
4960   -0.064476    0.471028    -8.55647  -4.22299e-05
4970  -0.0625915    0.471964    -8.12822  -6.30461e-05
4980  -0.0632151    0.471655    -8.66393  -5.21541e-07
4990   -0.062581     0.47197     -8.0216  6.2003e-05
