Time   C(t)   
ps   
0           1           1  9.84734e-10   0.0245802
10    0.753092    0.844087    -1.43111   0.0130114
20    0.739772    0.835676   0.0777396  0.00144261
30     0.72424    0.825868    -2.83985  0.00127351
40    0.714302    0.819593     -2.4374  0.00108865
50    0.702467    0.812119     2.29228  0.000871524
60    0.696871    0.808586    -1.23189  0.00109302
70    0.680606    0.798315    -2.83897  0.000929967
80    0.678272    0.796841     -1.3314  0.000469241
90    0.671222    0.792389    -3.54536  0.000422767
100    0.669817    0.791502    -1.63464  0.000290146
110    0.665419    0.788725    -1.63484  0.000613526
120    0.657546    0.783754    -2.13769  0.000898439
130     0.64745    0.777378    -2.94172  0.000671244
140    0.644121    0.775276    -1.73405  0.000554457
150    0.636361    0.770376    -5.35715  0.000602812
160    0.632065    0.767663    -1.63356  0.000730869
170    0.621743    0.761146    -1.93425  0.000866777
180    0.614729    0.756717     -4.0486  0.000583133
190    0.610081    0.753781   -0.425111  0.000457388
200    0.605582     0.75094    -0.12285  0.000513977
210    0.599801     0.74729    -2.03405  0.000363797
220    0.598306    0.746346   -0.929042  0.00038864
230    0.592028    0.742382     1.08344  0.000652316
240    0.585259    0.738108    -2.43956  0.00047805
250    0.582467    0.736345    0.779705  0.000391325
260    0.577433    0.733165   -0.223341  0.000471982
270    0.573028    0.730384   -0.023243  0.000352916
280    0.570375    0.728708    -1.53425  0.000377783
290    0.565472    0.725613   -0.124227  0.00033029
300    0.563769    0.724537     1.08236  0.000290993
310    0.559652    0.721938    -2.34005  0.000395986
320    0.555849    0.719536    -2.64142  0.000420937
330    0.551233    0.716622   -0.929926  0.000405657
340    0.547736    0.714413    -2.13749  0.000438842
350    0.542457    0.711079    0.982064  0.00049617
360    0.537812    0.708147    0.881867  0.000214386
370    0.538169    0.708372    0.882162  6.13928e-05
380    0.536585    0.707371   -0.427764  0.000239563
390    0.533378    0.705346     1.18187  0.000296721
400     0.53065    0.703624     1.68491  0.000605735
410    0.521263    0.697696   -0.326585  0.000501046
420    0.520629    0.697296   -0.528156  0.000193548
430    0.517392    0.695252   -0.426782  0.000291499
440    0.514799    0.693615    -3.64771  0.000169906
450    0.513994    0.693106    -1.03288  0.000202984
460     0.51074    0.691051    -2.03907  0.000627908
470    0.501436    0.685176    -3.44624  0.000342807
480    0.503883    0.686722   -0.933563  -5.68151e-05
490    0.502572    0.685894    -1.53818  0.000221387
500    0.499456    0.683926    -3.24929  0.00042675
510    0.494037    0.680504    -3.44988  0.000731258
520    0.484831    0.674691    -3.34742  0.000412138
530    0.485794    0.675299    -4.55754  -5.99921e-06
540    0.484951    0.674766    -4.86039  0.00029033
550    0.479988    0.671633    -4.55734  0.000364928
560    0.477652    0.670158    -4.76049  0.000431861
570     0.47135    0.666179    -5.06098  0.000498652
580    0.467679     0.66386    -7.27543  0.000160782
590    0.468135    0.664148    -6.47209  0.000227593
600    0.463127    0.660986    -6.37091  0.00052615
610    0.457612    0.657503    -6.67189  0.000435962
620    0.454408     0.65548    -6.57189  0.000295828
630    0.451695    0.653767    -5.76668  0.000188406
640     0.45064    0.653101    -6.77376  0.000197208
650    0.447751    0.651276     -5.5655  0.000489156
660    0.440857    0.646923    -6.87484  0.000406596
670    0.439619    0.646141    -5.56717  0.000366019
680    0.433536      0.6423    -6.16924  0.000416692
690    0.431285    0.640879    -5.26452  0.000325754
700    0.427021    0.638186    -4.86226  0.000242577
710    0.426434    0.637815    -5.36609  0.000226513
720    0.422491    0.635326     -4.5602  0.000377926
730    0.418875    0.633043    -6.77514  0.000269516
740    0.417101    0.631922    -5.26629  0.00030386
750    0.412798    0.629205    -6.47474  0.000447549
760     0.40815     0.62627     -4.2598  0.000288311
770    0.407032    0.625564    -5.16668  0.000331333
780    0.401523    0.622085    -3.95941  0.000255755
790    0.401917    0.622334    -3.75882  0.00029894
800    0.395544     0.61831    -6.47445  0.000460108
810    0.392715    0.616523    -4.56305  -6.42866e-05
820     0.39683    0.619122    -6.27671  0.000207528
830    0.388564    0.613902    -5.66943  0.000462165
840    0.387587    0.613285     -4.7659  0.000191417
850    0.384736    0.611485    -5.26904  0.000225799
860    0.383071    0.610433    -5.26944  0.00020079
870     0.38072    0.608949    -5.16835  0.000312102
880    0.376829    0.606492    -3.35735  0.000304171
890    0.374636    0.605107    -5.57032  0.000108252
900    0.374664    0.605125    -5.87229  2.2985e-05
910    0.374177    0.604817     -4.6659  1.44467e-05
920    0.374375    0.604942    -6.17661  0.000151791
930    0.371141      0.6029    -4.46452  0.000143363
940    0.371507    0.603132    -5.27091  0.00016966
950    0.367748    0.600757    -4.76757  0.000298929
960    0.365529    0.599356    -5.97445  0.000213514
970    0.363477    0.598061    -6.57818  0.000308897
980    0.359351    0.595455    -6.57828  0.000318091
990    0.357116    0.594044    -4.96835  0.000353487
1000    0.352281    0.590991    -4.06275  0.000354134
1010    0.350033    0.589571    -4.56708  0.000207748
1020    0.348126    0.588367    -6.88182  0.000147511
1030    0.347083    0.587708    -4.86914  0.000139208
1040    0.345342    0.586609    -4.36501  0.000156856
1050    0.343946    0.585727    -5.77455  0.000157215
1060    0.342198    0.584624    -4.86884  0.00022728
1070      0.3394    0.582857    -4.46609  0.000262621
1080    0.336945    0.581307    -4.16423  0.000280702
1090    0.333786    0.579312    -2.05125  0.000202602
1100    0.332893    0.578748    -2.15204  0.000194424
1110    0.329897    0.576857    -3.76226  0.000352487
1120    0.325843    0.574297    -4.56747  0.000168975
1130    0.326518    0.574723    -4.26668  0.000108145
1140    0.323681    0.572931    -2.35489  9.06199e-05
1150    0.324706    0.573578    -2.65695  4.70161e-05
1160     0.32274    0.572337    -3.86482  0.000205585
1170    0.320594    0.570982    -4.46934  0.00017958
1180    0.319149    0.570069     -4.0659  0.000206515
1190    0.316464    0.568374    -3.46206  0.000242294
1200    0.314303    0.567009     -3.1601  0.000225176
1210     0.31196     0.56553     -4.1657  9.27255e-05
1220    0.312448    0.565838    -4.36826  0.000155209
1230    0.308856     0.56357    -5.17396  0.000288579
1240    0.306677    0.562194    -5.27494  0.000315999
1250    0.302536    0.559579    -5.07347  0.000227569
1260    0.302125    0.559319    -4.16865  0.000103515
1270    0.300466    0.558271    -5.17592  0.00043388
1280    0.293448     0.55384    -5.47612  0.000398839
1290    0.292489    0.553234    -5.97956  -2.41101e-06
1300    0.293496     0.55387    -8.39764  0.000311105
1310    0.286267    0.549305    -7.79214  0.000490662
1320    0.283683    0.547674    -5.67759  0.000231774
1330    0.281631    0.546378    -5.87858  0.000205372
1340    0.279575     0.54508    -5.37592  9.78842e-05
1350    0.279674    0.545142    -5.78034  0.000332424
1360    0.272927    0.540882    -7.08742  0.000260663
1370     0.27446     0.54185    -6.78496  9.02101e-05
1380    0.271123    0.539742    -7.08742  0.000307055
1390    0.268319    0.537972    -8.79853  0.000208279
1400    0.266957    0.537112    -9.40295  -9.01148e-05
1410    0.270122     0.53911    -8.70059  0.000182021
1420    0.263317    0.534813    -8.59892  0.00048153
1430    0.260491    0.533029     -9.6054  0.000282887
1440    0.257659    0.531241    -10.8128  0.000192522
1450     0.25664    0.530598    -10.9145  0.000357103
1460    0.250517    0.526731    -12.0196  0.000302917
1470    0.250582    0.526772    -10.5117  0.000230924
1480    0.245898    0.523814    -11.9193  0.000231174
1490    0.245959    0.523852    -12.4243  0.000323542
1500    0.239427    0.519728    -12.3225  0.000342251
1510    0.239114     0.51953     -10.009  0.000169074
1520    0.236046    0.517593    -11.2166  0.000215246
1530    0.234809    0.516812     -10.412  0.000243451
1540    0.231177    0.514518    -11.7199  0.000271522
1550    0.229378    0.513383    -10.5122  0.000309161
1560    0.224994    0.510614    -12.0235  0.000226658
1570    0.224845     0.51052    -11.6207  0.000190468
1580    0.221184    0.508208    -12.8278  0.000338762
1590     0.21807    0.506242    -12.7274  0.000163595
1600    0.217912    0.506142    -12.1235  0.000210527
1610    0.213859    0.503583    -12.3245  0.000182936
1620    0.214254    0.503832    -11.5194  7.00429e-06
1630    0.213719    0.503495    -12.2247  0.000230362
1640    0.209646    0.500923     -11.922  0.000277292
1650    0.208173    0.499993    -12.3254  1.6854e-05
1660    0.209309     0.50071    -10.6154  3.57367e-05
1670    0.207459    0.499541    -11.0178  3.56421e-05
1680    0.208597     0.50026    -11.4216  -3.9015e-05
1690    0.208239    0.500034    -10.9179  0.000260831
1700     0.20338    0.496966    -10.8172  0.000392618
1710    0.200387    0.495076    -12.1247  0.000309083
1720    0.197198    0.493062    -12.0236  -7.5981e-05
1730    0.201906    0.496035    -12.0253  -6.62699e-05
1740    0.198524    0.493899    -14.7417  0.000206628
1750    0.197774    0.493426    -11.0187  0.000103406
1760    0.196456    0.492593    -12.3262  0.000311646
1770    0.191541     0.48949    -11.7214  0.000255377
1780    0.191348    0.489368    -13.3324  4.77575e-05
1790    0.190586    0.488887    -12.1248  0.000123774
1800    0.188873    0.487805     -13.433  4.74602e-07
1810    0.190576    0.488881    -13.7355  0.00015291
1820    0.185814    0.485874    -12.5269  0.000210054
1830    0.186375    0.486228    -12.5274  2.01456e-05
1840    0.185411    0.485619    -12.5283  -0.000237714
1850    0.191129     0.48923      -11.02  -0.00031436
1860    0.191699    0.489589    -10.8192  0.00021101
1870    0.186909    0.486565    -11.5235  0.000278279
1880    0.186133    0.486075    -11.4224  0.000154477
1890     0.18382    0.484614    -11.6241  0.000270043
1900    0.180732    0.482665    -10.3149  3.01771e-05
1910    0.183216    0.484233    -9.41012  -4.64454e-05
1920    0.181661    0.483251     -8.7055  0.000174979
1930    0.179716    0.482023    -10.2145  0.000233339
1940    0.176994    0.480304    -9.30924  4.0517e-05
1950    0.178906    0.481511    -9.51101  -7.52538e-05
1960    0.178499    0.481255    -8.60698  0.000147317
1970     0.17596    0.479651    -9.81337  0.000196066
1980    0.174578    0.478778    -10.1152  0.000167479
1990     0.17261    0.477536    -10.8195  0.000177595
2000    0.171026    0.476536    -10.9207  0.000207294
2010    0.168464    0.474918    -9.30855  0.000256493
2020    0.165896    0.473296    -10.7173  0.000139964
2030    0.165665     0.47315    -9.51012  -4.52749e-05
2040    0.166802    0.473868    -8.20315  0.000101523
2050    0.163635    0.471868    -10.4152  0.000140703
2060    0.163988    0.472091    -12.1277  -2.55428e-05
2070    0.164145    0.472191    -10.7189  0.000190553
2080    0.160177    0.469685      -10.92  0.000239963
2090    0.159346     0.46916    -9.40934  6.34648e-05
2100    0.158907    0.468883    -9.40983  0.000211588
2110    0.155114    0.466488    -10.6164   6.378e-05
2120    0.157632    0.468078    -9.41091  -4.44278e-05
2130    0.156003    0.467049    -10.1149  0.000182905
2140    0.153974    0.465768    -10.6169  0.000193274
2150    0.152137    0.464608    -11.0204  4.48786e-05
2160    0.153076    0.465201    -11.6239  -5.42305e-05
2170    0.153222    0.465293    -11.7262  5.29811e-06
2180     0.15297    0.465134    -8.80727  0.000204585
2190     0.14913    0.462709    -9.81287  0.000384466
2200    0.145281    0.460278    -9.30934  0.000125708
2210    0.146616    0.461122    -10.7181  -6.36838e-05
2220    0.146555    0.461083    -9.81287  2.62052e-05
2230    0.146092    0.460791    -9.81356  -3.84375e-06
2240    0.146631    0.461131    -8.50531  0.000126747
2250    0.143557     0.45919    -9.41101  0.000177119
2260    0.143089    0.458894     -9.7116  8.7142e-05
2270    0.141814    0.458089    -10.1154  -1.3496e-05
2280    0.143359    0.459065    -10.3178  0.000158229
2290     0.13865    0.456091    -8.80649  0.000309846
2300    0.137162    0.455152    -8.30403  3.76433e-05
2310    0.137897    0.455616    -7.39794  7.8404e-05
2320    0.135594    0.454161    -6.39007  6.8257e-05
2330    0.136532    0.454754     -5.9884  -5.32627e-05
2340    0.136659    0.454834    -8.00196  -7.37838e-05
2350    0.138007    0.455685     -6.5944  0.000109447
2360     0.13447    0.453452    -7.70069  6.85968e-05
2370    0.136635    0.454819    -7.90354  4.87372e-05
2380    0.133496    0.452836    -7.09685  0.000212138
2390    0.132393     0.45214    -8.00197  -4.31702e-05
2400    0.134359    0.453382    -9.00894  -2.25663e-05
2410    0.132844    0.452425     -8.6056  -8.44449e-05
2420    0.136048    0.454448    -7.09794  -1.2406e-05
2430    0.133092    0.452582    -8.10442  0.000409193
2440    0.127864     0.44928    -9.00825  0.000111215
2450    0.130868    0.451177    -10.5187  5.01215e-05
2460    0.126862    0.448647    -8.80757  0.000163481
2470    0.127598    0.449113    -9.21091  -0.000125519
2480    0.129372    0.450233      -9.917  0.000226512
2490    0.123068    0.446252    -9.21042  0.000268089
2500     0.12401    0.446847    -8.70727  -3.20178e-05
2510    0.123708    0.446656    -9.00993  0.000186298
2520    0.120284    0.444494    -10.5192  0.000144917
2530     0.12081    0.444826    -9.51258  -3.17723e-05
2540     0.12092    0.444895    -9.91455  0.000145696
2550    0.117896    0.442986    -9.91523  7.26603e-05
2560    0.119466    0.443978    -10.2177    0.000136
2570    0.115176    0.441268    -11.6258  0.000114995
2580    0.117167    0.442525    -10.6202  -0.000167814
2590    0.118532    0.443388    -9.61582  0.000199744
2600    0.113172    0.440003    -10.4201  0.000294606
2610     0.11264    0.439667     -10.822  0.000137576
2620     0.11042    0.438265    -10.3192  0.00026453
2630     0.10735    0.436326     -11.627  4.31396e-05
2640    0.109557     0.43772    -9.61445  0.000107163
2650    0.105206    0.434973    -11.4256  0.000393268
2660    0.101692    0.432754    -10.9216  0.00015021
2670    0.102202    0.433076    -9.31238  0.000182787
2680   0.0980362    0.430445    -9.71435  0.000204249
2690   0.0981172    0.430496    -10.5187  2.38765e-05
2700   0.0975587    0.430144    -11.6263  3.45804e-05
2710   0.0974256     0.43006    -13.5387  0.000109529
2720   0.0953681     0.42876    -12.4309  0.000152523
2730   0.0943752    0.428133    -13.0355  0.00021733
2740   0.0910215    0.426016    -13.6387  0.00019629
2750   0.0904494    0.425654    -12.6326  3.54946e-06
2760   0.0909505    0.425971    -12.0291  7.89773e-05
2770   0.0888698    0.424657    -12.1294  0.000326926
2780    0.084412    0.421842    -11.3244  0.000252111
2790   0.0838276    0.421473    -13.0344  9.09604e-05
2800   0.0825928    0.420693    -12.1298  9.11657e-05
2810   0.0820043    0.420322    -13.0361  0.000319065
2820   0.0762115    0.416664    -14.0419  0.000297898
2830   0.0760463    0.416559    -12.5325  0.000233905
2840   0.0715334     0.41371    -14.6454  -5.19641e-06
2850   0.0761503    0.416625    -14.6461  -0.00015716
2860   0.0746766    0.415695    -13.9427  0.000322216
2870   0.0697059    0.412556    -13.3367  0.000322874
2880   0.0682191    0.411617    -14.1432  -0.000212292
2890   0.0739518    0.415237    -13.3389  -9.18075e-05
2900   0.0700553    0.412776    -13.3388  7.18955e-05
2910   0.0725139    0.414329    -16.0566  -4.39398e-06
2920   0.0701432    0.412832    -14.6477  9.43117e-05
2930   0.0706276    0.413138    -14.7484  0.00027114
2940   0.0647204    0.409408    -14.1431  0.000150036
2950   0.0676269    0.411243    -15.1512  -0.000202647
2960   0.0687733    0.411967    -15.9563  1.80569e-05
2970   0.0672658    0.411015    -14.8492  4.01072e-05
2980   0.0679712     0.41146    -15.3534  7.3668e-05
2990   0.0657924    0.410085    -16.9629  0.000262659
3000    0.062718    0.408143    -15.4537  0.000185416
3010   0.0620841    0.407743    -13.8443  0.000163822
3020   0.0594416    0.406074    -15.8565  0.000197647
3030   0.0581312    0.405247    -15.9576  0.000321309
3040   0.0530154    0.402016    -15.5538  0.00017639
3050   0.0546034    0.403019    -14.5485  0.000132531
3060   0.0503648    0.400343    -15.6545  8.9718e-06
3070   0.0544239    0.402906    -16.3599  -0.000125362
3080    0.052872    0.401926    -15.5546  0.000110372
3090   0.0522165    0.401512    -15.8578  8.82067e-05
3100   0.0511079    0.400812    -16.7629  0.000178787
3110   0.0486407    0.399254    -16.0579  0.000167892
3120     0.04775    0.398691    -16.4622  -1.4184e-06
3130   0.0486691    0.399272    -13.6444  0.000134848
3140   0.0450531    0.396988    -15.0522  8.94669e-05
3150   0.0468798    0.398142    -16.3616  0.000351791
3160   0.0380172    0.392546     -15.555  0.000238105
3170   0.0421177    0.395135    -15.8582  -5.69135e-05
3180   0.0391555    0.393264    -14.6501  0.000182362
3190   0.0384704    0.392832     -13.946  0.000102953
3200   0.0370964    0.391964    -14.1475  0.000103227
3210   0.0364059    0.391528    -13.5442  3.47078e-05
3220   0.0364023    0.391526     -13.645  0.000138307
3230   0.0336397    0.389781    -13.2421  0.000322706
3240   0.0299482     0.38745    -12.6377  -6.83937e-05
3250   0.0350076    0.390645    -12.7395  3.5975e-05
3260   0.0292287    0.386996    -14.0471  0.000416852
3270   0.0266706    0.385381    -11.7318  8.2496e-05
3280   0.0275787    0.385954    -12.8393  -9.76715e-06
3290   0.0268659    0.385504    -12.2354  5.97687e-05
3300   0.0263834    0.385199    -10.7266  0.000222819
3310   0.0224095     0.38269    -12.4363  8.34187e-05
3320    0.024715    0.384146    -12.9406  -5.58681e-05
3330   0.0235269    0.383396    -11.5315  0.000130666
3340   0.0221017    0.382496    -13.6449  0.000142744
3350    0.020672    0.381593    -12.4381  0.000154892
3360   0.0190038    0.380539    -11.7326  0.000214031
3370   0.0163914     0.37889    -12.5378  0.000144075
3380   0.0161223     0.37872    -12.2366  0.000179996
3390   0.0127915    0.376617    -13.9462  7.4199e-05
3400   0.0146384    0.377783    -12.5393  -6.68765e-05
3410    0.014129    0.377461    -13.1426  0.000204747
3420   0.0105434    0.375197    -13.1426  0.000228817
3430  0.00955267    0.374571    -13.2432  -0.000114299
3440   0.0128294     0.37664    -13.8483  0.000111415
3450  0.00732437    0.373164    -13.2435  0.000503749
3460   0.0027544    0.370279    -11.5323  0.000159767
3470  0.00412902    0.371147     -12.539  -0.00014962
3480   0.0057468    0.372168    -12.9427  5.3152e-05
3490  0.00306598    0.370475     -13.848  8.89146e-05
3500  0.00396851    0.371045    -12.4396  5.34918e-05
3510  0.00199615      0.3698    -12.6408  0.000341658
3520  -0.00286465     0.36673    -11.7338  -6.31952e-06
3530  0.00212254     0.36988    -13.0428  -0.000150137
3540  0.000138095    0.368626    -12.5402  0.000126355
3550  -0.000404563    0.368284     -12.641  4.22757e-05
3560  -0.000707418    0.368093    -13.8493  0.000320788
3570  -0.00682032    0.364232    -14.6529  0.000284961
3580  -0.00640665    0.364494    -12.4397  7.14073e-06
3590  -0.00696313    0.364142    -12.8425  -0.000114507
3600  -0.00411652     0.36594    -11.9371  -5.37183e-05
3610  -0.00588877    0.364821     -11.736  9.2131e-05
3620  -0.00595914    0.364776    -12.6416  0.000300236
3630  -0.0118935    0.361029    -13.1443  0.000251771
3640  -0.0109946    0.361597    -12.2396  -0.000151315
3650  -0.0088672     0.36294    -10.7304  0.000106075
3660  -0.0131161    0.360257      -12.24  0.000216546
3670  -0.0131981    0.360205     -11.837  3.28578e-05
3680  -0.0137732    0.359842     -12.441  0.000217924
3690  -0.0175566    0.357453    -11.2334  0.00023071
3700  -0.0183874    0.356928    -12.2403  -1.57681e-05
3710  -0.0172413    0.357652    -12.9456  3.39054e-05
3720  -0.0190655      0.3565    -12.6428  -7.79251e-05
3730  -0.0156828    0.358636    -11.7392  -5.28971e-05
3740  -0.0180076    0.357168     -11.437  0.000307559
3750  -0.0218339    0.354752    -10.3293  0.000146307
3760  -0.0209337     0.35532    -11.9399  0.000147166
3770  -0.0247773    0.352893    -12.1402  -2.79046e-05
3780  -0.0203756    0.355673    -10.8329  -0.000202777
3790  -0.0207217    0.355454    -11.3369  2.21159e-05
3800  -0.0208179    0.355393    -11.0345  0.000110209
3810  -0.0229259    0.354062    -10.3298  -4.06993e-05
3820   -0.020004    0.355907    -11.5378  -0.000166547
3830   -0.019595    0.356166    -10.9345  4.74649e-05
3840  -0.0209533    0.355308    -10.9349  3.48258e-05
3850  -0.0202915    0.355726    -11.3378  9.84694e-05
3860  -0.0229226    0.354064    -11.3378  2.23473e-05
3870  -0.0207384    0.355444    -11.3385  -0.000117048
3880  -0.0205817    0.355543    -12.0429  9.89225e-05
3890  -0.0227169    0.354194    -12.1447  0.000111812
3900  -0.0228179    0.354131    -12.5468  -0.000143211
3910  -0.0198526    0.356003    -12.7485  -0.000169037
3920  -0.0194372    0.356265    -13.1512  4.81468e-05
3930  -0.0208156    0.355395    -14.6604  0.000112366
3940  -0.0216845    0.354846    -15.3654  3.55928e-05
3950  -0.0215274    0.354945    -14.4588  -0.00014457
3960  -0.0187931    0.356672    -15.4669  8.7461e-05
3970  -0.0232767    0.353841    -15.3652  0.000268117
3980  -0.0241554    0.353286    -16.6735  0.000126886
3990  -0.0258144    0.352238     -16.271  4.94353e-05
4000  -0.0251442    0.352662    -15.4663  -0.00011911
4010  -0.0234322    0.353743    -16.4733  6.27657e-05
4020  -0.0263995    0.351869    -15.5669  8.86621e-05
4030  -0.0252054    0.352623    -16.5736  -8.0443e-05
4040  -0.0247906    0.352885    -17.4795  -2.84615e-05
4050  -0.0246362    0.352982    -16.6747  7.62331e-05
4060  -0.0263153    0.351922    -15.7685  0.000220685
4070  -0.0290499    0.350195    -17.7811   0.0002082
4080  -0.0304793    0.349293    -17.5797  -8.06742e-05
4090  -0.0274364    0.351214    -16.6747  -0.000159699
4100  -0.0272853     0.35131    -16.3739  -1.5157e-05
4110  -0.0271333    0.351406    -17.0783  -6.81555e-05
4120  -0.0259222     0.35217    -16.9778  3.77685e-05
4130  -0.0278886    0.350929    -16.6763  0.000210269
4140  -0.0301276    0.349515    -16.7767  0.000197654
4150  -0.0318417    0.348432    -17.9834  3.84788e-05
4160  -0.0308971    0.349029    -17.9842  9.22348e-05
4170  -0.0336864    0.347268    -18.0843  0.00023929
4180  -0.0356829    0.346007     -18.588  -1.42908e-05
4190  -0.0334006    0.347448    -17.7831  -5.42115e-05
4200  -0.0345987    0.346691    -19.3936  0.000187209
4210  -0.0371448    0.345084    -19.1922  0.000228133
4220  -0.0391614     0.34381    -19.0912  0.000269444
4230  -0.0425336    0.341681    -18.0844  8.11132e-05
4240  -0.0407836    0.342786    -18.9913  -8.0568e-05
4250  -0.0409223    0.342698    -18.4876  -6.74594e-05
4260  -0.0394344    0.343638    -18.4879  -0.000189786
4270  -0.0371266    0.345095    -19.0929  6.81154e-05
4280  -0.0407967    0.342778    -18.8907  0.000163239
4290  -0.0403913    0.343034    -19.9981  0.000177822
4300  -0.0443532    0.340532    -19.3939  0.000191735
4310   -0.044226    0.340612    -19.1934  -4.014e-05
4320  -0.0435504    0.341039    -20.7031  0.000179356
4330  -0.0478132    0.338347    -20.2999  0.000413289
4340  -0.0518162    0.335819     -21.507  -0.000177471
4350  -0.0442638    0.340588    -20.2007  -0.00027366
4360   -0.046343    0.339275    -20.1994  0.000166821
4370  -0.0476002    0.338482     -20.502  -4.0211e-05
4380  -0.0455387    0.339783    -20.6038  1.5527e-06
4390  -0.0476312    0.338462    -22.0115  0.000251316
4400  -0.0505651    0.336609    -18.7903  -2.62739e-05
4410  -0.0471057    0.338794    -20.5025  -0.000109473
4420  -0.0483756    0.337992    -19.4962  7.13246e-05
4430  -0.0485322    0.337893    -19.7981  0.000267629
4440  -0.0537282    0.334612    -19.0934  0.000338262
4450  -0.0552975    0.333621    -19.3951  -1.13647e-05
4460  -0.0535009    0.334756    -18.8925  -0.000109612
4470  -0.0531052    0.335005    -18.7924  0.00024231
4480  -0.0583471    0.331695    -18.6911  0.000101445
4490  -0.0551341    0.333724    -18.8933  -0.000279442
4500  -0.0527582    0.335224    -17.3842  0.000116352
4510  -0.0574612    0.332255    -18.8926  0.00014453
4520  -0.0556489    0.333399    -18.3906  1.76182e-05
4530  -0.0578135    0.332032    -17.9877  0.000102835
4540  -0.0577056      0.3321    -17.4845  8.91434e-05
4550  -0.0595964    0.330906    -17.2843  0.00031818
4560  -0.0640692    0.328082    -16.6788  6.11423e-05
4570  -0.0608192    0.330134    -17.6856  -0.000167651
4580  -0.0607161    0.330199    -17.2834  4.05181e-06
4590  -0.0609003    0.330083    -16.5791  -0.000168893
4600  -0.0573383    0.332332    -16.6801  -5.36688e-05
4610  -0.0598269    0.330761    -18.0894  0.000249331
4620  -0.0623249    0.329183    -17.4851  7.63582e-05
4630  -0.0613541    0.329797    -17.3854  0.000207636
4640  -0.0664776    0.326561    -17.9883  0.000207839
4650  -0.0655108    0.327172    -17.2836  -9.68553e-05
4660  -0.0645405    0.327784    -17.1842  1.95935e-05
4670  -0.0659027    0.326924    -17.2845  -5.36852e-05
4680  -0.0634668    0.328462      -16.48  -9.56692e-06
4690  -0.0657114    0.327045    -16.1773  0.000283609
4700   -0.069139    0.324881     -15.875  0.000240439
4710  -0.0705202    0.324008    -16.2777  4.99543e-05
4720  -0.0701381     0.32425    -16.4795  9.45997e-05
4730  -0.0724122    0.322814    -17.3856  7.99049e-05
4740  -0.0717362    0.323241     -16.581  0.00011015
4750  -0.0746152    0.321423    -15.8756  3.59751e-05
4760  -0.0724557    0.322786    -14.7687  -0.000156853
4770  -0.0714781    0.323404    -16.0782  -6.81128e-05
4780  -0.0710934    0.323647    -16.7826  0.000260186
4790  -0.0766818    0.320118    -17.3859  0.000335428
4800   -0.077802     0.31941    -16.1782  -2.2706e-05
4810  -0.0762277    0.320404    -15.3733  7.51838e-06
4820  -0.0779523    0.319315    -15.4738  6.7424e-05
4830  -0.0775762    0.319553    -15.1733  -0.000143242
4840  -0.0750875    0.321124    -15.0729  -7.59847e-06
4850  -0.0774242    0.319649    -15.4754  8.27368e-05
4860  -0.0767422     0.32008    -16.1799  0.000189548
4870  -0.0812152    0.317255    -16.6823  0.000128981
4880  -0.0793219    0.318451    -17.4884  -6.7858e-05
4890   -0.079858    0.318112    -14.8719  6.89577e-05
4900   -0.080701     0.31758    -15.7772  -0.000206003
4910  -0.0757379    0.320714    -16.3821  -0.000129635
4920  -0.0781083    0.319217    -16.1807  0.00020681
4930  -0.0798741    0.318102    -15.8783  0.000176919
4940  -0.0816467    0.316983     -15.476  0.000193031
4950  -0.0837348    0.315664    -16.1806  -2.23897e-05
4960  -0.0811989    0.317265    -17.3885  -0.000192217
4970  -0.0798904    0.318092     -16.081  5.49335e-05
4980  -0.0822976    0.316572     -15.678  0.000179056
4990  -0.0834716     0.31583    -14.9733  0.000303179
