Time   Number   
ps   
0          22           7
10          19           4
20          14          10
30          18          12
40          19           4
50          17           9
60          17          12
70          13           9
80          14           9
90          14           6
100          15          10
110          17           5
120          15           8
130          17           7
140          17           8
150          22           4
160          18           7
170          21           9
180          13           5
190          19           4
200          18           8
210          15           7
220          16           9
230          17           5
240          16           7
250          17           7
260          15          10
270          17           7
280          14           8
290          15           8
300          16          10
310          17           5
320          14           7
330          17          11
340          16           7
350          22           6
360          18           8
370          19           8
380          22           5
390          20           9
400          19           6
410          19          11
420          20           7
430          17           9
440          17          11
450          17           9
460          19           7
470          17           5
480          15           9
490          22           4
500          19           6
510          15           4
520          18           5
530          18           6
540          14           6
550          15          10
560          18           5
570          17           9
580          17           7
590          19          12
600          16           6
610          14           9
620          16          11
630          21           5
640          16           5
650          17          10
660          15           8
670          18           7
680          14           8
690          22           5
700          21           3
710          20           6
720          19          10
730          16           6
740          21           6
750          15           7
760          19           7
770          20           5
780          19           7
790          21           2
800          21           5
810          18           7
820          19           7
830          18           7
840          18           7
850          16          13
860          16           5
870          22           4
880          19           7
890          17           7
900          20           4
910          16           9
920          18           5
930          17           9
940          18           4
950          18           7
960          17           9
970          17           8
980          16           7
990          18           6
1000          17           8
1010          18           7
1020          18           4
1030          17           7
1040          17           5
1050          19           4
1060          18           4
1070          14          10
1080          17           4
1090          17           4
1100          14          12
1110          20           7
1120          18           4
1130          17           4
1140          17           6
1150          16          11
1160          18           6
1170          16           8
1180          19           7
1190          15           7
1200          18           7
1210          15           9
1220          14          14
1230          17           6
1240          16           5
1250          18           6
1260          12          10
1270          20           4
1280          18           4
1290          17           8
1300          21           4
1310          15           8
1320          20           5
1330          16           7
1340          18           6
1350          17           7
1360          19           3
1370          13           8
1380          18           8
1390          16          10
1400          15           9
1410          16           8
1420          15           9
1430          19           7
1440          19           7
1450          18           6
1460          17           6
1470          20           5
1480          15           7
1490          19           5
1500          17           8
1510          19           7
1520          13           7
1530          13          10
1540          15           5
1550          19           6
1560          19           6
1570          15           5
1580          14          11
1590          16           8
1600          18           9
1610          18           4
1620          22           2
1630          20           6
1640          19           6
1650          19           4
1660          20           2
1670          19           6
1680          16           4
1690          18           5
1700          19           5
1710          20           5
1720          16          10
1730          17           4
1740          10          11
1750          17           5
1760          14           9
1770          18           9
1780          18          10
1790          18           6
1800          16           6
1810          23           2
1820          17           7
1830          18          11
1840          18           6
1850          20           9
1860          19           4
1870          21           6
1880          21           8
1890          20           6
1900          17           7
1910          16           7
1920          18           5
1930          20           8
1940          14           8
1950          16           9
1960          17          10
1970          16           9
1980          18           2
1990          17          11
2000          23           5
2010          15           7
2020          17           6
2030          14           6
2040          17           4
2050          18           6
2060          18           6
2070          19          10
2080          15          10
2090          16           9
2100          14           8
2110          11          14
2120          18           5
2130          16           8
2140          17           8
2150          17           4
2160          17           9
2170          18           6
2180          19           7
2190          20           5
2200          21           9
2210          19           4
2220          19           6
2230          15           6
2240          18           8
2250          17           8
2260          15          14
2270          19           7
2280          21           6
2290          14          14
2300          17           4
2310          19           5
2320          18           6
2330          20           3
2340          21           7
2350          17           8
2360          14          11
2370          21           7
2380          18           8
2390          22           4
2400          17           7
2410          20           7
2420          17          11
2430          21           6
2440          21           7
2450          19           5
2460          15           7
2470          21          11
2480          16           9
2490          16           9
2500          19           8
2510          21          10
2520          14          10
2530          19           8
2540          19           5
2550          15           8
2560          15          11
2570          20           7
2580          16           4
2590          20           7
2600          17           9
2610          20           8
2620          18           4
2630          18           4
2640          17          13
2650          19           8
2660          18           7
2670          15          12
2680          16           8
2690          18           7
2700          19           7
2710          17           3
2720          19           6
2730          18           5
2740          17           7
2750          22           6
2760          16           7
2770          20           6
2780          19          11
2790          21          10
2800          19           6
2810          16           8
2820          16          10
2830          19           5
2840          16           7
2850          18           7
2860          18           8
2870          17           8
2880          19           9
2890          15           6
2900          17           3
2910          17          11
2920          22           4
2930          19           6
2940          17           7
2950          22           2
2960          17           6
2970          16           7
2980          18           6
2990          16           5
3000          15           6
3010          16           6
3020          19           4
3030          18           9
3040          18          11
3050          19           6
3060          18           4
3070          19           8
3080          17           8
3090          16           9
3100          17           8
3110          14          10
3120          19           8
3130          16          10
3140          17           9
3150          20           6
3160          17           7
3170          18           6
3180          17           4
3190          15           7
3200          20           3
3210          19          10
3220          16          12
3230          12           9
3240          16           8
3250          20           4
3260          15           7
3270          18           2
3280          18           8
3290          17           8
3300          21           4
3310          15           8
3320          17           6
3330          13           9
3340          16          10
3350          21           6
3360          18          10
3370          18           6
3380          19           9
3390          14          13
3400          18          10
3410          19           5
3420          19           7
3430          16          10
3440          17           9
3450          16          13
3460          20           5
3470          17          10
3480          17           9
3490          15          10
3500          15          11
3510          16          11
3520          21          10
3530          17          10
3540          22           5
3550          19          13
3560          21           6
3570          14           8
3580          18          10
3590          16           9
3600          19           7
3610          18           6
3620          16          10
3630          19           8
3640          19           5
3650          20           9
3660          12           9
3670          18           9
3680          17          12
3690          19          10
3700          19           6
3710          17           7
3720          21           4
3730          14          10
3740          14          10
3750          15           3
3760          18           5
3770          15          11
3780          17           7
3790          17           9
3800          19          10
3810          15           9
3820          14          11
3830          16           7
3840          18           9
3850          18           6
3860          17           8
3870          15           9
3880          13          10
3890          16           8
3900          17           5
3910          16          11
3920          15           6
3930          20           8
3940          15           5
3950          17          14
3960          20           6
3970          21           6
3980          13          15
3990          18           6
4000          19           7
4010          20           7
4020          16           7
4030          18          10
4040          18           7
4050          21           3
4060          18           8
4070          21           4
4080          17          11
4090          15           8
4100          19           8
4110          18          11
4120          15           9
4130          17          10
4140          15           9
4150          17           6
4160          17          10
4170          20          10
4180          22           8
4190          19          10
4200          15          14
4210          18          10
4220          19           6
4230          15           7
4240          16           7
4250          20           6
4260          19           8
4270          16          11
4280          15          11
4290          14           9
4300          18           8
4310          13           7
4320          20           6
4330          14          13
4340          16           8
4350          16           9
4360          13          15
4370          21           3
4380          18           6
4390          16           7
4400          16           6
4410          15           7
4420          16           8
4430          14           9
4440          16           4
4450          18           8
4460          13          10
4470          22           4
4480          21           7
4490          21           7
4500          14          10
4510          15          10
4520          16           7
4530          17           6
4540          16           8
4550          19           6
4560          19           6
4570          19           8
4580          17           9
4590          18           8
4600          19           7
4610          16          10
4620          17           4
4630          15          11
4640          20           4
4650          18           9
4660          15           9
4670          19           6
4680          19           8
4690          18           8
4700          17           6
4710          16           6
4720          18           7
4730          17           7
4740          16          10
4750          19           7
4760          22           6
4770          14          10
4780          15          10
4790          21           6
4800          13           9
4810          16          10
4820          15          13
4830          17           7
4840          15           9
4850          16           8
4860          20           5
4870          18           9
4880          19           9
4890          19          11
4900          15           9
4910          14           9
4920          19           7
4930          14          13
4940          17           7
4950          17           4
4960          16           8
4970          15           9
4980          17           9
4990          20           7
5000          18           8
5010          17           9
5020          17           8
5030          19          10
5040          16          11
5050          19           8
5060          18          10
5070          16           8
5080          15           5
5090          17           5
5100          15          10
5110          17           7
5120          16           7
5130          16           4
5140          18           6
5150          15           6
5160          17           6
5170          14          11
5180          16           8
5190          18          10
5200          14           9
5210          17          10
5220          18           8
5230          15          10
5240          19           4
5250          17          13
5260          18           9
5270          20           9
5280          15           7
5290          19           4
5300          19           7
5310          16          11
5320          18           7
5330          18           7
5340          15          10
5350          17           9
5360          17           8
5370          16           7
5380          14           6
5390          20           8
5400          19           7
5410          19           6
5420          18           9
5430          18           5
5440          16          12
5450          17           9
5460          15           9
5470          18           7
5480          16           8
5490          19           8
5500          17           6
5510          17          11
5520          20           6
5530          14           8
5540          20           9
5550          16           7
5560          17           6
5570          15           8
5580          13          11
5590          18           9
5600          16          10
5610          19           8
5620          20           8
5630          17           7
5640          18           9
5650          21          11
5660          16          10
5670          18           8
5680          15           5
5690          16           7
5700          20           7
5710          18           8
5720          18          10
5730          15           6
5740          12           9
5750          16           9
5760          18           8
5770          15          11
5780          20           6
5790          17           8
5800          19           4
5810          19           8
5820          15           8
5830          16           9
5840          17           7
5850          18          10
5860          16           8
5870          17           8
5880          19          11
5890          16           7
5900          16          11
5910          16           7
5920          17           9
5930          17           5
5940          13           9
5950          17           5
5960          15           5
5970          14          10
5980          20           9
5990          17           9
6000          19           7
6010          20           5
6020          16           6
6030          15           9
6040          15           6
6050          16           7
6060          18           7
6070          15           8
6080          18           6
6090          15           8
6100          18           8
6110          12          11
6120          18           7
6130          17           9
6140          22           6
6150          14          11
6160          17           6
6170          19           6
6180          17           9
6190          17           9
6200          18          11
6210          16          11
6220          20           5
6230          13          10
6240          17           7
6250          17           8
6260          18          11
6270          18           8
6280          15          10
6290          21           6
6300          20           7
6310          20           7
6320          19           7
6330          17           8
6340          16           8
6350          19          10
6360          18           8
6370          12          13
6380          15           6
6390          20           8
6400          19           6
6410          18           7
6420          14          10
6430          17           6
6440          13          11
6450          20           6
6460          16           4
6470          16           8
6480          19           2
6490          17           7
6500          17          10
6510          13          11
6520          16           7
6530          14          10
6540          17           7
6550          15          10
6560          20           7
6570          17           9
6580          14          10
6590          17          11
6600          21           7
6610          18           7
6620          17           3
6630          18           6
6640          17          12
6650          18          10
6660          16           7
6670          18           8
6680          18           7
6690          20           4
6700          16           8
6710          22           8
6720          22           5
6730          19           5
6740          23           5
6750          18           6
6760          19           7
6770          13          10
6780          17           4
6790          17           8
6800          13          10
6810          20           5
6820          18          12
6830          18           7
6840          17           6
6850          17           8
6860          13          12
6870          18           6
6880          17           5
6890          17          12
6900          18           6
6910          19          10
6920          17           8
6930          15          11
6940          17           6
6950          14           8
6960          17           5
6970          18           6
6980          19           4
6990          16           7
7000          19           7
7010          19           4
7020          19           5
7030          17          12
7040          16           6
7050          17           9
7060          16           7
7070          19           2
7080          19           8
7090          17          11
7100          18           7
7110          12           6
7120          13           9
7130          15          12
7140          19           5
7150          17           9
7160          16           8
7170          17           4
7180          18           3
7190          16          11
7200          16           5
7210          16           5
7220          17           5
7230          16           6
7240          15           7
7250          18           4
7260          17           8
7270          18           8
7280          14           7
7290          18           6
7300          13           8
7310          12           7
7320          18           3
7330          16           7
7340          19           7
7350          17           4
7360          18           6
7370          17           6
7380          19           8
7390          14           6
7400          22           6
7410          19           5
7420          20           7
7430          20           9
7440          17           6
7450          21           6
7460          19          12
7470          19          10
7480          20          10
7490          13           9
7500          20           7
7510          21           7
7520          22           8
7530          18           8
7540          21           7
7550          19           5
7560          15           6
7570          14          12
7580          19           7
7590          17          10
7600          18           7
7610          20           7
7620          16          11
7630          16           7
7640          16           8
7650          16           7
7660          18          10
7670          20           5
7680          22           7
7690          18           8
7700          19           6
7710          20           4
7720          15           9
7730          24           3
7740          18           7
7750          21           4
7760          19           7
7770          18           8
7780          18           6
7790          16           9
7800          18           6
7810          24           8
7820          15          11
7830          17           7
7840          13          10
7850          24           5
7860          15          10
7870          18           6
7880          18           8
7890          20           7
7900          14           7
7910          16           7
7920          18          10
7930          14           8
7940          16          14
7950          17          10
7960          18          11
7970          19          10
7980          21           7
7990          18          10
8000          17           8
8010          16          11
8020          18          11
8030          15          12
8040          19           5
8050          18           6
8060          17           9
8070          15           7
8080          16           9
8090          12           7
8100          21           7
8110          18           7
8120          20           6
8130          15           8
8140          15          10
8150          18           5
8160          19           4
8170          15           8
8180          17           6
8190          17           6
8200          17           7
8210          16           8
8220          16           7
8230          20           7
8240          19           8
8250          17           6
8260          17           8
8270          19           7
8280          23           7
8290          18           7
8300          16          11
8310          17           9
8320          21           4
8330          23           5
8340          20           5
8350          18           5
8360          14           9
8370          14          14
8380          16          10
8390          19           6
8400          18           6
8410          16          12
8420          16          14
8430          16           8
8440          17           8
8450          18           8
8460          20           7
8470          13           7
8480          12          12
8490          19           7
8500          19           6
8510          15          10
8520          20           6
8530          17           6
8540          16           6
8550          17           7
8560          19           6
8570          24           3
8580          18           6
8590          17           9
8600          19           9
8610          14          16
8620          21          12
8630          20          11
8640          20           3
8650          17           3
8660          20           7
8670          12          10
8680          16          10
8690          14           6
8700          23           5
8710          20           5
8720          12          10
8730          17           9
8740          15          11
8750          17           6
8760          17           6
8770          16           6
8780          15           9
8790          18           7
8800          19           6
8810          18           8
8820          16           6
8830          23           4
8840          18           7
8850          15           8
8860          17           8
8870          13           9
8880          15           5
8890          18          11
8900          18           6
8910          15          11
8920          15          10
8930          19           4
8940          14          11
8950          14          12
8960          17          11
8970          17           8
8980          20           3
8990          16          11
9000          16          12
9010          20           6
9020          20          10
9030          18           5
9040          19           5
9050          22           5
9060          21           7
9070          18           5
9080          18           7
9090          18           7
9100          15          13
9110          18           8
9120          19           5
9130          20           7
9140          22           8
9150          17           8
9160          14          10
9170          17           6
9180          17           5
9190          16          10
9200          16          13
9210          21           7
9220          18           6
9230          19           7
9240          19           9
9250          17          11
9260          14          11
9270          15          12
9280          18          10
9290          16           9
9300          18           4
9310          15           5
9320          16           7
9330          12           7
9340          16          10
9350          19           7
9360          15           8
9370          18           9
9380          14           7
9390          16           8
9400          15          11
9410          13          10
9420          16          10
9430          17          10
9440          15          11
9450          14           7
9460          21           5
9470          14          10
9480          16           6
9490          16           8
9500          21           6
9510          18           9
9520          16           5
9530          18           4
9540          20           6
9550          18           5
9560          14          10
9570          17           7
9580          16           8
9590          18          10
9600          17           8
9610          14          11
9620          21           5
9630          17           4
9640          16          10
9650          14           8
9660          21           6
9670          15          10
9680          16           6
9690          19           7
9700          14           9
9710          12           6
9720          12           9
9730          14          11
9740          14           6
9750          21           6
9760          16           9
9770          14           9
9780          18          10
9790          14           7
9800          13           8
9810          13          10
9820          15           8
9830          14           6
9840          16           8
9850          15           6
9860          14           8
9870          17           8
9880          14          11
9890          16          10
9900          16           2
9910           8          14
9920          18           4
9930          15           7
9940          16           9
9950          16           7
9960          15           5
9970          21           7
9980          15          10
9990          17           8
10000          19           5
