Time   Number   
ps   
0          21          29
10          25          27
20          21          31
30          17          31
40          21          25
50          18          24
60          21          27
70          24          28
80          20          26
90          17          25
100          24          28
110          20          30
120          20          32
130          21          27
140          24          26
150          22          30
160          19          29
170          17          27
180          15          25
190          18          22
200          20          20
210          20          32
220          18          24
230          18          24
240          20          24
250          18          22
260          15          19
270          18          22
280          18          24
290          17          19
300          19          23
310          16          26
320          16          28
330          19          25
340          20          24
350          22          24
360          21          25
370          17          25
380          19          21
390          17          23
400          18          20
410          19          23
420          19          23
430          18          24
440          19          27
450          17          25
460          18          22
470          16          20
480          15          21
490          19          21
500          17          31
510          18          24
520          15          21
530          15          29
540          17          21
550          15          21
560          19          27
570          17          21
580          17          19
590          14          24
600          15          21
610          17          19
620          18          22
630          16          26
640          18          24
650          17          27
660          19          19
670          18          32
680          21          25
690          19          23
700          15          23
710          16          22
720          17          17
730          16          22
740          20          20
750          21          23
760          17          23
770          20          22
780          19          21
790          15          27
800          19          23
810          20          32
820          18          24
830          20          28
840          17          33
850          22          32
860          24          28
870          20          26
880          18          22
890          23          25
900          21          23
910          20          30
920          21          23
930          22          26
940          20          28
950          21          35
960          24          30
970          18          22
980          22          30
990          18          32
1000          21          25
1010          23          29
1020          20          28
1030          19          29
1040          22          32
1050          26          30
1060          19          31
1070          21          29
1080          19          27
1090          17          23
1100          17          27
1110          21          25
1120          18          22
1130          20          24
1140          15          23
1150          16          24
1160          15          21
1170          19          23
1180          19          21
1190          20          28
1200          19          27
1210          21          25
1220          18          26
1230          19          29
1240          19          23
1250          20          32
1260          22          26
1270          20          26
1280          18          28
1290          19          27
1300          19          29
1310          20          26
1320          19          33
1330          22          28
1340          22          22
1350          18          22
1360          16          22
1370          19          23
1380          20          30
1390          16          20
1400          18          22
1410          23          29
1420          15          21
1430          21          25
1440          20          24
1450          20          22
1460          19          25
1470          18          24
1480          18          24
1490          17          23
1500          17          25
1510          16          30
1520          20          20
1530          16          26
1540          14          18
1550          15          17
1560          15          17
1570          14          26
1580          15          27
1590          16          22
1600          18          24
1610          16          20
1620          15          19
1630          20          24
1640          18          20
1650          16          20
1660          17          19
1670          19          21
1680          17          25
1690          17          19
1700          18          24
1710          21          23
1720          20          26
1730          19          23
1740          19          29
1750          21          29
1760          18          32
1770          19          29
1780          21          27
1790          20          28
1800          21          25
1810          20          32
1820          24          28
1830          23          31
1840          20          26
1850          19          29
1860          19          27
1870          20          24
1880          23          23
1890          18          28
1900          16          28
1910          17          29
1920          20          26
1930          20          30
1940          22          26
1950          24          24
1960          21          29
1970          22          22
1980          19          27
1990          18          24
2000          23          27
2010          19          25
2020          22          26
2030          22          30
2040          23          25
2050          21          23
2060          20          26
2070          21          25
2080          22          34
2090          18          26
2100          21          23
2110          20          28
2120          16          28
2130          18          28
2140          20          32
2150          18          28
2160          18          22
2170          20          24
2180          24          26
2190          20          28
2200          21          29
2210          23          29
2220          21          29
2230          24          28
2240          22          32
2250          22          30
2260          20          22
2270          21          23
2280          20          22
2290          19          25
2300          22          24
2310          21          25
2320          20          28
2330          21          29
2340          17          31
2350          19          27
2360          18          24
2370          22          30
2380          21          27
2390          23          33
2400          27          29
2410          22          26
2420          22          26
2430          21          27
2440          26          28
2450          25          33
2460          24          28
2470          24          30
2480          25          29
2490          23          27
2500          25          25
2510          24          30
2520          21          27
2530          25          27
2540          24          30
2550          23          31
2560          22          38
2570          24          30
2580          23          29
2590          24          28
2600          23          31
2610          24          28
2620          18          30
2630          25          29
2640          20          30
2650          19          23
2660          22          26
2670          20          22
2680          22          28
2690          21          27
2700          22          26
2710          20          24
2720          22          22
2730          20          26
2740          18          22
2750          21          23
2760          18          22
2770          20          24
2780          16          22
2790          20          24
2800          21          21
2810          23          23
2820          22          22
2830          19          27
2840          18          24
2850          22          26
2860          18          28
2870          22          30
2880          22          26
2890          19          31
2900          19          27
2910          23          33
2920          22          26
2930          23          27
2940          20          24
2950          19          21
2960          21          23
2970          16          22
2980          16          18
2990          19          21
3000          19          19
3010          17          21
3020          17          19
3030          15          25
3040          21          25
3050          20          22
3060          18          26
3070          19          25
3080          22          26
3090          21          25
3100          22          28
3110          24          30
3120          23          25
3130          20          26
3140          19          29
3150          23          27
3160          22          24
3170          21          21
3180          21          31
3190          20          30
3200          21          29
3210          21          27
3220          20          30
3230          21          27
3240          20          28
3250          23          23
3260          20          22
3270          20          28
3280          23          29
3290          22          28
3300          24          24
3310          25          31
3320          22          34
3330          21          23
3340          20          24
3350          19          27
3360          17          21
3370          22          24
3380          20          26
3390          20          26
3400          19          19
3410          20          20
3420          15          27
3430          17          21
3440          15          19
3450          18          18
3460          17          17
3470          16          18
3480          15          19
3490          15          19
3500          19          23
3510          17          27
3520          21          25
3530          19          27
3540          19          21
3550          18          24
3560          22          24
3570          23          25
3580          20          28
3590          21          23
3600          23          23
3610          22          28
3620          23          23
3630          21          25
3640          22          24
3650          25          25
3660          21          27
3670          24          26
3680          25          25
3690          23          23
3700          24          30
3710          25          27
3720          22          28
3730          23          31
3740          20          24
3750          22          22
3760          22          24
3770          24          24
3780          22          24
3790          23          27
3800          19          23
3810          20          28
3820          22          32
3830          22          24
3840          21          25
3850          24          28
3860          21          27
3870          24          24
3880          21          25
3890          25          29
3900          20          24
3910          24          30
3920          20          30
3930          20          28
3940          22          26
3950          19          29
3960          24          30
3970          20          26
3980          23          29
3990          23          31
4000          22          32
4010          22          32
4020          22          34
4030          24          30
4040          23          31
4050          23          29
4060          22          30
4070          22          26
4080          23          27
4090          23          27
4100          19          25
4110          21          31
4120          22          26
4130          20          26
4140          16          22
4150          16          28
4160          20          26
4170          20          26
4180          21          29
4190          19          27
4200          22          24
4210          21          25
4220          17          21
4230          23          25
4240          22          30
4250          24          30
4260          23          29
4270          20          22
4280          20          26
4290          21          23
4300          22          24
4310          20          28
4320          18          22
4330          18          20
4340          19          27
4350          20          26
4360          19          21
4370          19          29
4380          20          26
4390          18          24
4400          15          17
4410          18          26
4420          19          27
4430          21          27
4440          22          22
4450          21          29
4460          23          23
4470          22          26
4480          21          25
4490          21          23
4500          19          27
4510          19          27
4520          21          29
4530          20          26
4540          21          21
4550          23          25
4560          21          23
4570          23          27
4580          19          27
4590          21          27
4600          24          26
4610          21          31
4620          26          26
4630          25          29
4640          25          27
4650          23          29
4660          23          35
4670          24          26
4680          21          31
4690          24          30
4700          24          28
4710          21          31
4720          25          33
4730          24          24
4740          25          31
4750          26          30
4760          29          35
4770          29          31
4780          24          32
4790          25          27
4800          29          33
4810          21          39
4820          25          31
4830          24          30
4840          21          33
4850          24          30
4860          21          25
4870          20          22
4880          21          29
4890          22          28
4900          23          27
4910          20          30
4920          22          36
4930          24          32
4940          21          29
4950          26          36
4960          25          29
4970          25          31
4980          19          29
4990          27          31
5000          23          33
5010          23          33
5020          24          32
5030          25          29
5040          26          34
5050          23          27
5060          23          29
5070          24          30
5080          20          28
5090          18          28
5100          22          28
5110          21          31
5120          21          27
5130          23          35
5140          24          28
5150          22          26
5160          23          29
5170          17          31
5180          20          26
5190          20          38
5200          18          26
5210          19          27
5220          18          22
5230          20          28
5240          18          32
5250          20          28
5260          20          28
5270          20          30
5280          21          25
5290          19          31
5300          19          27
5310          23          25
5320          16          24
5330          20          22
5340          18          26
5350          24          28
5360          21          29
5370          23          31
5380          24          28
5390          24          32
5400          24          38
5410          21          31
5420          21          33
5430          23          31
5440          23          35
5450          19          33
5460          21          29
5470          23          25
5480          20          30
5490          20          30
5500          23          25
5510          22          26
5520          19          31
5530          17          27
5540          17          21
5550          16          22
5560          19          21
5570          18          28
5580          19          21
5590          18          18
5600          18          22
5610          17          19
5620          16          20
5630          16          24
5640          16          20
5650          16          24
5660          17          25
5670          19          25
5680          16          24
5690          20          34
5700          18          32
5710          19          23
5720          22          32
5730          20          24
5740          17          33
5750          23          31
5760          18          24
5770          19          27
5780          20          24
5790          20          28
5800          17          25
5810          18          22
5820          19          25
5830          19          25
5840          17          27
5850          17          27
5860          21          31
5870          18          26
5880          16          24
5890          17          23
5900          19          21
5910          19          25
5920          20          22
5930          19          25
5940          15          27
5950          16          22
5960          18          24
5970          17          19
5980          18          22
5990          17          17
6000          15          25
6010          19          21
6020          21          27
6030          20          26
6040          19          19
6050          19          23
6060          21          25
6070          17          21
6080          14          22
6090          16          24
6100          19          23
6110          23          25
6120          17          21
6130          23          29
6140          20          28
6150          20          26
6160          20          22
6170          17          25
6180          16          22
6190          16          26
6200          16          22
6210          16          22
6220          18          22
6230          21          21
6240          16          22
6250          16          24
6260          18          24
6270          16          22
6280          17          21
6290          16          22
6300          13          21
6310          18          28
6320          19          23
6330          21          23
6340          21          25
6350          17          19
6360          19          25
6370          16          24
6380          16          24
6390          17          19
6400          16          24
6410          16          26
6420          19          21
6430          13          21
6440          17          21
6450          18          20
6460          15          23
6470          18          20
6480          17          23
6490          20          22
6500          17          17
6510          17          21
6520          13          21
6530          16          18
6540          13          19
6550          15          17
6560          16          20
6570          17          23
6580          17          19
6590          16          24
6600          16          24
6610          17          21
6620          19          19
6630          19          21
6640          14          16
6650          17          21
6660          17          21
6670          19          21
6680          17          23
6690          20          24
6700          23          29
6710          20          22
6720          20          22
6730          19          21
6740          18          20
6750          20          22
6760          22          24
6770          22          26
6780          18          22
6790          17          25
6800          17          25
6810          19          21
6820          19          25
6830          19          21
6840          19          23
6850          17          19
6860          17          19
6870          16          20
6880          16          20
6890          14          20
6900          14          20
6910          15          17
6920          15          17
6930          17          17
6940          17          19
6950          18          18
6960          16          18
6970          18          18
6980          16          22
6990          15          17
7000          13          17
7010          15          19
7020          14          14
7030          15          17
7040          15          17
7050          12          20
7060          13          17
7070          16          16
7080          15          17
7090          14          14
7100          13          19
7110          12          14
7120          14          18
7130          13          17
7140          16          16
7150          16          18
7160          15          15
7170          16          16
7180          15          17
7190          16          18
7200          20          20
7210          17          19
7220          18          22
7230          17          21
7240          19          25
7250          21          23
7260          21          21
7270          19          23
7280          19          19
7290          19          23
7300          21          21
7310          21          25
7320          18          20
7330          20          26
7340          21          25
7350          21          27
7360          20          26
7370          21          27
7380          21          25
7390          17          27
7400          17          21
7410          19          27
7420          21          23
7430          21          23
7440          18          28
7450          22          24
7460          20          26
7470          20          26
7480          20          22
7490          20          22
7500          18          20
7510          18          26
7520          18          20
7530          16          22
7540          22          26
7550          18          20
7560          18          24
7570          18          22
7580          18          18
7590          17          25
7600          18          22
7610          20          24
7620          20          22
7630          18          24
7640          18          20
7650          12          22
7660          17          19
7670          18          20
7680          18          20
7690          19          21
7700          15          21
7710          20          20
7720          16          20
7730          16          26
7740          17          25
7750          19          27
7760          20          24
7770          19          21
7780          18          20
7790          20          26
7800          15          23
7810          20          26
7820          18          24
7830          21          25
7840          20          22
7850          18          26
7860          20          24
7870          18          24
7880          18          20
7890          17          23
7900          17          17
7910          21          21
7920          19          27
7930          13          23
7940          18          22
7950          19          21
7960          18          22
7970          18          26
7980          19          21
7990          17          21
8000          19          27
8010          18          26
8020          22          28
8030          24          34
8040          18          28
8050          20          26
8060          17          27
8070          19          27
8080          19          27
8090          24          28
8100          21          23
8110          20          24
8120          26          26
8130          24          34
8140          21          29
8150          22          24
8160          22          32
8170          20          22
8180          22          26
8190          22          28
8200          22          26
8210          23          29
8220          24          34
8230          24          28
8240          21          27
8250          24          26
8260          24          26
8270          24          28
8280          21          27
8290          22          26
8300          26          28
8310          21          29
8320          21          29
8330          23          25
8340          21          25
8350          22          28
8360          20          26
8370          20          24
8380          18          26
8390          21          27
8400          20          26
8410          20          30
8420          24          30
8430          22          24
8440          21          25
8450          21          27
8460          22          24
8470          23          29
8480          18          22
8490          21          23
8500          22          28
8510          22          28
8520          20          28
8530          21          29
8540          17          27
8550          16          22
8560          18          20
8570          22          24
8580          20          26
8590          20          30
8600          21          25
8610          23          29
8620          25          27
8630          23          27
8640          21          29
8650          23          25
8660          23          27
8670          21          25
8680          20          28
8690          21          25
8700          22          30
8710          23          27
8720          21          27
8730          24          28
8740          24          28
8750          23          33
8760          25          33
8770          25          27
8780          21          31
8790          20          32
8800          20          30
8810          22          26
8820          25          29
8830          21          29
8840          23          27
8850          20          22
8860          18          24
8870          21          23
8880          14          28
8890          17          25
8900          13          21
8910          17          21
8920          19          23
8930          18          20
8940          17          17
8950          16          22
8960          16          20
8970          17          19
8980          16          20
8990          18          20
9000          18          22
9010          18          26
9020          19          25
9030          20          28
9040          19          21
9050          18          24
9060          20          24
9070          21          23
9080          19          21
9090          17          19
9100          17          23
9110          19          23
9120          19          21
9130          16          30
9140          20          28
9150          21          27
9160          20          22
9170          21          27
9180          19          25
9190          20          28
9200          19          21
9210          24          24
9220          22          28
9230          22          34
9240          22          34
9250          23          23
9260          21          25
9270          24          24
9280          20          22
9290          21          25
9300          21          25
9310          19          27
9320          23          29
9330          19          25
9340          19          29
9350          18          26
9360          21          25
9370          20          26
9380          23          29
9390          21          29
9400          21          29
9410          24          26
9420          21          27
9430          21          29
9440          18          30
9450          20          32
9460          22          24
9470          21          29
9480          18          24
9490          20          30
9500          22          24
9510          20          28
9520          21          25
9530          19          29
9540          21          23
9550          22          24
9560          22          26
9570          24          28
9580          24          28
9590          24          26
9600          21          25
9610          23          27
9620          22          24
9630          20          20
9640          20          26
9650          21          25
9660          22          24
9670          18          22
9680          21          23
9690          21          21
9700          18          20
9710          18          18
9720          24          26
9730          19          23
9740          24          28
9750          20          22
9760          19          23
9770          23          27
9780          18          18
9790          20          24
9800          17          23
9810          19          25
9820          17          23
9830          21          21
9840          19          23
9850          21          25
9860          20          24
9870          20          24
9880          22          22
9890          18          20
9900          21          23
9910          21          21
9920          22          28
9930          18          32
9940          22          24
9950          22          26
9960          18          22
9970          16          20
9980          18          20
9990          17          25
10000          19          23
