Time   Number   
ps   
0           9          11
10          12          14
20          12          18
30          14          16
40          18          18
50          16          20
60          15          19
70          16          16
80          14          18
90          12          16
100          15          15
110          15          17
120          16          22
130          15          19
140          12          20
150          13          17
160          12          18
170          13          15
180          12          16
190          13          21
200          15          15
210          14          14
220          15          15
230          10          20
240          14          16
250          14          16
260          13          15
270          13          13
280          14          18
290          12          18
300          11          13
310          14          18
320          14          14
330          15          19
340          14          16
350          14          18
360          14          18
370          16          22
380          18          22
390          15          17
400          17          19
410          15          17
420          12          18
430          15          19
440          16          18
450          13          19
460          21          21
470          19          25
480          17          17
490          17          23
500          14          18
510          19          23
520          19          27
530          20          22
540          22          24
550          18          20
560          21          29
570          21          23
580          22          24
590          20          22
600          18          26
610          21          27
620          21          23
630          18          24
640          18          26
650          19          33
660          22          28
670          17          17
680          20          22
690          18          22
700          22          26
710          16          22
720          22          22
730          19          23
740          14          18
750          20          24
760          15          23
770          19          19
780          18          20
790          18          20
800          18          20
810          15          19
820          17          21
830          16          20
840          18          20
850          17          19
860          16          20
870          15          15
880          16          18
890          14          20
900          16          16
910          13          13
920          10          16
930          12          12
940           6           8
950           9           9
960           9          11
970          10          14
980           8          16
990          11          11
1000          11          11
1010           9          13
1020          13          15
1030          13          13
1040           9          13
1050          12          14
1060          12          14
1070          12          12
1080          12          14
1090           9          15
1100          12          16
1110          13          15
1120          13          15
1130          12          14
1140          13          19
1150          14          16
1160          13          19
1170          10          16
1180          15          23
1190          13          19
1200          14          18
1210          15          17
1220          11          17
1230          13          17
1240          12          18
1250          13          13
1260           9          11
1270          12          16
1280          13          13
1290          14          14
1300          11          15
1310          12          16
1320          12          16
1330          13          15
1340          13          15
1350          11          13
1360          14          16
1370          13          15
1380          12          18
1390          14          18
1400          10          16
1410          13          15
1420          13          17
1430          11          13
1440          13          19
1450          12          16
1460          14          16
1470          16          22
1480          15          21
1490          15          19
1500          15          21
1510          15          21
1520          16          22
1530          16          18
1540          15          17
1550          15          15
1560          15          15
1570          12          14
1580          14          20
1590          13          17
1600          12          14
1610          14          14
1620          12          16
1630          13          19
1640          11          13
1650          14          14
1660          11          15
1670          13          15
1680          14          16
1690          14          16
1700          14          20
1710          13          13
1720          14          16
1730          11          13
1740          11          19
1750          16          16
1760          16          18
1770          12          16
1780          13          21
1790          14          14
1800          12          12
1810          12          14
1820          11          15
1830          13          13
1840          12          16
1850          10          14
1860          10          14
1870          13          15
1880          10          12
1890          10          12
1900          12          14
1910          13          17
1920          15          15
1930          11          13
1940          14          14
1950          10          18
1960          14          18
1970          13          21
1980          13          15
1990          15          23
2000          13          17
2010          14          18
2020          12          16
2030          13          17
2040          14          16
2050          14          18
2060          17          17
2070          17          19
2080          14          18
2090          14          16
2100          18          18
2110          15          19
2120          17          19
2130          12          18
2140          14          14
2150          12          14
2160          11          17
2170          12          20
2180          12          16
2190          13          15
2200          13          17
2210          14          14
2220          12          14
2230          12          12
2240          13          15
2250          14          16
2260          12          16
2270          10          14
2280           9          17
2290          10          14
2300          13          15
2310          12          12
2320           7          13
2330          10          12
2340           8          14
2350          11          11
2360          10          14
2370          10          12
2380           7          11
2390          13          15
2400          11          13
2410          13          17
2420          15          17
2430          11          19
2440          12          14
2450          16          20
2460          12          16
2470          10          14
2480          14          18
2490          11          13
2500          11          13
2510          11          11
2520          10          14
2530           8          12
2540          11          13
2550          12          12
2560          11          13
2570          12          14
2580          10          18
2590          14          16
2600          13          15
2610          13          17
2620          14          16
2630          12          14
2640           9          13
2650          10          12
2660          10          14
2670          11          13
2680          12          16
2690          15          19
2700          13          17
2710          13          13
2720          13          15
2730          14          16
2740          16          20
2750          15          21
2760          12          14
2770          12          16
2780          11          15
2790          13          15
2800          15          17
2810          12          16
2820          14          14
2830          12          16
2840          11          17
2850           9          11
2860          10          12
2870          11          11
2880          12          18
2890          15          17
2900          14          14
2910          10          18
2920          11          13
2930          12          14
2940          11          13
2950          13          17
2960           8          12
2970           9          13
2980          10          16
2990           9          13
3000          15          17
3010          12          16
3020          15          19
3030          10          14
3040          12          14
3050          15          17
3060          14          16
3070          14          14
3080          11          11
3090          13          15
3100          13          19
3110          14          16
3120          13          13
3130          13          13
3140          14          14
3150          14          20
3160          10          10
3170          12          16
3180          13          17
3190          13          15
3200          13          15
3210          13          15
3220          11          15
3230          13          13
3240          13          13
3250          15          15
3260          13          17
3270          13          17
3280          16          18
3290          15          17
3300          13          17
3310          11          13
3320           9          11
3330          13          15
3340          13          19
3350          12          12
3360          14          18
3370          15          15
3380          13          15
3390          13          17
3400          16          16
3410          12          16
3420          12          22
3430          18          24
3440          13          23
3450          13          21
3460          19          23
3470          17          21
3480          18          22
3490          18          20
3500          17          19
3510          18          24
3520          17          21
3530          15          19
3540          17          23
3550          19          19
3560          16          22
3570          17          25
3580          14          16
3590          15          23
3600          12          16
3610          14          18
3620          17          19
3630          15          15
3640          17          19
3650          14          18
3660          15          17
3670          16          18
3680          11          15
3690          12          12
3700          15          17
3710          15          19
3720          13          21
3730          17          21
3740          18          18
3750          17          19
3760          17          21
3770          15          17
3780          16          16
3790          16          24
3800          17          19
3810          15          19
3820          16          16
3830          16          16
3840          16          20
3850          14          22
3860          15          17
3870          18          22
3880          15          19
3890          16          26
3900          16          26
3910          18          18
3920          19          21
3930          16          22
3940          13          19
3950          19          19
3960          15          17
3970          17          21
3980          16          20
3990          17          19
4000          15          21
4010          13          21
4020          16          16
4030          13          17
4040          14          16
4050          15          15
4060          16          18
4070          16          18
4080          15          17
4090          14          14
4100           9          15
4110          13          13
4120          14          16
4130          15          15
4140          15          19
4150          12          12
4160          11          17
4170          11          13
4180           9          17
4190          12          14
4200           8          14
4210          10          12
4220          10          12
4230          11          15
4240           6          16
4250          10          10
4260          10          10
4270          11          13
4280           7           9
4290          10          12
4300          10          10
4310          11          13
4320          11          11
4330          10          10
4340          12          12
4350          11          19
4360          10          14
4370          13          15
4380          14          16
4390          14          16
4400          12          16
4410          10          14
4420          13          17
4430          13          17
4440          10          18
4450          12          14
4460          13          15
4470          10          12
4480           9           9
4490          10          14
4500           9          11
4510           9          11
4520          11          11
4530          10          12
4540          12          14
4550           9          11
4560           9          13
4570          14          14
4580           6          14
4590           9          11
4600          11          13
4610          11          11
4620          12          14
4630          10          16
4640          11          11
4650          12          14
4660          11          15
4670          13          13
4680          15          15
4690          10          14
4700          13          15
4710          14          18
4720          15          17
4730          12          18
4740          12          14
4750          12          18
4760          10          14
4770          11          13
4780          13          17
4790          14          22
4800          13          15
4810          13          17
4820          14          20
4830          15          19
4840          12          14
4850          15          15
4860          12          18
4870          14          16
4880          16          20
4890          19          19
4900          18          20
4910          15          19
4920          14          20
4930          16          20
4940          12          18
4950          15          17
4960          17          23
4970          16          16
4980          14          20
4990          16          20
5000          14          14
5010          13          17
5020          14          24
5030          14          20
5040          16          18
5050          18          18
5060          18          20
5070          17          21
5080          18          22
5090          17          21
5100          16          18
5110          17          19
5120          15          17
5130          14          18
5140          17          21
5150          16          26
5160          16          18
5170          16          22
5180          16          20
5190          17          17
5200          20          22
5210          18          18
5220          15          21
5230          16          20
5240          16          20
5250          14          16
5260          13          15
5270          16          16
5280          13          19
5290          14          16
5300          16          16
5310          17          19
5320          16          18
5330          14          18
5340          17          21
5350          19          19
5360          16          16
5370          19          23
5380          14          18
5390          16          18
5400          12          14
5410          14          16
5420          15          15
5430          14          16
5440          15          15
5450          15          17
5460          13          13
5470          14          18
5480          14          14
5490          14          18
5500          18          20
5510          14          16
5520          15          19
5530          18          20
5540          16          18
5550          15          17
5560          15          17
5570          15          15
5580          14          18
5590          17          19
5600          19          19
5610          16          18
5620          16          16
5630          13          19
5640          16          18
5650          17          19
5660          16          18
5670          17          19
5680          15          17
5690          15          17
5700          18          18
5710          15          15
5720          16          16
5730          18          18
5740          16          18
5750          17          19
5760          16          16
5770          18          18
5780          15          19
5790          14          16
5800          17          19
5810          16          20
5820          15          17
5830          11          19
5840          16          16
5850          15          15
5860          16          16
5870          13          15
5880          13          17
5890          13          13
5900          16          18
5910          11          15
5920          13          15
5930          13          17
5940          15          15
5950          16          16
5960          18          18
5970          15          19
5980          16          18
5990          15          19
6000          15          21
6010          18          24
6020          17          23
6030          15          21
6040          16          18
6050          13          21
6060          17          17
6070          18          18
6080          14          20
6090          15          21
6100          18          22
6110          13          23
6120          18          22
6130          18          22
6140          16          20
6150          18          24
6160          18          26
6170          18          20
6180          17          23
6190          19          21
6200          16          22
6210          15          19
6220          16          16
6230          12          14
6240          12          22
6250          15          19
6260          10          14
6270          12          20
6280          13          15
6290           9          19
6300          14          16
6310          12          14
6320          13          15
6330          11          13
6340          12          14
6350          12          18
6360          15          15
6370          18          18
6380          16          18
6390          12          14
6400          15          19
6410          14          16
6420          13          15
6430          10          12
6440          10          14
6450          11          13
6460          13          15
6470          10          16
6480          13          17
6490          13          15
6500          16          16
6510          13          17
6520          12          14
6530          10          12
6540          15          15
6550          11          11
6560          11          17
6570          11          13
6580          10          12
6590          12          20
6600          15          21
6610          15          23
6620          18          20
6630          11          13
6640          12          24
6650          16          18
6660          17          23
6670          18          18
6680          20          22
6690          19          23
6700          15          21
6710          17          21
6720          18          20
6730          16          22
6740          16          22
6750          15          15
6760          15          15
6770          14          20
6780          14          14
6790          13          17
6800          13          17
6810           9          19
6820          13          17
6830          12          18
6840          12          18
6850          12          24
6860          14          20
6870          17          19
6880          13          17
6890          12          18
6900          13          15
6910          12          12
6920          13          15
6930          11          19
6940          11          11
6950          11          13
6960           9          17
6970          14          14
6980          13          13
6990          13          15
7000          12          12
7010          13          15
7020          13          17
7030          13          15
7040          11          17
7050          15          15
7060          11          19
7070          14          18
7080          14          16
7090          10          14
7100          12          14
7110          13          15
7120          12          14
7130          13          17
7140          12          14
7150          15          17
7160          15          19
7170          17          19
7180          16          22
7190          18          22
7200          15          15
7210          14          16
7220          14          20
7230          17          17
7240          17          21
7250          14          22
7260          13          17
7270          15          19
7280          14          20
7290          17          21
7300          13          17
7310          19          23
7320          18          22
7330          15          17
7340          13          13
7350          12          14
7360          13          13
7370          12          18
7380          15          15
7390          15          21
7400          16          20
7410          13          19
7420          14          16
7430          15          17
7440          11          17
7450          12          14
7460          15          15
7470          18          20
7480          12          18
7490          16          18
7500          14          16
7510          11          15
7520          13          13
7530          12          14
7540          11          13
7550          12          14
7560          12          14
7570          12          16
7580          14          14
7590          11          19
7600          11          15
7610          12          18
7620          16          18
7630          15          15
7640          15          17
7650          17          19
7660          14          14
7670          16          18
7680          18          18
7690          16          22
7700          15          15
7710          15          17
7720          13          13
7730          12          14
7740          12          14
7750          13          17
7760          11          11
7770          12          14
7780          13          13
7790          15          17
7800          12          16
7810          10          12
7820          12          12
7830          13          13
7840          10          14
7850          15          19
7860          16          22
7870          15          17
7880          13          13
7890          13          17
7900          16          18
7910          12          14
7920          14          16
7930          15          17
7940          14          18
7950          13          15
7960          16          18
7970          17          17
7980          14          16
7990          17          23
8000          16          16
8010          14          16
8020          15          19
8030          16          18
8040          14          16
8050          13          13
8060          13          17
8070          13          15
8080          13          17
8090          13          15
8100          15          15
8110          12          14
8120          10          10
8130          15          17
8140          12          16
8150          13          13
8160          12          14
8170           9          13
8180          15          15
8190          12          22
8200          12          18
8210          15          19
8220          16          16
8230          13          13
8240          18          22
8250          16          20
8260          17          17
8270          16          22
8280          16          20
8290          12          20
8300          17          19
8310          19          19
8320          18          22
8330          16          20
8340          14          16
8350          12          14
8360          13          13
8370          11          15
8380          12          12
8390          10          10
8400          10          12
8410          10          14
8420           9          15
8430          11          17
8440          10          20
8450          13          17
8460          14          14
8470          14          14
8480          15          17
8490          15          17
8500          13          15
8510          13          15
8520          10          12
8530          10          12
8540          11          13
8550          12          14
8560          12          12
8570          11          11
8580          11          11
8590          11          11
8600          11          13
8610          11          15
8620          11          13
8630           9          13
8640          11          17
8650          11          11
8660           9          13
8670          11          17
8680          13          15
8690          10          14
8700           7          11
8710           9           9
8720           8           8
8730           5          15
8740           7           9
8750           9          11
8760          12          14
8770          10          12
8780          12          14
8790           9          11
8800          12          12
8810          11          13
8820          10          16
8830           9          11
8840           9           9
8850          12          14
8860          11          13
8870          10          14
8880          12          16
8890           8          14
8900          10          12
8910           7           9
8920          11          13
8930          11          13
8940          12          14
8950           6          10
8960          12          12
8970          10          16
8980           7           9
8990           9           9
9000           8           8
9010          11          17
9020          13          13
9030          10          14
9040          12          12
9050          13          13
9060          11          13
9070          12          14
9080          12          16
9090          12          14
9100          12          20
9110          14          16
9120          14          14
9130          12          12
9140          15          17
9150          15          15
9160          16          18
9170          13          13
9180          15          15
9190          12          22
9200          15          15
9210          12          16
9220          12          14
9230          13          13
9240          13          21
9250          14          20
9260          14          20
9270          10          18
9280           9          13
9290           6          14
9300          12          14
9310           9          15
9320          11          19
9330          12          14
9340           9          17
9350           9          11
9360           7           7
9370           7           9
9380           8          10
9390          10          10
9400          10          12
9410           8          14
9420          12          16
9430           8          12
9440           9          11
9450          13          13
9460          12          14
9470          12          14
9480          10          16
9490          11          15
9500          10          16
9510           7           9
9520          11          11
9530          10          12
9540          10          12
9550           8          16
9560          13          13
9570          10          10
9580          12          12
9590          11          13
9600          12          14
9610          12          14
9620          11          21
9630          15          17
9640          15          19
9650          13          15
9660          15          17
9670          15          19
9680          13          17
9690          14          16
9700          11          13
9710           9           9
9720          11          13
9730          11          13
9740          10          10
9750          11          11
9760          11          11
9770          11          11
9780          11          13
9790           8          14
9800          11          13
9810          12          20
9820          14          16
9830          14          14
9840          11          17
9850          11          15
9860           8          12
9870           9          11
9880          11          13
9890          10          10
9900          11          13
9910          11          15
9920          10          16
9930          11          11
9940           8          16
9950          10          14
9960           9          11
9970          13          15
9980          13          15
9990          13          13
10000           9          13
