Time   C(t)   
ps   
0           1           1  2.0714e-10   0.0259771
10    0.745253    0.793009    -1.73238   0.0142028
20    0.715944    0.769195    -1.12146  0.00242849
30    0.696683    0.753544     1.77517  0.00169814
40    0.681981    0.741599      -1.198  0.00160975
50    0.664488    0.727385    -2.26431  0.00142858
60     0.65341    0.718383   -0.359157  0.00129802
70    0.638528    0.706291    -2.33973  0.00116656
80    0.630078    0.699426   -0.816998  0.000739485
90    0.623738    0.694274     1.31532  0.000889096
100    0.612296    0.684977     2.61208  0.000876763
110    0.606203    0.680026     1.00997  0.000762934
120    0.597038    0.672579     4.21158  0.000866386
130    0.588875    0.665947     2.53464  0.000659171
140    0.583854    0.661867    0.244921  0.000818756
150      0.5725    0.652641     2.76196  0.000801468
160    0.567825    0.648843     3.29396  0.000724232
170    0.558015    0.640872     1.54071  0.00104259
180    0.546973      0.6319   -0.362283  0.000727227
190    0.543471    0.629054      5.1983  0.000570208
200    0.535569    0.622634     2.91207  0.000608563
210    0.531299    0.619164     1.69178  0.00051634
220    0.525242    0.614243     4.96934  0.000540736
230    0.520485    0.610377     5.95918  0.00051845
240    0.514873    0.605817     5.42532  0.000599325
250    0.508498    0.600638     5.34855  0.000435957
260    0.506154    0.598733     7.47961  0.00059707
270    0.496557    0.590935      3.9005  0.000564955
280    0.494855    0.589552     4.43153  0.000325993
290    0.490037    0.585637     5.95464  0.00045398
300    0.485775    0.582174     5.11625  0.000445502
310    0.481127    0.578398     4.42997  0.000455844
320    0.476658    0.574767      6.2591  0.000272097
330    0.475685    0.573976     8.92416  0.000462468
340    0.467409    0.567251     4.65714  0.000562717
350    0.464431    0.564831      7.3992  0.000678188
360    0.453845     0.55623     3.43782  0.000645903
370    0.451513    0.554335      4.9616  0.000281109
380    0.448223    0.551662     5.72144  0.000295942
390    0.445594    0.549526      7.1683  0.000153479
400    0.445154    0.549168     8.61509  0.000263751
410    0.440319    0.545239     10.1407  0.000359696
420     0.43796    0.543323     12.7292  0.000551988
430    0.429279    0.536269     9.91125  0.000399499
440     0.42997     0.53683     9.29854  0.000209007
450    0.425099    0.532873     8.76602  0.000434792
460    0.421274    0.529765     9.37471  0.000454986
470    0.415999    0.525479     8.91888  0.000600173
480     0.40927    0.520012     9.52787  0.000408731
490    0.407825    0.518837     7.85116  0.000419521
500     0.40088    0.513194      6.2524  0.000420111
510    0.399422     0.51201     7.69934  0.000372973
520    0.393421    0.507133     10.1398  0.000354183
530    0.392339    0.506254     8.46186  0.000374551
540    0.385929    0.501046     8.38547  0.000375068
550    0.384837    0.500159     9.75623  0.000259714
560    0.380735    0.496826     9.75683  0.000362074
570    0.377596    0.494275     13.5678  0.000353174
580    0.373672    0.491086     10.0604  0.000451227
590    0.368571    0.486942     7.46956  0.000330335
600    0.367065    0.485718       8.841     0.00038
610    0.360971    0.480767      8.9946  0.000356142
620    0.359942    0.479931     7.69658  0.00031808
630     0.35461    0.475598      5.4114  0.000303854
640    0.353865    0.474993     6.78202  0.00027535
650    0.349103    0.471123     8.38189  0.00045225
660     0.34482    0.467643     9.29757  0.000227451
670    0.344554    0.467427     9.29623  0.000174107
680    0.341338    0.464814     8.38085  0.000105463
690    0.342444    0.465713     10.0563  0.000248721
700    0.336364    0.460772     6.78113  0.000411545
710    0.334213    0.459025     9.06549  0.000289267
720    0.330578    0.456071     7.16079  0.000270051
730    0.328812    0.454637     6.85476  0.00014215
740    0.327735    0.453761     6.39596  0.00034053
750    0.322002    0.449103     8.45531  0.000474826
760    0.318239    0.446045     5.93916  0.000292395
770    0.316154    0.444351     6.01667  0.000139153
780    0.315456    0.443784     5.40664  0.000159408
790    0.312966    0.441761     5.25318  0.000204451
800    0.311367    0.440461      2.8135  0.000414237
810    0.304681    0.435029     2.89161  0.000499682
820    0.301373    0.432341     3.65271  0.000156364
830    0.301554    0.432488     5.25326  -1.30937e-05
840    0.301635    0.432554     4.56579  0.000242129
850    0.296711    0.428553      5.9373  0.000538006
860    0.290875    0.423811     6.31919  0.000478938
870    0.287132     0.42077     8.68226  0.000369628
880    0.283482    0.417804     7.53822  0.000350353
890    0.280125    0.415077     8.52902  0.000270611
900     0.27807    0.413407     7.30963  0.000236005
910    0.275405    0.411241     5.17418  0.000196145
920    0.274147    0.410219     8.14482  0.000120915
930    0.272987    0.409276      4.0288  0.000116138
940    0.271824    0.408332     5.17121  0.000263134
950    0.267724       0.405     5.17143  0.000334479
960    0.265135    0.402896     4.18144  0.000269386
970    0.262337    0.400623     3.80066  0.000269973
980    0.259735    0.398509     6.16239  0.000351898
990    0.255299    0.394904     5.47678  0.000327131
1000    0.253193    0.393193     4.18047  0.000180265
1010    0.251693    0.391975     4.33296  0.000236797
1020    0.248457    0.389345     8.29634  0.000339334
1030    0.244907     0.38646     8.90623  0.000273634
1040    0.242984    0.384898     4.56281  0.000289691
1050    0.239113    0.381753     4.10624  0.000213385
1060    0.238716     0.38143      6.0099  0.000239705
1070    0.234319    0.377857     7.61185  0.000229753
1080    0.234121    0.377697     7.15431  -0.000103594
1090    0.236391    0.379541     6.84591  0.000215341
1100    0.229814    0.374197     7.99003  0.00050896
1110    0.226211     0.37127     9.66704  0.000396805
1120    0.221878    0.367749     9.74336  0.000284073
1130     0.22053    0.366653      8.4469  7.8135e-05
1140    0.220316    0.366479     8.59887  0.000114601
1150    0.218238    0.364791     9.74046  0.00024946
1160    0.215326    0.362425     10.6556  0.000275906
1170     0.21272    0.360307     13.1693  0.000177884
1180    0.211769    0.359535     11.2642  0.000214775
1190    0.208424    0.356817     12.9403  0.000157874
1200    0.208611    0.356969     10.8818  0.000106332
1210    0.206298    0.355089     10.0433  0.000278573
1220     0.20304    0.352442     13.0918  0.00028437
1230     0.20061    0.350468     12.4829  0.000164824
1240    0.199743    0.349763     11.7204  0.000160068
1250    0.197409    0.347867     11.5671  0.000322768
1260    0.193288    0.344518     11.4146  0.000166035
1270    0.194088    0.345168     9.96576  0.000145695
1280    0.190374    0.342151       8.595  0.000214115
1290    0.189806    0.341689     9.28038  8.31991e-05
1300     0.18871    0.340799     10.4986  0.000246727
1310    0.184871    0.337679     8.51845  0.000305179
1320    0.182607    0.335839     9.12678  0.000258432
1330    0.179703     0.33348     7.98504  0.000306571
1340    0.176475    0.330857     6.46089  0.000164326
1350    0.176416    0.330809     6.00216  2.17773e-05
1360     0.17604    0.330503     6.07751  0.000170387
1370    0.173008     0.32804       7.373  0.00030345
1380    0.169971    0.325572     6.45858  0.000203096
1390    0.168947     0.32474     8.89819  9.71876e-05
1400    0.168027    0.323993     8.51607  0.000204045
1410    0.164866    0.321424     8.43983  0.000236419
1420    0.163298    0.320151      11.107  8.20972e-05
1430    0.163224     0.32009     8.05734  0.00010912
1440    0.161116    0.318377     8.89559  0.000280652
1450    0.157611    0.315529     5.84759  0.000168617
1460    0.157744    0.315637       6.532  0.000115538
1470      0.1553    0.313652     6.53252  9.41619e-05
1480     0.15586    0.314107     7.06527  8.91812e-05
1490    0.153516    0.312202     5.38878  0.000223902
1500    0.151382    0.310468     5.99896  0.00020826
1510    0.149351    0.308818     8.20812  0.000214171
1520    0.147099    0.306988     6.75984  0.000220057
1530     0.14495    0.305242     10.2644  0.000236824
1540    0.142362     0.30314     10.1132  9.10349e-05
1550    0.143129    0.303763     6.98798  0.000210825
1560    0.138146    0.299713     9.50294  0.000210984
1570     0.13891    0.300334     9.27324  8.67255e-05
1580    0.136411    0.298304     7.90217  0.000293662
1590    0.133036    0.295562     7.59667  0.000239791
1600    0.131616    0.294407     6.22419  0.000153144
1610    0.129973    0.293073     6.83304  5.94333e-06
1620    0.131497    0.294311     8.05191  6.0869e-05
1630    0.128756    0.292084     7.36548  0.000247006
1640    0.126557    0.290297     9.65096  0.000280535
1650    0.123145    0.287525     8.27997  0.000138367
1660    0.123789    0.288048     7.44039  5.64773e-05
1670    0.122016    0.286607      6.9066  0.000216099
1680    0.119467    0.284536     5.91721  0.000266165
1690    0.116693    0.282282     4.31622  0.000222646
1700    0.115014    0.280918     3.85964  1.33343e-05
1710    0.116426    0.282065     4.84941  0.000135234
1720     0.11231    0.278721     3.02065  0.000245981
1730    0.111506    0.278068     2.79169  0.000180242
1740    0.108705    0.275792     3.32608  0.000180558
1750    0.107895    0.275134     3.40068  0.000170003
1760    0.105305    0.273029      4.5445  0.000142486
1770    0.105045    0.272818      5.0022  6.4972e-05
1780    0.104005    0.271973     5.15349  0.00015991
1790    0.101847    0.270219     6.75486  0.00017141
1800    0.100577    0.269188     4.84852  0.000132731
1810   0.0991925    0.268062     3.47641  2.66742e-05
1820    0.100044    0.268754     3.47626  -9.08226e-05
1830    0.101009    0.269538     2.86556  0.000161511
1840   0.0968135    0.266129     3.09429  0.000341395
1850   0.0941811     0.26399     4.08547  0.000257945
1860   0.0916546    0.261938     3.40009  0.000100863
1870   0.0921638    0.262351     3.55228  9.56528e-05
1880   0.0897416    0.260383     2.94329  0.000157821
1890   0.0890074    0.259787     3.78005  -1.12914e-05
1900   0.0899674    0.260567     4.46573  2.2753e-05
1910   0.0885523    0.259417     5.45661  2.83211e-05
1920    0.089401    0.260106     4.00722  7.96065e-05
1930   0.0869602    0.258123     4.84539  0.000136426
1940   0.0866724    0.257889     6.44474  -1.10179e-05
1950   0.0871806    0.258302     5.14895  0.000120009
1960   0.0842722    0.255939     4.38673  0.000262678
1970    0.081927    0.254034     4.76795  0.000137734
1980   0.0815176    0.253701     3.70142  5.81626e-05
1990   0.0807637    0.253088     2.48166   0.0002243
2000   0.0770316    0.250056     1.72003  0.000173088
2010    0.077302    0.250276     1.71951  7.35037e-06
2020   0.0768846    0.249936     2.25277  0.000110743
2030   0.0750871    0.248476     3.24388  7.6421e-05
2040   0.0753561    0.248695     3.47187  0.000134351
2050   0.0724001    0.246293     4.15792  0.000197929
2060   0.0713976    0.245478     3.39555  0.000146578
2070   0.0694685    0.243911     4.23454  8.32777e-05
2080    0.069732    0.244125     2.40548  -2.05845e-05
2090   0.0698802    0.244245     3.77551  1.4146e-05
2100   0.0694491    0.243895     1.33672  0.000147641
2110   0.0669274    0.241846    0.956983  0.000147879
2120   0.0664915    0.241492   -0.263825  4.94633e-05
2130   0.0659381    0.241042     3.24202  -2.61609e-05
2140   0.0670147    0.241917     2.40362  -0.000142799
2150   0.0687941    0.243363    0.801667  0.000137262
2160   0.0642695    0.239686     1.48943  0.000295126
2170   0.0628916    0.238567    0.955571  5.59773e-05
2180   0.0631499    0.238777     1.41162  0.000103138
2190   0.0608288    0.236891     1.79352  0.00022066
2200   0.0587367    0.235191     2.86072  0.000115423
2210   0.0585203    0.235015    0.726018  2.75463e-05
2220   0.0581858    0.234743     3.23964  8.65469e-05
2230   0.0567894    0.233608     1.71646  -1.36195e-05
2240   0.0584582    0.234964    0.190593  -0.000108005
2250   0.0589495    0.235364     1.02958  0.000181556
2260   0.0548271    0.232014     2.32567  0.00020543
2270   0.0548409    0.232025     4.00223  6.38613e-05
2280   0.0535498    0.230976     2.02054  3.42363e-05
2290   0.0541562    0.231469     2.85767  4.03965e-05
2300   0.0527419     0.23032      2.2486  0.000129704
2310   0.0515621    0.229361     2.85849  0.000136017
2320   0.0500215    0.228109      3.6974  2.88751e-05
2330   0.0509846    0.228892     3.46822  -8.44782e-05
2340   0.0517111    0.229482     3.01008  9.48818e-05
2350    0.049087     0.22735     4.00104  0.000100899
2360   0.0496931    0.227842     1.40932  5.33946e-06
2370   0.0489802    0.227263     2.85626  9.54229e-05
2380   0.0477847    0.226292     2.01846  9.56375e-05
2390   0.0470674    0.225709      2.6273  0.000120024
2400   0.0453842    0.224341     2.17072  0.000132346
2410   0.0444205    0.223558     1.48392  0.00015691
2420    0.042246    0.221791     1.63738  0.000163294
2430   0.0411546    0.220905     3.16101  6.08144e-05
2440   0.0410297    0.220803     4.98917  0.00012776
2450   0.0385994    0.218828     3.46584  0.000164392
2460   0.0377419    0.218132     3.38974  3.11388e-05
2470   0.0379766    0.218322      2.6273  6.7829e-05
2480   0.0363853    0.217029     4.83772  0.000153253
2490   0.0349116    0.215832     5.21828  0.000141464
2500    0.033556     0.21473     4.98992  -0.000133292
2510   0.0375774    0.217998     5.29348  5.65084e-05
2520   0.0324258    0.213812     2.85559  0.000160263
2530   0.0343722    0.215394     5.52229  -4.58397e-06
2540   0.0325175    0.213887     5.21828  7.44741e-06
2550   0.0342232    0.215273      2.7022  -2.30687e-05
2560   0.0329789    0.214262     3.54008  3.21412e-05
2570   0.0335804     0.21475     2.62529  8.79011e-05
2580   0.0312209    0.212833     2.54971  0.000155924
2590   0.0304619    0.212216     1.17746  0.000119315
2600   0.0288346    0.210894     2.70205  -4.77348e-05
2610   0.0314166    0.212992     2.31949  3.92988e-05
2620   0.0280486    0.210255     2.70153  0.000237837
2630   0.0266599    0.209127     2.92975  -4.0493e-06
2640   0.0281296    0.210321      1.7866  8.60021e-06
2650   0.0264879    0.208987    0.642405  2.08892e-05
2660   0.0277118    0.209982     3.53807   8.645e-06
2670    0.026315    0.208847     2.39544  0.000102334
2680   0.0256651    0.208319     3.00525  5.25462e-05
2690   0.0252641    0.207993     2.93004  -1.63016e-05
2700   0.0259911    0.208584     3.53777  5.28331e-05
2710   0.0242074    0.207134    0.566458  0.000103132
2720   0.0239285    0.206908     0.56564  2.79286e-05
2730   0.0236488    0.206681  -0.0432763  0.000154164
2740   0.0208452    0.204402    0.261405  0.000148098
2750   0.0206869    0.204274   -0.881967  6.64591e-05
2760    0.019516    0.203322    0.870916  6.65727e-05
2770   0.0193554    0.203192   -0.577361  -2.94708e-06
2780    0.019575     0.20337   -0.273053  2.24847e-05
2790   0.0189057    0.202827   -0.273201  0.000156059
2800   0.0164538    0.200834   -0.120562  2.8973e-05
2810   0.0183263    0.202356    0.335641  -5.99414e-05
2820   0.0176526    0.201808    0.412406  2.91362e-05
2830   0.0177435    0.201882   -0.121679  2.9272e-05
2840   0.0170672    0.201333    0.336013  0.000138189
2850   0.0149798    0.199637     1.47924  0.000106405
2860   0.0149391    0.199604     0.18397  -7.94202e-05
2870   0.0165682    0.200927    -1.64568  -2.16383e-05
2880   0.0153719    0.199955    -1.18799  2.31907e-05
2890   0.0161044     0.20055    -1.41642  7.49922e-05
2900    0.013872    0.198737    -1.79742  0.000158959
2910   0.0129252    0.197967    -1.87307  -0.000176849
2920    0.017409     0.20161    -2.02698  -0.000176963
2930   0.0164644    0.200843    -1.11264  -2.86594e-05
2940   0.0179822    0.202076    -2.63761  3.91174e-06
2950   0.0163862    0.200779    -2.25593  6.22465e-05
2960   0.0167373    0.201065    -2.10419  8.21078e-05
2970   0.0147441    0.199445    -2.17924  3.89712e-06
2980   0.0166593    0.201001     -2.4082  8.25782e-05
2990   0.0130925    0.198103    -2.56017  0.000213264
3000    0.012394    0.197536     -1.0358  4.37397e-05
3010   0.0122177    0.197392   -0.654722  -0.000100438
3020   0.0144028    0.199168    -2.40902  -5.45643e-05
3030    0.013309    0.198279   -0.274392  5.03188e-05
3040   0.0133964     0.19835  -0.0461783  6.37247e-05
3050   0.0120345    0.197243     -2.0269  -2.1973e-05
3060   0.0138359    0.198707    -2.33278  -0.00010111
3070   0.0140567    0.198887    -2.02869  -0.000101523
3080   0.0158663    0.200357    -2.25765  5.07351e-05
3090    0.013042    0.198062    -1.49468  5.05462e-05
3100   0.0148554    0.199536    -1.57182  -0.000155019
3110   0.0161424    0.200581    -1.57286  -4.90048e-05
3120   0.0158355    0.200332    -1.03989  0.000177379
3130   0.0125948    0.197699    -2.71467  0.000251121
3140   0.0108131    0.196251    -2.41014  6.47664e-05
3150   0.0112995    0.196646    -2.18222  9.18936e-05
3160  0.00897523    0.194758    -2.71459  8.52557e-05
3170  0.00959434    0.195261    -0.96238  -3.51432e-05
3180  0.00967809    0.195329   -0.658294  -8.38921e-06
3190  0.00976212    0.195397  -0.0489319    7.24e-05
3200  0.00823009    0.194152    -1.87843  5.90088e-05
3210  0.00858195    0.194438     -2.5633  -6.90146e-05
3220  0.00961039    0.195274    -1.80211  5.23948e-06
3230  0.00847716    0.194353   -0.658815  0.000113489
3240  0.00734061     0.19343    -1.26922  6.63298e-05
3250  0.00715056    0.193275     -1.5739  -4.21121e-05
3260  0.00818285    0.194114    -3.09887  -2.85375e-05
3270  0.00772131    0.193739    -1.04086  -1.51078e-05
3280  0.00848501    0.194359    -2.71764  5.31907e-05
3290   0.0066575    0.192874    -2.94593  0.000230868
3300  0.00386764    0.190608    -2.03137  3.98188e-05
3310  0.00586112    0.192227    -1.42238  -8.41764e-07
3320  0.00388448    0.190621    -0.96424  0.000239164
3330  0.00107784    0.188341    -1.80248  0.000116054
3340  0.00156339    0.188735   -0.050123  -0.000110603
3350  0.00328991    0.190138   -0.964017  -7.63603e-05
3360   0.0030906    0.189976     -1.4226  0.000171925
3370  -0.000148602    0.187344  -0.0501982  -3.53193e-05
3380  0.00379698     0.19055   -0.203357  -0.000152668
3390  0.00290477    0.189825   -0.507442  1.30391e-05
3400   0.0035362    0.190338   -0.965878  8.96415e-05
3410  0.00111194    0.188368     -1.4223  0.000110555
3420  0.00132511    0.188542    -2.41334  4.13877e-05
3430  0.000284183    0.187696    -1.72751  -5.63139e-05
3440  0.00245139    0.189457    -1.57494  -3.07179e-07
3450  0.000290326    0.187701    -1.04168  2.03674e-05
3460  0.00204404    0.189126   -0.585398  -4.23899e-05
3470  0.00113812     0.18839   -0.813017  6.44161e-06
3480  0.00191521    0.189021    -1.04212  -1.45126e-05
3490  0.00142838    0.188626    -1.95624  6.2849e-05
3500  0.000658227       0.188    -1.34636  3.47957e-05
3510  0.000732464     0.18806   -0.279825  -7.43559e-06
3520  0.000806939    0.188121     -1.0422  9.16322e-05
3530  -0.00110018    0.186571      -1.118  4.21405e-05
3540  -3.58713e-05    0.187436   -0.584729  -0.000184703
3550  0.00259388    0.189573  -0.0526527  -2.87117e-05
3560  0.000538363    0.187902    0.404815  0.000127529
3570  4.32986e-05      0.1875    0.404889  0.00015658
3580  -0.00259324    0.185358  -0.0514629  -2.77837e-07
3590  4.88554e-05    0.187505    0.862804  -9.28894e-05
3600  -0.000735453    0.186867   -0.661643  -0.00011495
3610  0.00234786    0.189373   -0.586441  7.02021e-06
3620  -0.000875857    0.186753     1.16615  0.000135957
3630  -0.000371275    0.187163    0.100059  -4.33399e-05
3640  -9.05952e-06    0.187458    0.633251  -3.62729e-05
3650  0.000354183    0.187753     1.01425  4.30703e-05
3660  -0.000870465    0.186758   -0.891643  1.41385e-05
3670  7.14125e-05    0.187523   0.0224746  -0.000116075
3680  0.00145103    0.188644    0.784476  1.42275e-05
3690  -0.000213137    0.187292   -0.662909  -5.13917e-05
3700  0.00247886    0.189479    -0.35927  -9.4892e-05
3710   0.0016847    0.188834    0.174443  0.000130587
3720  -0.000132885    0.187357     1.08931  4.32766e-05
3730  0.000819171    0.188131    0.936369  1.43769e-05
3740  -0.000420424    0.187123   0.0228467  2.15705e-05
3750  0.000387762     0.18778   -0.587408  5.85026e-05
3760  -0.00159048    0.186173   -0.968185  2.90666e-05
3770  -0.000193569    0.187308   -0.359344  -5.1564e-05
3780  -0.000559196    0.187011    -1.42588  -2.23737e-05
3790  0.000253905    0.187671    -1.04517  -5.18923e-05
3800  0.000478651    0.187854     1.08849  -3.73164e-05
3810  0.00100023    0.188278    0.478455  2.9282e-05
3820  -0.00010699    0.187378    -1.35015  0.000274186
3830  -0.00448349    0.183822   -0.586888  0.000103815
3840  -0.00218329    0.185691    -0.13046  -0.000118693
3850  -0.00210962    0.185751     0.25039  -3.72183e-05
3860  -0.00143892    0.186296   -0.359121  -0.000112005
3870  0.000130483    0.187571    -1.19841  8.22609e-05
3880  -0.00308414    0.184959    0.631242  5.96553e-05
3890  -0.00106262    0.186602    0.782615  -7.48529e-05
3900  -0.00158708    0.186175    0.554401  -1.07283e-07
3910  -0.00106048    0.186603   -0.132247  -9.79455e-05
3920  0.000371825    0.187767   -0.361354  5.27011e-05
3930  -0.0021145    0.185747    0.172434  0.000158353
3940  -0.00279523    0.185194   -0.818375  0.000113603
3950  -0.00438657    0.183901    0.400796  3.05044e-05
3960  -0.00340531    0.184698    0.171988  -7.55039e-05
3970  -0.00287649    0.185128   -0.894843  1.54901e-05
3980  -0.00371512    0.184446    -1.12343  6.8767e-05
3990  -0.00425183     0.18401    -1.73346  0.000107187
4000  -0.00585887    0.182704   -0.742056  3.10032e-05
4010  -0.00487189    0.183506   -0.589939  -0.000175449
4020  -0.00234988    0.185556   -0.819416  -0.000114541
4030  -0.00258108    0.185368    -0.51414  -2.29486e-05
4040  -0.00189091    0.185929   -0.819788  -7.55388e-06
4050    -0.00243    0.185491    -1.27703  1.54479e-05
4060  -0.00219987    0.185678   -0.819342  7.83813e-06
4070  -0.00258677    0.185363   -0.667449  -3.08684e-05
4080  -0.0015825    0.186179   0.0186789  2.33869e-05
4090  -0.00305451    0.184983    -1.88647  0.00020179
4100  -0.00561829      0.1829      -2.572  0.000140178
4110  -0.00585806    0.182705    -1.65811  -0.000170687
4120  -0.00220456    0.185674     -2.4968  -0.000108522
4130  -0.00368763    0.184469    -2.72434  0.000250158
4140  -0.00720773    0.181608    -1.65714  0.000203868
4150  -0.00776498    0.181156   -0.818896  -2.25874e-05
4160  -0.00675598    0.181976    -1.58179  -0.000156065
4170  -0.00464368    0.183692    -1.58261  7.95477e-05
4180  -0.00834693    0.180683    -1.12417  7.93221e-05
4190  -0.00623012    0.182403   -0.591501  3.27252e-05
4200  -0.00900144    0.180151    -1.20057  -7.13391e-06
4210  -0.00608744    0.182519    -1.27808  -0.000109671
4220  -0.00680801    0.181933   -0.134182  -3.09922e-05
4230  -0.0054676    0.183022   -0.896927  -3.09197e-05
4240  -0.00618961    0.182436    -1.50659  0.000112152
4250  -0.00771064      0.1812   -0.743767  0.000200235
4260  -0.0101943    0.179182   -0.819714  0.000112932
4270  -0.00996928    0.179365    -1.04875  -3.85552e-05
4280  -0.0094232    0.179808   -0.819937  9.76851e-05
4290   -0.011923    0.177777   -0.896182  0.000242382
4300  -0.0142708    0.175869   0.0188284  -6.25732e-06
4310  -0.0117978    0.177879    0.323212  -0.000110672
4320  -0.0120574    0.177668    0.780159  1.77338e-06
4330  -0.0118333     0.17785    0.780307  5.0372e-05
4340  -0.0130648    0.176849     2.38055  0.000147685
4350   -0.014787     0.17545    0.474808  5.07269e-05
4360  -0.0140794    0.176025    0.551351  2.31713e-06
4370  -0.0148333    0.175412    0.856255  3.47911e-05
4380  -0.0147752     0.17546     1.99948  -3.848e-05
4390  -0.0140637    0.176038    0.399159  -2.22068e-05
4400  -0.0143311    0.175821     1.08462  4.31666e-05
4410  -0.0149271    0.175336    0.779787  -5.94831e-06
4420  -0.0142121    0.175917    0.169829  -5.85201e-06
4430    -0.01481    0.175431   -0.287862  0.000117557
4440  -0.0165632    0.174007    0.703468  0.000200391
4450  -0.0188179    0.172175    -1.20153  0.000151468
4460  -0.0195926    0.171545   -0.286374  -8.80047e-05
4470  -0.0170578    0.173605   -0.821352  -0.000129502
4480  -0.0170026     0.17365   -0.668043  1.10915e-05
4490  -0.0172796    0.173425   -0.516596  -0.00010547
4500  -0.0148932    0.175364  -0.0597979  6.12186e-05
4510   -0.018504     0.17243   -0.820607  0.000152822
4520  -0.0179496     0.17288    0.551052  -0.000156008
4530  -0.0153838    0.174965   -0.135596  -3.05841e-05
4540  -0.0173379    0.173377    0.169754  0.000111743
4550  -0.0176187    0.173149    0.093138  3.65471e-05
4560  -0.0180689    0.172783   -0.592469  0.000146303
4570  -0.0205447    0.170772   0.0942547  2.83568e-05
4580   -0.018636    0.172323      0.7025  -8.96388e-05
4590   -0.018752    0.172228    0.398563  1.16133e-05
4600  -0.0188683    0.172134    0.932574  1.16526e-05
4610   -0.018985    0.172039    0.855511  2.02078e-05
4620  -0.0192724    0.171806    0.398117  0.000114078
4630  -0.0212666    0.170185    0.627373  6.30829e-05
4640  -0.0205341     0.17078   -0.440278  -0.00011619
4650  -0.0189428    0.172073    0.550011  -7.36682e-05
4660  -0.0190607    0.171978    0.626403  3.75961e-05
4670  -0.0196947    0.171462    0.321575  5.49063e-05
4680  -0.0201588    0.171085      1.0835  -9.14847e-05
4690   -0.017865    0.172949    0.397521  -0.000117495
4700  -0.0178089    0.172995    0.778745  6.36441e-05
4710  -0.0191379    0.171915    0.397149  9.84571e-05
4720  -0.0197781    0.171395    0.626256  -1.40753e-05
4730  -0.0188564    0.172144     1.53993  -2.26928e-05
4740  -0.0193242    0.171763    0.549267  1.19855e-05
4750  -0.0190961    0.171949     1.15922  -7.53013e-05
4760  -0.0178182    0.172987    0.472501  5.58536e-05
4770  -0.0202131    0.171041    0.701682  0.000204865
4780  -0.0219155    0.169658     0.70198  -3.1611e-05
4790  -0.0195809    0.171555    0.473171  -2.25425e-05
4800  -0.0214647    0.170024     0.62581  -3.18569e-05
4810  -0.0189438    0.172073   -0.517564  7.45365e-05
4820  -0.0229554    0.168813     1.38915  0.000207059
4830  -0.0230849    0.168708   0.0930638  -0.000102389
4840  -0.0209076    0.170477     1.00726  -8.47762e-05
4850  -0.0213894    0.170085     1.00666  5.71878e-05
4860  -0.0220514    0.169548     1.31223  3.83109e-06
4870   -0.021466    0.170023   -0.212213  8.44644e-05
4880  -0.0237406    0.168175     1.38833  0.00012037
4890  -0.0238734    0.168067     1.54022  -0.000130379
4900  -0.0211331    0.170294     1.08283  -0.000148609
4910  -0.0209013    0.170482     1.23465  6.69231e-05
4920  -0.0224715    0.169206    0.244363  3.99123e-05
4930  -0.0216995    0.169833   -0.441914  0.000103654
4940  -0.0245446    0.167522     1.23562  0.000149051
4950  -0.0246805    0.167411    0.930044  -4.09045e-05
4960  -0.0237265    0.168186    0.320682  4.09751e-05
4970     -0.0255    0.166745   -0.822393  2.26241e-05
4980   -0.024179    0.167819     1.46361  5.04517e-05
4990  -0.0265091    0.165925     1.84535  7.82793e-05
