Time   C(t)   
ps   
0           1           1  4.14991e-10   0.0413345
10    0.594116    0.673311   -0.402639   0.0226992
20    0.546015    0.634596     4.14893  0.00406398
30    0.512836     0.60789      2.4428  0.00297907
40    0.486434    0.586639     1.03439  0.00251583
50     0.46252    0.567391    0.949574  0.00198605
60    0.446713    0.554669     -1.5641   0.0016915
70     0.42869    0.540162    -3.22724   0.0017105
80    0.412503    0.527134    -1.22743  0.00141967
90    0.400296    0.517309   0.0880742  0.00116715
100     0.38916    0.508345     2.21419  0.00110175
110    0.378261    0.499573   0.0430088  0.00111703
120    0.366819    0.490364     1.99896  0.00109045
130    0.356452    0.482019    0.934698  0.00113726
140    0.344074    0.472056     2.12431  0.00102678
150    0.335917    0.465491     2.80289  0.000690629
160    0.330261    0.460939    0.716393  0.000705348
170     0.32181    0.454136     1.56709  0.000859121
180    0.313079    0.447109     2.75757  0.000663464
190    0.308541    0.443456     1.22448  0.000420068
200    0.304678    0.440347     2.92504  0.000552835
210    0.297484    0.434557     2.75604   0.0005459
220     0.29376    0.431559   0.0296698  0.000452024
230    0.288443     0.42728     3.81486  0.000627418
240    0.281211    0.421459     1.17712  0.000559795
250    0.277247    0.418269     2.66561  0.000502786
260    0.271156    0.413366     3.26142  0.000498414
270    0.267279    0.410245     2.66433  0.000560625
280    0.259943    0.404341     1.26036  0.000513759
290    0.257004    0.401975     1.34297  0.000477834
300    0.250386    0.396649     2.49275  0.000558537
310    0.245833    0.392984     4.53385  0.000466427
320    0.241058     0.38914     3.42718  0.000438001
330    0.237073    0.385933     5.29852  0.000441622
340    0.232225    0.382031     5.72379  0.00042913
350    0.228491    0.379025     3.29618  0.000414044
360    0.223945    0.375366     2.91378  0.000339776
370    0.221695    0.373556     2.65689  0.000276173
380    0.218421     0.37092      4.5711  0.000333136
390    0.215032    0.368193     4.44367  0.000339205
400    0.211637     0.36546      4.3155  0.000420665
410    0.206619    0.361421     1.80507  0.000464588
420    0.202345    0.357981     1.25304  0.000279455
430     0.20103    0.356923    0.187409  0.000312588
440    0.196093    0.352949    0.654581  0.000210339
450    0.196823    0.353537    -1.68647  0.000230041
460    0.191493    0.349246    -1.51614  0.000284376
470    0.191136    0.348959   -0.708851  0.000260808
480    0.186276    0.345048      1.8444  0.000394168
490    0.183252    0.342614    -1.00769  0.000337998
500    0.179517    0.339607    -2.49622  0.000322332
510    0.176806    0.337425    0.439269  0.000192418
520    0.175668    0.336509     -1.0935  0.000179245
530    0.173221    0.334539    -1.56337  0.000381466
540    0.168039    0.330369    -0.54118  0.000330289
550    0.166615    0.329223    -2.28789  0.000188948
560     0.16426    0.327327     -2.6722  0.000301506
570    0.160585    0.324369    -2.84245  0.000302119
580    0.158218    0.322464    -1.31089  0.000280877
590    0.154967    0.319848   -0.969063  0.000223767
600    0.153742    0.318861   -0.587617  0.000119882
610     0.15257    0.317918   0.0932887  0.000202668
620    0.149689    0.315599    -1.73723  0.000260895
630    0.147352    0.313718   -0.461064  0.000184266
640    0.146003    0.312633    -0.46044  7.42488e-05
650    0.145867    0.312523   -0.929857  0.00017124
660    0.142579    0.309876    -0.71712  0.000163107
670    0.142605    0.309897    -1.69657  2.51733e-05
680    0.142075    0.309471    0.344193  0.000252575
690    0.137553    0.305831    -2.88926  0.000255643
700    0.136962    0.305356     -2.8471  0.000150837
710    0.134536    0.303403    -2.50681  8.42802e-05
720    0.135277    0.303999    -2.59262  6.79344e-05
730    0.133178     0.30231    -2.04035  0.000221273
740    0.130851    0.300437    -1.61517  0.000266378
750     0.12785    0.298021   -0.805797  0.000157932
760    0.127693    0.297895    -2.04043  4.9381e-05
770    0.126863    0.297227    -1.78458  -0.000101729
780    0.129727    0.299532   -0.297257  2.43634e-05
790    0.126375    0.296834    0.129213  0.000212072
800    0.125486    0.296118    0.469375  0.000229511
810    0.121785     0.29314  -0.0826919  0.000159593
820    0.122294    0.293549     1.15082  3.9104e-05
830    0.121003     0.29251    -0.50937  0.000126454
840    0.119765    0.291514     1.74571  0.000154943
850    0.117904    0.290016   -0.595512  0.000242793
860    0.114909    0.287605    0.852068  0.00016693
870    0.114566    0.287329    0.510534  0.000124967
880     0.11241    0.285594    0.893642  0.000184681
890    0.110872    0.284356  -0.0418655  2.62614e-05
900    0.111884    0.285171    -1.91616  -5.87448e-05
910    0.112047    0.285302   -0.938042  -7.75345e-06
920    0.112039    0.285296    0.934885  7.76101e-05
930    0.110495    0.284052   -0.470039  8.05538e-05
940    0.110428    0.283999   -0.256389  -1.90429e-05
950    0.110876    0.284359    -2.34276  -1.92523e-06
960    0.110467     0.28403    -1.40725  9.23842e-05
970    0.109028    0.282872   -0.343237  7.82266e-05
980    0.108902    0.282771    -3.27939  4.69279e-05
990    0.108089    0.282116     -1.3219  9.86435e-05
1000     0.10693    0.281183    -2.04542  1.8432e-05
1010    0.107721    0.281819    -1.53567  6.16997e-05
1020    0.105696     0.28019     -1.4504  0.000219975
1030    0.103321    0.278278    -1.02439  0.000128241
1040    0.103131    0.278125    -1.28016  0.000157515
1050    0.100171    0.275743   -0.683565  0.000146144
1060    0.100208    0.275773    -2.68512  -7.30522e-05
1070    0.101632    0.276919    -3.92038  0.000103405
1080   0.0981397    0.274108    -1.74899  0.000210537
1090   0.0974212     0.27353    -2.17446  0.000121257
1100   0.0957146    0.272156  -0.0469352  0.000130185
1110   0.0948175    0.271434   -0.514814  0.000156678
1120    0.092581    0.269634   -0.684563  0.000107487
1130   0.0926677    0.269704    -1.11236  0.000136994
1140   0.0898412    0.267429     1.27097  0.000180893
1150   0.0890499    0.266792    0.334344  0.00012596
1160    0.087322    0.265401    0.716954  0.000134961
1170   0.0863506    0.264619    0.333014  0.000278692
1180   0.0817481    0.260915   -0.091461  0.00031135
1190   0.0801236    0.259607    0.120444  0.000147969
1200   0.0787887    0.258533    0.163017  -3.9639e-05
1210   0.0809164    0.260245     1.01218  4.86698e-05
1220   0.0778153    0.257749   -0.519842  0.000289856
1230   0.0751193    0.255579  -0.00806175  0.000193301
1240   0.0739493    0.254638    -0.60428  0.000102379
1250   0.0730717    0.253931    0.416954  4.35513e-05
1260   0.0730783    0.253936    -1.71112  2.30066e-05
1270   0.0726116    0.253561    0.884999  0.000111825
1280   0.0708418    0.252136    0.545086  8.53136e-05
1290   0.0709053    0.252187     2.03229  8.2672e-05
1300   0.0691884    0.250806    0.842384  0.000103575
1310   0.0688338     0.25052     1.64972  -4.47988e-05
1320   0.0700843    0.251527     2.54299  7.42596e-05
1330   0.0673486    0.249325     3.18186  0.000154661
1340   0.0669911    0.249037     2.50108  0.000152207
1350   0.0643045    0.246875     1.56412  0.000128523
1360   0.0644207    0.246968     2.03279  6.91488e-05
1370   0.0629215    0.245761    0.798483  0.000138081
1380    0.061659    0.244745    0.414045  0.000159408
1390   0.0597333    0.243195   -0.946602  0.000162756
1400   0.0584039    0.242125      2.1598  -1.41406e-05
1410   0.0600161    0.243423      3.4363  -5.30975e-05
1420   0.0594659     0.24298     1.35113  0.000100258
1430    0.058011    0.241809     3.26671  9.43853e-05
1440   0.0575782    0.241461      3.2668  1.31594e-05
1450   0.0577478    0.241597      2.3293  -1.69797e-05
1460   0.0579178    0.241734     3.39298  9.79694e-05
1470   0.0557884     0.24002     2.49996  0.000195021
1480   0.0540173    0.238595     3.69131  -4.69964e-06
1490   0.0558824    0.240096     2.83979  -0.000107761
1500   0.0561726    0.240329    0.541637  7.43046e-06
1510   0.0557338    0.239976     2.49942  8.9593e-05
1520   0.0543807    0.238887      1.4347  0.000111078
1530   0.0535122    0.238188     1.09466  7.47452e-05
1540   0.0528858    0.237684     1.90204  7.74134e-06
1550   0.0533574    0.238063     1.09287  1.71531e-06
1560   0.0528515    0.237656     2.02967  9.04733e-05
1570   0.0515479    0.236607     1.22084  0.000161153
1580   0.0496284    0.235062     2.49684  7.24636e-05
1590   0.0500987    0.235441      1.7734  -7.11456e-06
1600   0.0497707    0.235177     1.90021  0.000115898
1610   0.0477807    0.233575    0.751921  7.29447e-05
1620   0.0483118    0.234002     1.98477  6.4026e-05
1630   0.0465002    0.232544    0.453999  0.000125791
1640    0.045796    0.231977     2.45306  5.50507e-05
1650   0.0453992    0.231658     2.19776  9.54388e-05
1660   0.0438872    0.230441     2.58174  6.46101e-05
1670    0.044107    0.230618     4.32491  3.07489e-05
1680   0.0432723    0.229946     3.55953  0.000145691
1690   0.0411931    0.228273     3.38949  0.00018328
1700   0.0396067    0.226996     5.34756  6.27525e-06
1710   0.0410676    0.228172     3.85674  -9.95375e-05
1720   0.0415974    0.228598     4.11168  9.05715e-05
1730   0.0392562    0.226714       3.517  9.37475e-05
1740   0.0397225    0.227089     4.32479  -5.98263e-06
1750   0.0393759     0.22681     3.89898  0.000122415
1760   0.0372741    0.225118     4.41085  8.1823e-05
1770   0.0377394    0.225493     5.89921  -5.28799e-05
1780   0.0383317     0.22597     5.89875  -6.24312e-05
1790    0.038988    0.226498     5.26063  3.86126e-07
1800    0.038324    0.225963      3.7716  6.96439e-05
1810   0.0375952    0.225377     7.17604  -1.85516e-05
1820   0.0386951    0.226262     7.64313  -2.67699e-06
1830   0.0376487     0.22542     7.17517  0.000190179
1840   0.0348915    0.223201     5.30415  8.91738e-05
1850   0.0358652    0.223984     7.60056  -2.35569e-06
1860   0.0349386    0.223238     6.92011  2.92642e-05
1870   0.0352799    0.223513     6.96181  4.21366e-05
1880   0.0340958     0.22256     7.77147  2.62298e-05
1890   0.0347553    0.223091     6.96252  8.05955e-05
1900   0.0324839    0.221263     5.64311   0.0001923
1910   0.0309093    0.219995     6.96289  4.31538e-06
1920   0.0323976    0.221193     7.55791  -8.50536e-05
1930   0.0326104    0.221365     9.13125  8.11862e-05
1940   0.0307739    0.219886     6.74849  0.00011014
1950   0.0304076    0.219592     7.13168  -2.11294e-05
1960   0.0311965    0.220227      7.4716  -9.50629e-05
1970   0.0323089    0.221122     7.21537  -4.0562e-05
1980   0.0320077    0.220879      6.4931  -4.39566e-05
1990    0.033188    0.221829     6.06705  -0.000144006
2000   0.0348879    0.223198     5.68386  -1.18781e-05
2010   0.0334256    0.222021     6.36539  9.14121e-05
2020   0.0330596    0.221726     5.98124  8.5222e-05
2030   0.0317211    0.220649      6.3653  1.72786e-05
2040    0.032714    0.221448     6.70513  -7.02031e-05
2050   0.0331252    0.221779     7.59836  -2.81414e-05
2060   0.0332769    0.221901      6.5343  1.06469e-06
2070   0.0331039    0.221762     6.10933   7.548e-06
2080   0.0331259    0.221779      5.4705  -2.50414e-05
2090   0.0336047    0.222165     6.19343  6.31614e-05
2100   0.0318627    0.220763     5.76792  0.000102426
2110   0.0315562    0.220516      5.9385  3.39796e-05
2120   0.0311831    0.220216     7.46944  5.04731e-05
2130   0.0305467    0.219704     7.00135  -2.16709e-05
2140   0.0316165    0.220565     5.85128  -3.14914e-05
2150   0.0311766     0.22021     6.78841  4.40573e-05
2160   0.0307354    0.219855     6.78807  8.04521e-05
2170   0.0295675    0.218915     7.80943  1.78821e-05
2180   0.0303777    0.219567     7.63865  5.11166e-05
2190   0.0285452    0.218093     5.89406  9.74095e-05
2200   0.0284295    0.217999     7.80868  -2.15257e-05
2210   0.0289757    0.218439     8.87299  4.81387e-05
2220   0.0274668    0.217225     9.38315  0.000164401
2230   0.0256877    0.215793     7.46865  5.50359e-05
2240    0.026366    0.216339     7.89379  -0.000117869
2250    0.028045     0.21769     8.23395  -8.47417e-05
2260   0.0280609    0.217703     7.51039  -2.16275e-05
2270   0.0284776    0.218038     9.16917  -1.16467e-05
2280   0.0282938     0.21789     8.82884  7.87007e-05
2290   0.0269036    0.216771     7.63852  7.88339e-05
2300   0.0267171    0.216621     6.19102  -3.83728e-05
2310    0.027671    0.217389     6.87226  5.29299e-06
2320   0.0266113    0.216536     6.57426  0.000133061
2330   0.0250098    0.215247     6.74542  8.95589e-05
2340   0.0248201    0.215094     6.23376  4.26476e-05
2350   0.0241569     0.21456     7.12794  -3.1596e-05
2360    0.025452    0.215603     7.12637  4.62503e-05
2370   0.0232319    0.213816     4.78743  3.26143e-05
2380   0.0247997    0.215078     5.63804  -6.20451e-05
2390   0.0244728    0.214815     6.27629  2.19475e-06
2400   0.0247558    0.215043     6.14878  5.66781e-05
2410   0.0233392    0.213902     6.14858  0.000117998
2420   0.0223959    0.213143     5.04265  9.22065e-06
2430   0.0231548    0.213754     5.25614  -8.78517e-07
2440   0.0224134    0.213157     4.87224  9.2715e-06
2450   0.0229694    0.213605     3.29807  -6.25088e-05
2460   0.0236636    0.214163     4.36175  -1.80997e-05
2470   0.0233314    0.213896     4.70316  -2.85357e-05
2480   0.0242343    0.214623     4.14847  -1.13228e-05
2490   0.0235578    0.214078     5.16987  8.83749e-05
2500   0.0224668      0.2132     5.12697  -0.000101005
2510   0.0255779    0.215704      5.2539  -9.40863e-05
2520   0.0243486    0.214715     5.50916  5.05242e-05
2530   0.0245674    0.214891     5.84978  -9.11268e-05
2540   0.0261711    0.216182     5.42269  6.11722e-05
2550    0.023344    0.213906     5.12589  0.000113077
2560   0.0239095    0.214361     5.29555  -6.70391e-05
2570   0.0246848    0.214985     6.57226  1.63048e-05
2580   0.0235835    0.214099      4.6144  9.63431e-05
2590   0.0227579    0.213434     6.18895  2.68371e-05
2600   0.0230467    0.213667     5.84841  8.28718e-05
2610   0.0211005      0.2121     6.78454  0.000163409
2620   0.0197785    0.211036     5.93368  0.000128862
2630   0.0185232    0.210026     6.23223  1.69852e-05
2640   0.0194388    0.210763     5.93368  -3.77651e-07
2650   0.0185308    0.210032     6.18911  5.92856e-05
2660   0.0182531    0.209809     5.93356  -4.26337e-05
2670   0.0193835    0.210718     6.86869  -1.79923e-05
2680    0.018613    0.210098     6.82678  4.53894e-05
2690   0.0184757    0.209988     7.84731  -1.80728e-05
2700   0.0189744    0.210389     6.23006  -2.16227e-05
2710   0.0189081    0.210336     7.16607  6.33826e-05
2720   0.0177068    0.209369     8.06034  2.44192e-05
2730   0.0184197    0.209943     7.63399  -7.49443e-05
2740   0.0192056    0.210575     8.56958  2.45608e-05
2750   0.0179285    0.209547     7.80524  -3.25661e-05
2760    0.019857      0.2111     6.22965  -3.60216e-05
2770    0.018649    0.210127     6.65508  5.66289e-05
2780   0.0187244    0.210188     7.16561  -9.34846e-05
2790   0.0205186    0.211632      7.6754  -0.000143824
2800   0.0216009    0.212503     8.05838  2.44535e-05
2810   0.0200296    0.211238     8.10145  5.66993e-05
2820   0.0204669     0.21159      7.8876  -4.0201e-05
2830   0.0208336    0.211886     6.61134  6.54999e-06
2840   0.0203359    0.211485     6.90881  -6.98864e-07
2850   0.0208476    0.211897     8.61078  7.16683e-05
2860   0.0189025    0.210331     7.16462  5.35835e-05
2870   0.0197759    0.211034     8.01548  2.49302e-05
2880   0.0184039     0.20993     8.61087  7.93043e-05
2890   0.0181898    0.209758     7.46233  -7.63861e-06
2900   0.0185567    0.210053     8.22759  -4.76898e-05
2910   0.0191436    0.210525     7.16271  4.6988e-05
2920   0.0176169    0.209297      6.3967  0.000196683
2930   0.0152099    0.207359     5.97147  3.26411e-05
2940   0.0169641    0.208771     6.86441  -0.000124416
2950   0.0176983    0.209362     6.39661  -1.85264e-05
2960   0.0173346    0.209069     5.75766  4.74555e-05
2970   0.0167492    0.208598     6.39557  -6.64003e-05
2980   0.0186627    0.210138     4.90625  3.29891e-05
2990   0.0160894    0.208067     5.16202  0.000147074
3000   0.0157212    0.207771      4.9914  1.10367e-05
3010   0.0158686    0.207889     4.05444  8.50591e-05
3020     0.01402    0.206401     2.82084  0.000122184
3030    0.013425    0.205922     2.09732  -7.16378e-06
3040   0.0141633    0.206517      1.8413  0.000119193
3050   0.0110411    0.204004     2.73553  0.000163878
3060   0.0108857    0.203879     2.18205  -9.24441e-05
3070     0.01289    0.205492     4.30895  -2.54143e-05
3080    0.011394    0.204288     4.18165  9.75252e-05
3090   0.0109395    0.203922     3.07519  5.30151e-05
3100   0.0103337    0.203434     4.52219  8.18665e-06
3110   0.0107757     0.20379      4.0541  3.83025e-05
3120  0.00956764    0.202818     2.60785  0.000135999
3130  0.00805576    0.201601     4.22506  0.000143886
3140  0.00668993    0.200502     4.69265  3.87968e-05
3150  0.00727982    0.200976     4.09643  5.09119e-06
3160   0.0065881     0.20042     4.18248  0.000141075
3170  0.00445832    0.198705     4.05489  7.70409e-05
3180  0.00504728    0.199179     4.94829  -0.000115859
3190   0.0067755     0.20057      4.1812  -4.39842e-05
3200  0.00592697    0.199887     4.18161  9.25673e-05
3210  0.00492415     0.19908     4.13887  3.57106e-05
3220  0.00521276    0.199313     4.56397  2.82848e-05
3230  0.00435846    0.198625      5.4579  -2.13617e-05
3240  0.00563999    0.199657     6.35138  -0.000116875
3250  0.00669596    0.200506     5.88263  0.000108733
3260  0.00346533    0.197906     5.03156  0.000124096
3270  0.00421405    0.198509     5.24463  -5.57986e-05
3280   0.0045813    0.198804     6.13719  6.71094e-05
3290  0.00287186    0.197428     5.28658  0.000140375
3300  0.00177379    0.196545     5.07417  7.9083e-05
3310   0.0012902    0.196155     5.03144  5.23144e-05
3320  0.000727505    0.195703      4.9465  -6.74898e-05
3330     0.00264    0.197242     5.03123  -4.42647e-05
3340   0.0016128    0.196415     5.79719  6.40713e-05
3350  0.00135857     0.19621     6.09528  -2.89652e-05
3360   0.0021921    0.196881     5.75433  -1.71805e-06
3370  0.00139293    0.196238     5.07351  8.39224e-05
3380  0.000513656     0.19553     5.62678  2.16052e-06
3390  0.00134972    0.196203      5.7969  5.70557e-05
3400  -0.000627458    0.194612     5.41404  0.00010011
3410  -0.00065247    0.194592     6.26474  -4.45795e-05
3420  0.000264131     0.19533     5.54176  -3.28688e-05
3430  4.90606e-06    0.195121     7.28556  0.000132202
3440  -0.0023799    0.193201     5.28633  0.000191561
3450  -0.0038263    0.192037     6.98897  -2.09091e-05
3460  -0.00196172    0.193538     6.05184  -5.23431e-05
3470  -0.00277944     0.19288     5.49877  5.02242e-05
3480  -0.00296621     0.19273     6.30706  3.45646e-05
3490  -0.00347073    0.192323     6.56216  8.22988e-05
3500  -0.00461218    0.191405      4.9882  -1.69259e-05
3510  -0.00313222    0.192596     5.11488  -0.000196038
3520  -0.000691422     0.19456      4.9438  -1.07841e-06
3530  -0.00311065    0.192613     5.07247  7.84656e-05
3540  -0.00226073    0.193297     6.39079  -2.51015e-05
3550  -0.00260862    0.193017     5.79566  1.08063e-05
3560  -0.00247686    0.193123     6.64631  -4.93411e-05
3570  -0.0016218    0.193812     6.43304  6.31457e-05
3580  -0.00373977    0.192107     5.92354  6.73797e-06
3590  -0.00175656    0.193703      5.4967  -6.95661e-05
3600  -0.00234845    0.193227     4.94347  -0.000102301
3610  0.000289458     0.19535     4.94305  -4.16636e-05
3620  -0.00151518    0.193897     5.66732  0.000107792
3630  -0.00186638    0.193615     5.15637  -4.19413e-05
3640  -0.000676352    0.194573     5.70922  8.0005e-05
3650  -0.00346648    0.192327     6.05009  0.000136949
3660  -0.00341532    0.192368     6.00802  -7.85276e-05
3670  -0.00189593    0.193591     5.36865  -7.04937e-05
3680  -0.00200545    0.193503     5.92242  -7.49397e-05
3690  -0.000397132    0.194797     6.13436  -6.27449e-05
3700  -0.000750554    0.194513     6.90046  6.00262e-05
3710  -0.00159766    0.193831     5.24114  -5.49229e-05
3720  0.000347905    0.195397     5.96403  -4.66483e-05
3730  -0.000664688    0.194582     6.21959  6.58153e-06
3740  0.000216274    0.195291     5.87781  -1.50977e-06
3750  -0.000634493    0.194606      6.7288  0.000122443
3760  -0.00223259     0.19332     6.51635  3.57828e-05
3770  -0.00135015     0.19403     7.06958  1.94854e-05
3780  -0.0026223    0.193006     6.72967  -1.41258e-06
3790  -0.0013219    0.194053     6.43146  -8.86396e-05
3800  -0.000849508    0.194433     5.36727  5.27883e-05
3810  -0.00237766    0.193203     5.15496  8.20544e-05
3820  -0.0024906    0.193112     4.17588  7.82397e-05
3830  -0.00394246    0.191944     5.32425  8.67707e-05
3840  -0.00422601    0.191716     5.15404  -9.93232e-07
3850  -0.00392259     0.19196     5.53731  1.58586e-05
3860  -0.00454318     0.19146     3.87766  7.05807e-05
3870  -0.00533421    0.190824     4.98458  -5.12267e-06
3880  -0.00444073    0.191543     3.49468  -5.00327e-06
3890  -0.00523414    0.190904     4.17567  4.13813e-05
3900  -0.00526835    0.190877      5.1974  -8.98087e-05
3910  -0.00343797     0.19235     3.62265  3.31715e-05
3920  -0.00593178    0.190343     2.72925  7.54442e-05
3930  -0.00494685    0.191135      3.6219  -2.19801e-05
3940  -0.00549218    0.190696     4.09019  -5.63114e-05
3950  -0.00382062    0.192042      2.3878  -7.76852e-05
3960  -0.00393848    0.191947     3.28182  6.74519e-05
3970  -0.00516966    0.190956     3.23941  -1.02844e-06
3980  -0.00391791    0.191964      3.6219  -0.000112492
3990  -0.00291981    0.192767     2.17511  -5.69631e-05
4000  -0.00277865     0.19288     3.74883  -4.42869e-05
4010  -0.00203407     0.19348     2.30237  3.33122e-05
4020  -0.00344489    0.192344     2.94132  -4.89209e-05
4030  -0.00105566    0.194267     1.79121  -7.04141e-05
4040  -0.00203661    0.193478     1.53603  2.45146e-05
4050  -0.00154595    0.193873     2.08922  -0.000118692
4060  0.000337223    0.195388     2.38602  3.77276e-05
4070  -0.0023005    0.193265     1.45047  0.000150863
4080  -0.00268004     0.19296     2.76967  0.000169037
4090  -0.00568124    0.190544      2.6846  3.81238e-05
4100  -0.00344252    0.192346     2.00328  -0.00012785
4110  -0.00312424    0.192602     3.15186  -8.89386e-05
4120  -0.00166375    0.193778     2.64041  4.71908e-05
4130  -0.00406805    0.191843       1.961  -6.75241e-05
4140  -0.000313266    0.194865     1.53374  -0.000199608
4150  -7.58866e-05    0.195056     2.21481  0.000113262
4160  -0.0025785    0.193042     2.00237  0.000131126
4170  -0.00269841    0.192945     1.87453  0.000118455
4180  -0.00494759    0.191135     1.53482  0.000118683
4190  -0.00507207    0.191035     1.49204  -7.65485e-05
4200  -0.00341662    0.192367     1.53428  -9.44899e-05
4210  -0.00318228    0.192556     2.76705  0.000110497
4220  -0.00562655    0.190588     2.17203  0.000168807
4230  -0.00655843    0.189838     1.44914  7.9892e-05
4240  -0.00722439    0.189302    0.384666  -9.5872e-06
4250  -0.00636668    0.189993    0.214336  -4.99124e-06
4260  -0.00712457    0.189383     1.27881  1.73573e-05
4270  -0.00671383    0.189713     1.19366  -0.000144934
4280  -0.00422588    0.191716     1.32046  -9.55312e-05
4290  -0.0048032    0.191251    0.895075  1.25642e-05
4300  -0.00447716    0.191513     2.08693  8.1524e-06
4310  -0.00496625     0.19112     2.08631  8.09871e-06
4320  -0.00463914    0.191383     2.08597  -3.27716e-05
4330  -0.00431082    0.191647     1.78797  6.74463e-05
4340  -0.00598806    0.190297     1.66046  3.09499e-05
4350  -0.00492982    0.191149  0.000145338  -3.2767e-05
4360  -0.00533273    0.190825    0.936235  -6.9692e-05
4370  -0.00353598    0.192271     1.14839  0.000100205
4380  -0.00733682    0.189212   -0.339851  0.000159891
4390  -0.0067338    0.189697     1.02175  -7.42528e-05
4400  -0.00585177    0.190407     1.14876  -8.37262e-05
4410  -0.00505928    0.191045     1.02038   3.873e-06
4420  -0.00592923    0.190345      1.2337  2.22717e-05
4430  -0.00550472    0.190686     1.10594  5.03149e-05
4440  -0.00693553    0.189535     1.74457  -6.12962e-05
4450  -0.00427879    0.191673     2.55236  -6.57986e-05
4460  -0.00561955    0.190594     2.76547  0.000185663
4470  -0.00799205    0.188684     1.06374  6.46628e-05
4480  -0.00691281    0.189553     3.14816  1.36796e-05
4490  -0.00826564    0.188464     2.93572  0.000102673
4500  -0.00896627      0.1879     2.04187  -3.42494e-07
4510  -0.00825879     0.18847     2.76489  -2.09175e-07
4520  -0.00896208    0.187904     2.16937  4.68566e-05
4530  -0.00919593    0.187715     2.85011  -2.11084e-07
4540  -0.00895786    0.187907     3.53065  -9.63719e-06
4550  -0.00900318     0.18787     2.04112  9.47093e-05
4560   -0.010852    0.186382     2.33883  8.06242e-05
4570  -0.0106157    0.186573     2.93347  9.53813e-05
4580  -0.0127597    0.184847     2.21028  6.21219e-05
4590  -0.0118581    0.185573     2.42356  0.000206057
4600  -0.0168808     0.18153     1.44552  0.000110475
4610  -0.0140676    0.183794     1.27444  -7.07094e-05
4620  -0.0154666    0.182668     1.06233  6.32345e-05
4630  -0.0153323    0.182776     1.91282  -1.34454e-05
4640  -0.0151977    0.182885     2.03995  0.000126428
4650  -0.0178609    0.180741     3.10389  0.000141132
4660  -0.0180204    0.180613     2.93397  -4.21236e-05
4670  -0.0170184    0.181419     3.44479  -0.000119807
4680  -0.0156242    0.182541     3.40156  -8.42456e-06
4690  -0.0168499    0.181555     3.82728  0.000108189
4700   -0.017788      0.1808     4.21043  8.91117e-05
4710  -0.0186321     0.18012     5.35901  8.94588e-05
4720  -0.0195772     0.17936     3.48633  6.51954e-06
4730  -0.0187625    0.180015     3.31567  3.12516e-05
4740  -0.0202022    0.178857     3.01857  0.000124579
4750  -0.0212541     0.17801     2.50829  6.10472e-05
4760  -0.0214232    0.177874     3.31629  2.68075e-05
4770  -0.0217903    0.177578     3.23156  -1.76063e-05
4780   -0.021071    0.178157     3.27351  -5.2244e-05
4790  -0.0207454    0.178419     2.12435  -7.82292e-06
4800  -0.0209146    0.178283     2.76235  4.18256e-05
4810  -0.0215819    0.177746     2.37999  2.20292e-05
4820  -0.0213552    0.177929     3.52832  2.71907e-05
4830  -0.0221257    0.177308     2.72049  -0.000167901
4840  -0.0179971    0.180631     2.46455  -0.000102919
4850  -0.0200673    0.178965     3.31575  1.65936e-05
4860   -0.018329    0.180364     3.14533  -3.32751e-05
4870  -0.0194018    0.179501     3.27318  -4.37685e-05
4880  -0.0174536    0.181069     3.73985  6.74916e-05
4890  -0.0207517    0.178414     3.78334  0.000198845
4900  -0.0214305    0.177868     3.82487  0.000133948
4910  -0.0234306    0.176258     4.71905  4.28753e-05
4920   -0.022288    0.177178      4.7193  -5.84701e-05
4930  -0.0222612    0.177199     5.73995  8.40437e-05
4940  -0.0239689    0.175825      5.7402  7.52108e-06
4950  -0.0224116    0.177078     5.61274  -0.000115048
4960  -0.0216679    0.177677     5.99564  6.40334e-05
4970  -0.0236923    0.176047      4.8893  0.000125716
4980  -0.0241823    0.175653     4.16607  -2.43355e-06
4990  -0.0236436    0.176087     4.42134  -0.000130583
