Time   C(t)   
ps   
0           1           1  3.68725e-10    0.023799
10    0.767754    0.790747     1.04847   0.0137267
20    0.725466    0.752645    -0.58264  0.00365443
30    0.694666    0.724895   0.0265848   0.0028724
40    0.668018    0.700885     -1.1979  0.00255398
50    0.643586    0.678872    -2.17374  0.00223199
60    0.623378    0.660664    -1.02121  0.00208094
70    0.601967    0.641374  -0.0929247  0.00190817
80    0.585214    0.626279    0.358373  0.00161756
90    0.569616    0.612225   -0.730227  0.00161338
100    0.552947    0.597206  -0.0972816  0.00159424
110    0.537731    0.583497    -1.23118  0.00145099
120    0.523927    0.571059   -0.824667  0.00144155
130      0.5089    0.557521    -1.07398  0.00134358
140    0.497055    0.546848    -1.79966  0.00120566
150    0.484787    0.535794   -0.532468  0.00124299
160    0.472195    0.524449    -1.91415  0.00117061
170    0.461375      0.5147   -0.283662  0.00103936
180    0.451408     0.50572    -1.07783  0.000955202
190    0.442271    0.497487    0.189698  0.000919591
200    0.433016    0.489149    0.121345  0.000903909
210    0.424193    0.481199     1.02642  0.000865701
220    0.415702    0.473549    0.640509  0.000878724
230    0.406618    0.465365   -0.356482  0.000901873
240    0.397665    0.457298    0.232185  0.000867277
250    0.389273    0.449736    0.254335  0.000725366
260    0.383158    0.444227    0.320631  0.000749668
270    0.374279    0.436227    0.365816  0.00079153
280    0.367327    0.429963   -0.495178  0.000603643
290    0.362206     0.42535   -0.451519  0.000635341
300     0.35462    0.418514   -0.157197  0.000716351
310    0.347879    0.412441    0.680055  0.000582179
320    0.342977    0.408024    0.656467  0.000625353
330    0.335372    0.401172    0.928374  0.000644317
340     0.33009    0.396413   0.0445882  0.000555447
350    0.324263    0.391163      0.5655  0.00053366
360    0.319417    0.386796    -0.79388  0.000524633
370    0.313771    0.381709    0.790585  0.00053713
380    0.308674    0.377117     1.17534  0.000466797
390    0.304435    0.373298    0.631043  0.000522806
400    0.298218    0.367696    0.879915  0.000546804
410    0.293499    0.363444     2.03421  0.000509591
420    0.288026    0.358514    0.925034  0.00047213
430    0.284056    0.354936     1.92048  0.000366637
440    0.280694    0.351907     1.37613  0.000385417
450    0.276348    0.347991    0.447207  0.00046082
460    0.271477    0.343603  -0.0287188  0.00048496
470    0.266649    0.339252    0.764343  0.000426657
480    0.262944    0.335915    0.899987  0.000355326
490    0.259542    0.332849   0.0385943  0.000366418
500    0.255616    0.329312    0.989251  0.000387871
510    0.251785     0.32586    0.446234  0.000333034
520    0.248955    0.323311  -0.00787367  0.000302685
530    0.245731    0.320406   0.0371789  0.000364271
540     0.24167    0.316746    -1.16279  0.000419547
550     0.23734    0.312845   -0.280223  0.000393109
560    0.233808    0.309663   -0.167127  0.000271627
570    0.231907    0.307951    0.647266  0.000349183
580    0.226824     0.30337  -0.0321248  0.000460632
590    0.222695     0.29965    -0.64334  0.000274925
600    0.221325    0.298416   -0.553788  0.000233839
610    0.218018    0.295436   -0.213971  0.000359871
620    0.214128    0.291931    -1.61885  0.000334407
630     0.21133     0.28941   -0.735591  0.000310259
640    0.207923     0.28634    0.396714  0.000367339
650    0.203983    0.282791    0.872218  0.000293182
660    0.202059    0.281057    0.532026  0.000233375
670    0.199316    0.278585    0.169837  0.000231228
680    0.197435    0.276891    0.667736  0.000221247
690    0.194891    0.274599   -0.351827  0.000207128
700    0.193292    0.273158    0.417293  0.000166691
710    0.191557    0.271595   -0.851672  0.000218636
720    0.188919    0.269218   -0.579876  0.000274659
730    0.186064    0.266645   0.0999581  0.00026332
740    0.183653    0.264473    -0.10437  0.000210815
750    0.181847    0.262847   0.0308313  0.00021662
760     0.17932     0.26057    0.143705  0.000254308
770    0.176761    0.258264   -0.422369  0.000281458
780    0.173691    0.255498    -1.21517  0.000254045
790     0.17168    0.253686    -0.69432  0.000177301
800    0.170145    0.252303    -1.55507  0.000199065
810    0.167699    0.250099    -1.32837  0.000168729
820    0.166771    0.249263     -1.3291  0.000119662
830    0.165306    0.247943   -0.899246  0.000194899
840    0.162873    0.245751    -1.60165  0.000191242
850    0.161481    0.244497   -0.401988  0.000182327
860    0.159226    0.242465   -0.627936  0.000158494
870    0.158311     0.24164    -0.87798  0.000191184
880    0.155403     0.23902   -0.470009  0.000213072
890     0.15405    0.237801   -0.922833  0.000148894
900    0.152425    0.236337    -0.51557  0.000170789
910    0.150634    0.234723    -1.67027  0.00012926
920    0.149839    0.234008    -1.42142  0.000101194
930     0.14861      0.2329   -0.787676  0.000106815
940    0.147703    0.232083    -1.17279  0.000132816
950    0.145954    0.230507    -1.24077  0.000101832
960    0.145667    0.230248   -0.946819  6.27428e-05
970    0.144699    0.229376    -1.10565  0.000166248
980    0.142342    0.227252    -1.21875  0.000197869
990    0.140741     0.22581    -1.51338  0.000167008
1000    0.139001    0.224243   -0.879108  0.000142778
1010    0.137886    0.223237    -1.15082  6.52239e-05
1020    0.137697    0.223067    -1.51407  2.57388e-05
1030    0.137371    0.222774    -2.03522  0.000142219
1040    0.134853    0.220504    -1.89951  0.000197282
1050    0.133425    0.219219   -0.585803  0.000163452
1060    0.131584    0.217559    -1.98957  0.000106083
1070    0.131304    0.217307    -1.94463  8.02703e-05
1080    0.129978    0.216113    -1.31089  0.000145111
1090    0.128402    0.214692    -1.85483  0.000137153
1100    0.127235    0.213641    -3.28177  9.46835e-05
1110    0.126508    0.212986    -2.10439  0.000104602
1120    0.125143    0.211756    -2.14971  0.000180918
1130     0.12289    0.209726    -1.99081  0.000175728
1140    0.121628     0.20859    -1.53805  0.000113771
1150    0.120614    0.207676    -1.69638  5.15655e-05
1160    0.120597     0.20766    -1.38048  8.78774e-05
1170    0.118857    0.206092    -1.31217  0.000195127
1180    0.116695    0.204144    -1.01749  0.000137036
1190    0.116116    0.203623    -1.06332  3.56175e-05
1200    0.115982    0.203502    -1.42657  8.59905e-05
1210    0.114396    0.202073    -1.33594  0.000129444
1220    0.113393     0.20117     -1.2226  7.93923e-05
1230    0.112808    0.200643    -1.20049  0.000155267
1240    0.110288    0.198372    -1.15449  0.00013306
1250    0.110147    0.198245    -1.04201  0.00011945
1260    0.107899    0.196219     -1.6532  0.000167407
1270    0.106799    0.195228    -1.49576  0.000138288
1280    0.105133    0.193727    -1.54068  0.000125888
1290    0.104281     0.19296    -1.51833  0.000126228
1300    0.102609    0.191453   -0.997401  9.68307e-05
1310    0.102345    0.191215   -0.907119  0.000129665
1320    0.100015    0.189116   -0.567523  0.000173711
1330   0.0988703    0.188084   -0.499436  7.49592e-05
1340   0.0985162    0.187765   -0.703809  8.51281e-05
1350   0.0971677     0.18655   -0.681282  8.52652e-05
1360   0.0968109    0.186229   -0.816882  6.84537e-05
1370   0.0957986    0.185317   -0.591133  0.000154004
1380   0.0937308    0.183454   -0.613327  0.000134337
1390   0.0931119    0.182896   -0.138265  6.90971e-05
1400   0.0923489    0.182209   -0.613615  6.63888e-05
1410   0.0917841      0.1817    -1.17991  5.79763e-05
1420   0.0911894    0.181164   -0.433317  7.52885e-05
1430   0.0902784    0.180343   -0.886186  9.83737e-05
1440   0.0892219    0.179391   -0.432963  0.000107218
1450    0.088134    0.178411    0.314338  5.71754e-05
1460   0.0880784    0.178361   -0.818585  5.3044e-05
1470   0.0870731    0.177455    0.132426  0.000126589
1480   0.0855466     0.17608   -0.206484  0.00010955
1490   0.0848821    0.175481    -0.11638  9.68579e-05
1500   0.0836094    0.174334    -0.72775  9.9944e-05
1510   0.0828832     0.17368   -0.433803  9.00727e-05
1520    0.081808    0.172711   -0.977042  0.00013228
1530   0.0802376    0.171296    -1.22649  0.000100654
1540   0.0797949    0.170898   -0.275169  -2.16328e-06
1550   0.0802809    0.171335   -0.909552  6.18722e-05
1560   0.0785575    0.169783  -0.0715707  8.22768e-05
1570   0.0786354    0.169853    0.743774  3.7387e-05
1580   0.0778097    0.169109   -0.750896  8.41223e-05
1590   0.0769529    0.168337   -0.478922  7.84744e-05
1600   0.0762402    0.167695   -0.773532  7.42763e-05
1610   0.0754674    0.166999  -0.00352769  8.6173e-05
1620   0.0745168    0.166142   -0.932189  8.19691e-05
1630    0.073828    0.165521  -0.0491108  5.13446e-05
1640   0.0734899    0.165217  -0.0490002  0.000105885
1650   0.0717103    0.163613    -0.70571  0.000139898
1660   0.0706919    0.162696    -0.25324  6.5127e-05
1670   0.0704078     0.16244   -0.343787  4.32089e-05
1680   0.0698278    0.161917    0.675045  0.000100896
1690   0.0683898    0.160622   -0.298956  9.66459e-05
1700   0.0678948    0.160176  -0.00454506  5.40093e-05
1710   0.0673097    0.159648   -0.616026  2.89269e-05
1720   0.0673163    0.159654    0.311994  4.23897e-05
1730   0.0664619    0.158885    0.153647  0.000104846
1740   0.0652194    0.157765  -0.0276239  0.000125912
1750   0.0639436    0.156616   0.0180478  8.60088e-05
1760   0.0634992    0.156215    -0.36722  5.79178e-05
1770   0.0627853    0.155572   -0.548337  5.35607e-05
1780    0.062428     0.15525   -0.525655   1.335e-05
1790   0.0625183    0.155331   -0.729453  7.17763e-05
1800   0.0609924    0.153957   -0.548093  7.33551e-05
1810   0.0610512     0.15401    -1.06929  3.91334e-05
1820   0.0602098    0.153251  -0.0501945  9.47649e-05
1830   0.0591559    0.152302    0.379661  9.19774e-05
1840   0.0583702    0.151594  -0.0732516  6.81113e-05
1850   0.0577937    0.151075   -0.050504  7.13024e-05
1860   0.0569442    0.150309  -0.0731852  6.54273e-06
1870   0.0576628    0.150957   -0.231996  -3.71728e-05
1880   0.0576876    0.150979   0.0174063  2.04407e-06
1890   0.0576219     0.15092     -0.6168  3.23486e-05
1900   0.0570407    0.150396   -0.662007  2.93674e-05
1910   0.0570346    0.150391   -0.368238  -2.4287e-06
1920   0.0570892     0.15044   -0.730846  7.36063e-05
1930   0.0555624    0.149064    -1.22892  0.000122422
1940   0.0546408    0.148234     -1.2971  0.000104477
1950   0.0534729    0.147182    -1.13833  7.57149e-05
1960   0.0531265    0.146869    -1.09319  7.44149e-05
1970   0.0519846    0.145841   -0.232373  3.01696e-05
1980   0.0525231    0.146326   -0.527049  -9.47732e-06
1990   0.0521741    0.146011   -0.119365  3.03334e-05
2000   0.0519164    0.145779  -0.0743354  -3.38536e-06
2010   0.0522419    0.146072   -0.346552  1.81815e-05
2020   0.0515528    0.145452   -0.346309  3.81775e-05
2030   0.0514783    0.145384   -0.436723  2.9055e-05
2040   0.0509717    0.144928   -0.504766  2.44727e-05
2050   0.0509888    0.144943   -0.029681  5.24005e-05
2060   0.0499237    0.143984   0.0611759  9.42506e-05
2070   0.0491038    0.143245     0.35552  0.000102242
2080   0.0478789    0.142141    0.604658  6.21386e-05
2090   0.0478611    0.142125     0.44578  3.90705e-05
2100   0.0470974    0.141437    0.128666  6.4004e-05
2110    0.046581    0.140972   -0.143219  0.000115584
2120   0.0447858    0.139354    0.445581  8.30565e-05
2130   0.0449199    0.139475    0.354946  6.6207e-05
2140   0.0434616    0.138161    0.445448  0.000155392
2150    0.041812    0.136675    0.241584  8.37635e-05
2160   0.0417864    0.136652  -0.0761709  4.33292e-05
2170   0.0409454    0.135894   -0.370427  9.04698e-05
2180    0.039977    0.135022   -0.370693  0.000111128
2190   0.0387229    0.133892   -0.823473  7.52056e-05
2200   0.0384728    0.133667   -0.755872  4.8672e-05
2210   0.0377494    0.133015    -1.18615  -8.02781e-06
2220   0.0386334    0.133811    -1.50342  3.62888e-05
2230   0.0370237    0.132361    -0.57438  9.31581e-05
2240   0.0367702    0.132132    -1.00492  5.54785e-05
2250   0.0359141    0.131361    -1.36724  7.30358e-05
2260   0.0353095    0.130816     -1.3445  4.94163e-05
2270   0.0349258    0.130471    -1.61662  2.88796e-05
2280   0.0347319    0.130296    -1.68475  3.0564e-05
2290   0.0343145     0.12992    -1.68487  2.90392e-05
2300   0.0341511    0.129773    -1.52641  4.34929e-05
2310   0.0334446    0.129136     -1.6846  1.32093e-05
2320    0.033887    0.129535     -1.2316  -1.06823e-05
2330   0.0336583    0.129329    -1.23191  7.5762e-05
2340   0.0323717    0.128169    -2.00167  6.94817e-05
2350   0.0322686    0.128077    -1.54885  1.3512e-05
2360   0.0321015    0.127926    -2.36412  -5.24163e-05
2370    0.033317    0.129021    -2.20606  -3.95643e-05
2380   0.0328928    0.128639    -2.29608  -5.1076e-05
2390   0.0343385    0.129941    -2.29659  -6.5624e-05
2400   0.0342052    0.129821    -1.36795  5.25937e-06
2410   0.0342333    0.129847     -1.6626  1.17598e-05
2420     0.03397     0.12961    -1.88893  1.01464e-05
2430   0.0340304    0.129664    -1.43599  2.48102e-05
2440   0.0334738    0.129162   -0.960598  -9.31211e-06
2450   0.0342166    0.129832    -1.16468  -5.32037e-05
2460   0.0345379    0.130121   -0.938205  1.67305e-05
2470    0.033882     0.12953    -1.02873  4.77111e-05
2480   0.0335837    0.129261    -1.20987  8.05451e-05
2490   0.0322711    0.128079   -0.937674  5.45176e-05
2500   0.0324933    0.128279    -1.97998  5.47606e-05
2510   0.0311759    0.127092   -0.756978  4.82421e-05
2520   0.0315285     0.12741   -0.734186  -3.85984e-05
2530   0.0319479    0.127788    -1.02873  -2.50489e-06
2540   0.0315786    0.127455   -0.892821  -2.23385e-05
2550   0.0323946     0.12819   -0.372285  -5.36624e-05
2560   0.0326518    0.128422   -0.530389  -4.27607e-06
2570   0.0324801    0.128267   -0.281428  -5.55942e-05
2580   0.0337637    0.129424   -0.462589  -3.41149e-05
2590   0.0331624    0.128882    -0.19066  -2.77121e-05
2600    0.034318    0.129923   -0.644347  -3.26494e-05
2610   0.0338154     0.12947   -0.462876  3.86771e-05
2620   0.0335444    0.129226     -1.0521  6.87612e-05
2630   0.0324402    0.128231   -0.870471  7.88987e-05
2640   0.0319665    0.127804   -0.847746  3.0737e-05
2650   0.0318255    0.127677   -0.893263  2.7501e-05
2660   0.0314164    0.127309    -0.66705  6.44001e-05
2670   0.0305375    0.126517   -0.304551  3.43438e-05
2680   0.0307296     0.12669   0.0577477  3.28273e-05
2690   0.0298809    0.125925    0.193524  0.000121972
2700   0.0282901    0.124492  -0.00985314  7.34265e-05
2710   0.0284124    0.124602    0.148516  4.00261e-05
2720   0.0274896    0.123771   -0.282048  1.98094e-05
2730   0.0280162    0.124245   -0.486022  -3.58249e-05
2740   0.0282061    0.124416   -0.961903  0.000114726
2750   0.0257217    0.122178    -1.16535  0.00015554
2760   0.0250953    0.121613    -1.18829  4.91454e-05
2770   0.0247388    0.121292   -0.621798  3.0602e-05
2780   0.0244832    0.121062   -0.825618  0.000102196
2790   0.0226949    0.119451   -0.870759  6.14621e-05
2800    0.023254    0.119954   -0.712501  1.74043e-05
2810   0.0223468    0.119137   -0.350024   2.248e-05
2820   0.0228044    0.119549   -0.780544  2.09995e-06
2830   0.0223048    0.119099   -0.735248  4.66064e-05
2840   0.0218723    0.118709   -0.599383  2.27169e-05
2850   0.0218504     0.11869   -0.282335  2.6245e-05
2860   0.0213474    0.118237   -0.395718  3.66072e-05
2870   0.0211183     0.11803   -0.848741  2.12173e-05
2880    0.020923    0.117854   -0.780676  5.74095e-06
2890   0.0210035    0.117927    -0.96177  -4.0894e-05
2900   0.0217409    0.118591    -1.34695  7.32867e-05
2910   0.0195377    0.116606   -0.123656  0.000120095
2920    0.019339    0.116427   -0.282136  6.50245e-05
2930   0.0182372    0.115434   -0.848565  8.4263e-05
2940   0.0176538    0.114909    -1.07522  7.75835e-05
2950   0.0166856    0.114036    -1.05265  6.55677e-05
2960   0.0163424    0.113727    -1.30181  2.94754e-06
2970   0.0166266    0.113983     -1.0076  -7.48569e-06
2980   0.0164921    0.113862    -1.46078  2.74734e-05
2990   0.0160772    0.113488    -1.00784  2.22683e-05
3000   0.0160467    0.113461    -1.39298  8.20699e-05
3010   0.0144358    0.112009    -1.32493  9.62562e-05
3020   0.0141216    0.111726    -1.57407  4.90764e-05
3030   0.0134542    0.111125   -0.985314  1.56905e-05
3040   0.0138078    0.111443    -1.59699  -1.85235e-06
3050   0.0134913    0.111158    -1.41581  3.40156e-06
3060   0.0137398    0.111382    -1.55192  3.00158e-05
3070    0.012891    0.110617    -1.32533  3.88907e-05
3080    0.012962    0.110681    -1.03101  0.000115448
3090    0.010582    0.108537   -0.668333  7.82512e-05
3100   0.0113969    0.109271    -1.07613  -4.95465e-05
3110   0.0115729     0.10943    -1.16705  5.55174e-05
3120   0.0102866    0.108271    -1.14432  0.000107379
3130  0.00942535    0.107495   -0.985469  5.58374e-05
3140  0.00916985    0.107265   -0.600599  4.52982e-05
3150  0.00851939    0.106679   -0.940218  -2.27847e-05
3160  0.00962554    0.107675   -0.895386  -6.58568e-05
3170  0.00983652    0.107865   -0.623722  -2.83214e-05
3180    0.010192    0.108186   -0.963717  1.84661e-05
3190   0.0094672    0.107533     -1.4388  4.00997e-05
3200  0.00938998    0.107463     -1.2803  -6.73076e-06
3210  0.00960182    0.107654   -0.668952  2.5853e-05
3220  0.00887291    0.106997   -0.827343  2.58625e-05
3230  0.00908457    0.107188   -0.669129  -1.93811e-05
3240  0.00926054    0.107346   -0.488056  -1.39899e-05
3250  0.00936436     0.10744   -0.374696  1.69189e-05
3260  0.00892216    0.107041   -0.759809  9.90012e-05
3270  0.00738434    0.105656   -0.487946  9.71761e-06
3280  0.00872781    0.106866   -0.238941  -3.75991e-05
3290  0.00813632    0.106333   -0.510959  -1.22034e-05
3300  0.00897187    0.107086    -0.53364  -2.68131e-05
3310  0.00867258    0.106817   -0.171341  4.83508e-05
3320  0.00800486    0.106215  0.00993053  5.76727e-05
3330  0.00751913    0.105777    -1.07706  4.1269e-05
3340  0.00717948    0.105471   -0.239118  -2.13475e-05
3350  0.00794608    0.106162  -0.0129274  -6.53767e-06
3360  0.00731023    0.105589   -0.375094  -1.4066e-05
3370   0.0082274    0.106415   -0.805879  -1.5848e-05
3380  0.00762719    0.105875  -0.0131264  8.9824e-05
3390  0.00643092    0.104797   -0.420766  4.17052e-05
3400  0.00679309    0.105123   -0.285033  1.40147e-05
3410  0.00615063    0.104544     0.25867  7.7397e-05
3420  0.00524515    0.103728    0.122473  4.95932e-05
3430  0.00515876    0.103651   -0.262507  3.10945e-05
3440  0.00462326    0.103168   -0.285055  1.80361e-05
3450  0.00479804    0.103326   -0.738344  -1.75064e-05
3460  0.00497339    0.103484   -0.625182  5.19818e-05
3470   0.0037584    0.102389   -0.488875  8.73771e-06
3480  0.00479863    0.103326   -0.647753  -3.44229e-05
3490  0.00444686    0.103009   -0.556984  5.41136e-05
3500  0.00371636    0.102351   -0.511777  3.53345e-05
3510  0.00374017    0.102372    -0.14981  1.27752e-05
3520  0.00346086    0.102121   -0.602634  6.21162e-05
3530  0.00249785    0.101253    -1.03295  6.41513e-05
3540  0.00217783    0.100965    -1.03287  1.60506e-06
3550  0.00246574    0.101224   -0.851993  3.56488e-06
3560  0.00210654    0.100901    -1.05588  1.61416e-06
3570  0.00243346    0.101195    -1.07849  -2.50922e-05
3580  0.00260838    0.101353   -0.965221  -1.56045e-05
3590  0.00274555    0.101476   -0.783861  1.3108e-05
3600  0.00234622    0.101117    -1.21425  4.38382e-05
3610  0.00186879    0.100686   -0.896912  -1.1818e-05
3620  0.00258258    0.101329   -0.671097  5.57886e-06
3630  0.00175721    0.100586   -0.806896  5.56501e-05
3640  0.00146958    0.100327   -0.988079  2.3008e-05
3650  0.00129705    0.100171   -0.806962  -1.41823e-07
3660  0.00147242    0.100329   -0.852347  2.12169e-05
3670  0.000872713   0.0997889    -0.73914  6.78307e-05
3680  0.000115803   0.0991069    -1.23742  4.85807e-05
3690  -9.89003e-05   0.0989135   -0.625846  9.94321e-05
3700  -0.00187284   0.0973152   -0.104647  0.000105479
3710  -0.00220848   0.0970128   -0.557758  5.31593e-05
3720  -0.00293603   0.0963572   -0.399213  3.95978e-05
3730  -0.00300043   0.0962992   -0.421805  -2.6885e-05
3740  -0.00239832   0.0968417   -0.263348  -5.32292e-06
3750  -0.00289398   0.0963951   -0.218295  7.52192e-05
3760  -0.00390271   0.0954863     0.16695  5.1785e-05
3770  -0.00392968    0.095462    -0.21845  -4.86088e-05
3780  -0.00293053   0.0963622   -0.490379  -6.25218e-05
3790  -0.00267924   0.0965886   -0.535586  -1.72484e-05
3800  -0.00258557    0.096673   -0.444995  -6.29262e-05
3810  -0.00142072   0.0977225   -0.490423  -6.9002e-05
3820  -0.00120553   0.0979164   -0.490489  -2.75242e-05
3830  -0.000870232   0.0982185   -0.694198  -4.95213e-05
3840  -0.0002151   0.0988088   -0.535807  -1.5724e-05
3850  -0.000555752   0.0985019     -1.0794  3.81109e-05
3860  -0.000977319    0.098122   -0.626532  2.22063e-05
3870  -0.000999877   0.0981017   -0.309262  -2.18044e-05
3880  -0.000541231    0.098515  -0.0148295  -3.75879e-06
3890  -0.000924702   0.0981694   -0.241352  3.43881e-05
3900  -0.00122899   0.0978953    0.166619  1.83859e-05
3910  -0.00129242   0.0978381  -0.0599039  -1.78744e-05
3920  -0.000871505   0.0982174   -0.309373  -2.19342e-05
3930  -0.000853735   0.0982334   -0.354647  1.23944e-05
3940  -0.00111939    0.097994   -0.400031  2.66121e-05
3950  -0.00138598   0.0977538   -0.739605  1.65418e-05
3960  -0.00145023   0.0976959   -0.241286  -1.59576e-05
3970  -0.00106683   0.0980414   -0.468251  4.51898e-05
3980  -0.00235403   0.0968816   -0.603762  5.94994e-05
3990  -0.00225681   0.0969692   -0.830462  3.11718e-05
4000  -0.00297746   0.0963199    -1.26074  6.39921e-05
4010  -0.00353665   0.0958161     -1.0118  3.75387e-05
4020  -0.00372824   0.0956435   -0.490821  -9.59027e-06
4030  -0.00334485   0.0959889   -0.876001  2.3378e-05
4040  -0.0041958   0.0952222   -0.400142  5.22315e-05
4050  -0.00438948   0.0950477     -1.0345  3.38651e-05
4060  -0.0048731    0.094612   -0.943845  3.60246e-05
4070  -0.00510997   0.0943985    -1.23845  2.16518e-05
4080  -0.00530614   0.0942218   -0.672159  -3.43451e-05
4090  -0.00442307   0.0950174    -1.44234  5.1596e-06
4100  -0.00540933   0.0941288     -1.3063  6.54491e-05
4110  -0.00573205    0.093838    -1.17048  7.61644e-05
4120  -0.00693262   0.0927563    -1.12481  6.17143e-05
4130  -0.00696634   0.0927259    -1.39667  1.80365e-05
4140  -0.00729335   0.0924313    -1.19272  -2.38911e-05
4150  -0.00648852   0.0931565    -1.19325  5.55529e-06
4160  -0.00740445   0.0923312    -1.60051  7.91124e-05
4170  -0.00807076   0.0917309    -1.55517  2.24577e-05
4180  -0.0078536   0.0919265     -1.7591  -6.96187e-06
4190  -0.00793153   0.0918563    -1.78178  1.83846e-05
4200  -0.0082213   0.0915952    -1.87253  6.71857e-05
4210  -0.00927524   0.0906456    -1.60053  2.48797e-05
4220  -0.00871889   0.0911469    -1.39713  3.5743e-05
4230  -0.0099901   0.0900015    -1.87266  0.000103897
4240  -0.0107968   0.0892747    -1.60091  3.17221e-05
4250  -0.0106245   0.0894299    -1.69179  1.6952e-05
4260  -0.0111359   0.0889692    -1.78229  8.54913e-05
4270  -0.0123344   0.0878894    -1.53306  1.2776e-05
4280  -0.0113914    0.088739    -1.80506  6.56042e-06
4290  -0.0124656   0.0877711    -1.32925  8.60776e-05
4300  -0.0131129   0.0871879    -1.64651  8.76626e-06
4310  -0.0126409   0.0876132    -1.53362  6.5077e-05
4320  -0.0144145   0.0860152     -1.6692  5.86141e-05
4330  -0.0138132    0.086557    -1.35221  -2.77086e-05
4340  -0.0138603   0.0865145    -1.48815  6.77153e-05
4350  -0.0151675   0.0853367    -1.19347  6.78443e-05
4360  -0.0152172    0.085292    -1.39724  7.15707e-06
4370  -0.0153106   0.0852078    -1.19358  2.90209e-05
4380  -0.0157976    0.084769    -1.12551  4.4403e-05
4390  -0.0161987   0.0844076     -1.6239  3.14129e-05
4400  -0.0164259   0.0842029    -1.08046  -1.38842e-06
4410  -0.0161709   0.0844326   -0.695592  2.06471e-05
4420  -0.0168388   0.0838309    -1.23901  7.35203e-05
4430  -0.0176413   0.0831078   -0.582541  6.71497e-05
4440  -0.0181818   0.0826208    -1.12585  5.85712e-05
4450  -0.0188128   0.0820524    -1.19384  6.54185e-05
4460  -0.0194902    0.081442   -0.899213  4.12367e-05
4470  -0.0196375   0.0813093   -0.695504  -8.09971e-07
4480   -0.019474   0.0814566   -0.604978  -2.75139e-05
4490  -0.0190872   0.0818051   -0.718384  3.65051e-06
4500   -0.019547   0.0813908   -0.514409  1.92298e-05
4510  -0.0194718   0.0814586   -0.129628  6.19024e-05
4520   -0.020785   0.0802753   -0.401203  5.97606e-05
4530   -0.020667   0.0803817   -0.129739  -1.18238e-05
4540  -0.0205486   0.0804884   -0.310833  -7.3621e-06
4550  -0.0205198   0.0805143   -0.424017  -1.41611e-05
4560  -0.0202653   0.0807436   -0.537267  3.77926e-05
4570  -0.0212756   0.0798333   -0.152243  3.10184e-05
4580  -0.0208857   0.0801846   -0.220352  -3.22588e-05
4590  -0.0206305   0.0804146     0.39104  6.24908e-06
4600  -0.0210107    0.080072    0.300515  4.03697e-05
4610  -0.0214378   0.0796872    0.119332  1.99835e-05
4620  -0.0214104   0.0797119    0.526905  3.61007e-05
4630  -0.0221599   0.0790366   -0.106903  4.30311e-05
4640   -0.022271   0.0789365   -0.152265  1.11317e-05
4650  -0.0223825    0.078836   -0.152464  6.86316e-05
4660  -0.0236436   0.0776998   -0.220551  4.80621e-05
4670  -0.0233437     0.07797   -0.515051  2.53213e-05
4680    -0.02415   0.0772435   0.0966513  7.61582e-05
4690  -0.0248669   0.0765976   -0.673641  3.0139e-05
4700  -0.0247528   0.0767004   -0.718936  -3.46333e-05
4710  -0.0241742   0.0772217   -0.560523  4.79659e-06
4720  -0.0248487   0.0766139   -0.764321  4.1962e-05
4730  -0.0250135   0.0764655   -0.696233  -1.61648e-05
4740  -0.0245254   0.0769052   -0.809705  -3.95424e-05
4750  -0.0242226   0.0771781   -0.855045  -1.62872e-05
4760  -0.0241997   0.0771987   -0.990998  2.39555e-06
4770  -0.0242705   0.0771349    -1.03632  1.41533e-05
4780  -0.0244828   0.0769437   -0.809816  1.65505e-05
4790  -0.0246015   0.0768367   -0.651292  -1.17048e-05
4800  -0.0242487   0.0771546   -0.583447  -5.19065e-05
4810  -0.0235634    0.077772   -0.809926  -2.12668e-05
4820  -0.0238233   0.0775378     -1.1495  7.35162e-05
4830  -0.0250337   0.0764473    -1.23994  7.60866e-05
4840  -0.0253451   0.0761668    -1.05904  5.50232e-05
4850  -0.0261342   0.0754557    -1.01355  2.41479e-05
4860   -0.025828   0.0757316    -1.19466  -4.3612e-06
4870   -0.026047   0.0755343    -1.44409  7.70724e-05
4880  -0.0273695   0.0743428   -0.900429  7.61393e-06
4890  -0.0261993   0.0753971   -0.810014  -3.3025e-05
4900   -0.026709   0.0749379    -1.57991  7.51878e-05
4910   -0.027703   0.0740423   -0.832497  5.37094e-06
4920  -0.0268164   0.0748411    -1.28556  -1.86302e-05
4930  -0.0273304    0.074378    -1.17207  5.41592e-06
4940  -0.0269247   0.0747435    -1.42152  -3.09288e-05
4950  -0.0267118   0.0749353    -1.39899  2.98124e-05
4960   -0.027521   0.0742063    -1.19486  5.91075e-05
4970   -0.027894   0.0738702    -1.33077  -2.8634e-05
4980  -0.0269483   0.0747223    -1.30851  -5.80101e-05
4990  -0.0267338   0.0749155    -1.39897  -8.73863e-05
