Time   Number   
ps   
0          27           0
10          27           0
20          27           0
30          27           0
40          27           1
50          27           1
60          26           0
70          26           0
80          27           0
90          27           0
100          27           0
110          26           1
120          27           1
130          26           0
140          27           1
150          27           0
160          27           0
170          28           0
180          27           1
190          26           1
200          27           0
210          27           0
220          27           0
230          27           0
240          27           0
250          27           1
260          27           0
270          27           0
280          27           1
290          27           0
300          27           0
310          27           0
320          27           0
330          27           0
340          27           0
350          27           1
360          27           0
370          27           0
380          27           1
390          27           1
400          26           0
410          27           0
420          27           0
430          27           1
440          27           0
450          27           0
460          27           1
470          27           1
480          27           1
490          28           0
500          27           0
510          27           1
520          28           0
530          28           0
540          28           0
550          28           0
560          26           0
570          28           0
580          27           0
590          27           1
600          27           0
610          27           0
620          27           0
630          27           0
640          27           1
650          27           0
660          27           1
670          27           1
680          27           0
690          27           0
700          27           0
710          28           0
720          28           1
730          28           0
740          28           0
750          28           0
760          28           0
770          27           0
780          27           0
790          28           1
800          28           0
810          27           0
820          28           1
830          28           0
840          27           0
850          26           1
860          27           0
870          26           0
880          27           0
890          28           1
900          28           0
910          28           0
920          27           0
930          28           0
940          28           0
950          28           0
960          28           0
970          28           0
980          28           0
990          28           0
1000          28           0
1010          28           0
1020          28           0
1030          28           0
1040          28           0
1050          28           0
1060          28           0
1070          28           0
1080          28           0
1090          28           1
1100          28           0
1110          28           1
1120          28           1
1130          28           0
1140          28           0
1150          28           0
1160          28           1
1170          27           0
1180          28           0
1190          28           0
1200          28           0
1210          27           0
1220          28           1
1230          28           0
1240          28           0
1250          28           0
1260          28           0
1270          28           0
1280          28           0
1290          28           0
1300          28           0
1310          28           1
1320          28           1
1330          28           0
1340          28           1
1350          27           0
1360          28           0
1370          28           0
1380          28           0
1390          28           0
1400          28           1
1410          28           0
1420          28           1
1430          28           1
1440          28           1
1450          28           1
1460          28           0
1470          28           0
1480          28           0
1490          28           0
1500          28           0
1510          28           0
1520          28           0
1530          28           0
1540          28           0
1550          29           0
1560          29           0
1570          29           0
1580          29           0
1590          29           0
1600          29           0
1610          29           1
1620          29           0
1630          29           0
1640          29           1
1650          29           0
1660          29           1
1670          29           0
1680          29           0
1690          29           1
1700          29           0
1710          29           1
1720          29           1
1730          29           0
1740          29           0
1750          29           0
1760          29           0
1770          29           0
1780          29           1
1790          29           0
1800          28           0
1810          29           0
1820          29           0
1830          29           0
1840          29           0
1850          29           1
1860          29           0
1870          28           0
1880          28           0
1890          28           0
1900          28           1
1910          29           0
1920          29           1
1930          29           0
1940          29           0
1950          28           1
1960          29           0
1970          29           0
1980          29           0
1990          29           1
2000          29           0
2010          29           0
2020          29           1
2030          29           1
2040          29           1
2050          28           1
2060          29           0
2070          29           0
2080          29           1
2090          29           1
2100          29           0
2110          29           0
2120          29           1
2130          29           0
2140          29           0
2150          29           0
2160          29           0
2170          29           0
2180          29           0
2190          29           0
2200          29           1
2210          29           0
2220          29           1
2230          29           0
2240          29           0
2250          28           0
2260          29           0
2270          29           2
2280          29           0
2290          29           0
2300          29           0
2310          29           0
2320          29           0
2330          29           0
2340          28           1
2350          29           1
2360          29           0
2370          29           0
2380          29           0
2390          29           0
2400          29           1
2410          29           0
2420          28           1
2430          29           0
2440          29           0
2450          29           0
2460          29           0
2470          29           0
2480          29           0
2490          29           0
2500          29           0
2510          29           1
2520          29           0
2530          29           0
2540          28           0
2550          29           0
2560          29           0
2570          29           0
2580          28           1
2590          29           0
2600          29           0
2610          29           0
2620          29           0
2630          29           0
2640          29           0
2650          29           0
2660          28           1
2670          29           0
2680          29           1
2690          29           0
2700          28           1
2710          29           0
2720          28           1
2730          29           1
2740          28           2
2750          29           1
2760          29           0
2770          29           0
2780          29           0
2790          29           0
2800          29           0
2810          28           2
2820          29           0
2830          29           0
2840          29           1
2850          29           0
2860          29           0
2870          29           1
2880          29           0
2890          29           0
2900          29           1
2910          29           0
2920          29           1
2930          28           2
2940          29           0
2950          29           0
2960          29           0
2970          29           0
2980          29           1
2990          29           1
3000          29           0
3010          29           0
3020          29           0
3030          29           1
3040          29           0
3050          29           1
3060          29           0
3070          30           0
3080          30           0
3090          30           0
3100          30           1
3110          30           0
3120          30           1
3130          29           1
3140          30           0
3150          30           0
3160          30           1
3170          30           0
3180          30           1
3190          30           0
3200          30           0
3210          30           0
3220          29           1
3230          30           0
3240          30           0
3250          29           2
3260          30           0
3270          30           0
3280          30           0
3290          30           0
3300          30           0
3310          30           1
3320          30           0
3330          30           0
3340          29           0
3350          29           0
3360          30           0
3370          30           0
3380          30           0
3390          30           0
3400          30           1
3410          30           0
3420          30           0
3430          30           0
3440          28           0
3450          29           0
3460          29           0
3470          29           0
3480          29           0
3490          29           0
3500          29           0
3510          29           0
3520          29           0
3530          29           0
3540          29           0
3550          30           0
3560          29           0
3570          30           0
3580          29           0
3590          30           0
3600          30           0
3610          30           0
3620          30           0
3630          30           0
3640          29           0
3650          29           0
3660          29           0
3670          29           1
3680          29           0
3690          29           0
3700          29           1
3710          29           0
3720          30           0
3730          29           1
3740          30           0
3750          30           0
3760          30           0
3770          29           0
3780          30           0
3790          30           0
3800          30           1
3810          30           1
3820          30           0
3830          29           0
3840          30           1
3850          29           1
3860          30           1
3870          30           0
3880          30           1
3890          30           0
3900          30           0
3910          30           0
3920          29           1
3930          30           0
3940          30           0
3950          30           0
3960          30           1
3970          30           0
3980          30           0
3990          29           2
4000          29           1
4010          30           1
4020          30           0
4030          30           0
4040          30           0
4050          30           0
4060          30           0
4070          29           1
4080          30           0
4090          30           0
4100          30           0
4110          30           0
4120          30           0
4130          30           1
4140          30           0
4150          29           2
4160          30           1
4170          30           0
4180          30           1
4190          30           0
4200          30           0
4210          29           0
4220          30           0
4230          30           0
4240          30           0
4250          29           1
4260          30           0
4270          30           0
4280          30           0
4290          30           0
4300          30           0
4310          30           0
4320          30           0
4330          30           0
4340          30           0
4350          30           0
4360          30           0
4370          30           1
4380          30           0
4390          30           0
4400          30           0
4410          30           1
4420          30           0
4430          30           0
4440          30           0
4450          30           0
4460          30           0
4470          30           0
4480          30           0
4490          30           0
4500          30           1
4510          30           0
4520          30           0
4530          30           1
4540          30           0
4550          30           0
4560          30           0
4570          30           1
4580          30           0
4590          30           0
4600          30           0
4610          29           2
4620          30           0
4630          30           1
4640          29           0
4650          30           0
4660          30           0
4670          30           0
4680          30           0
4690          29           1
4700          30           0
4710          30           0
4720          30           0
4730          30           0
4740          30           0
4750          30           0
4760          30           1
4770          30           0
4780          30           1
4790          30           1
4800          30           0
4810          30           1
4820          30           1
4830          30           1
4840          30           1
4850          30           1
4860          30           0
4870          30           1
4880          29           1
4890          30           1
4900          30           0
4910          30           0
4920          30           1
4930          30           1
4940          30           0
4950          30           1
4960          29           1
4970          30           1
4980          30           0
4990          30           1
5000          30           0
5010          30           0
5020          30           0
5030          30           0
5040          30           1
5050          30           0
5060          30           1
5070          30           0
5080          30           1
5090          30           1
5100          30           0
5110          30           0
5120          29           1
5130          30           1
5140          30           0
5150          30           0
5160          29           1
5170          30           0
5180          30           0
5190          30           1
5200          30           0
5210          30           0
5220          30           1
5230          30           0
5240          30           1
5250          30           0
5260          29           0
5270          29           0
5280          29           0
5290          29           0
5300          29           0
5310          29           0
5320          29           0
5330          29           0
5340          29           0
5350          29           0
5360          29           0
5370          29           0
5380          29           0
5390          28           2
5400          29           0
5410          30           0
5420          29           0
5430          30           0
5440          30           0
5450          30           0
5460          30           0
5470          30           0
5480          30           0
5490          30           0
5500          29           0
5510          30           0
5520          30           0
5530          30           0
5540          29           1
5550          30           0
5560          30           0
5570          30           0
5580          30           0
5590          30           0
5600          29           1
5610          30           1
5620          30           0
5630          29           1
5640          30           0
5650          30           0
5660          30           0
5670          30           0
5680          30           0
5690          30           0
5700          30           0
5710          30           0
5720          30           0
5730          30           0
5740          30           0
5750          30           0
5760          30           0
5770          30           0
5780          30           0
5790          30           0
5800          30           0
5810          30           0
5820          29           1
5830          29           1
5840          30           0
5850          29           1
5860          30           0
5870          30           0
5880          30           0
5890          30           0
5900          30           0
5910          30           0
5920          30           0
5930          30           0
5940          30           0
5950          30           1
5960          30           0
5970          29           1
5980          30           0
5990          30           0
6000          30           0
6010          30           0
6020          30           0
6030          30           1
6040          30           0
6050          30           1
6060          30           1
6070          30           0
6080          30           0
6090          30           0
6100          30           1
6110          30           0
6120          30           0
6130          30           0
6140          30           0
6150          30           0
6160          30           0
6170          30           0
6180          30           0
6190          30           0
6200          30           0
6210          30           1
6220          30           0
6230          29           1
6240          30           1
6250          30           0
6260          30           0
6270          30           0
6280          30           0
6290          30           0
6300          29           1
6310          30           0
6320          30           0
6330          29           1
6340          30           0
6350          30           0
6360          30           0
6370          30           0
6380          30           0
6390          30           0
6400          30           0
6410          30           0
6420          30           0
6430          30           0
6440          30           0
6450          30           0
6460          30           0
6470          30           0
6480          30           0
6490          30           0
6500          30           0
6510          30           0
6520          30           0
6530          30           0
6540          30           0
6550          30           0
6560          30           0
6570          30           0
6580          30           0
6590          30           0
6600          30           0
6610          30           0
6620          30           1
6630          30           0
6640          30           0
6650          30           1
6660          30           0
6670          30           0
6680          30           0
6690          29           1
6700          29           1
6710          29           1
6720          30           0
6730          30           0
6740          30           0
6750          30           0
6760          30           0
6770          30           0
6780          30           0
6790          30           0
6800          30           0
6810          30           0
6820          30           0
6830          30           1
6840          30           0
6850          30           0
6860          30           0
6870          30           0
6880          30           0
6890          30           0
6900          30           0
6910          30           0
6920          30           0
6930          30           0
6940          30           0
6950          30           0
6960          30           0
6970          30           0
6980          30           0
6990          30           0
7000          30           0
7010          30           0
7020          30           0
7030          30           0
7040          30           0
7050          29           0
7060          30           0
7070          30           0
7080          30           0
7090          30           0
7100          29           0
7110          29           1
7120          30           0
7130          30           0
7140          30           0
7150          30           0
7160          30           0
7170          30           0
7180          29           0
7190          29           0
7200          29           0
7210          29           0
7220          29           0
7230          29           0
7240          29           0
7250          30           0
7260          30           0
7270          30           0
7280          30           0
7290          30           0
7300          29           0
7310          29           0
7320          29           1
7330          29           0
7340          29           0
7350          28           2
7360          29           0
7370          29           0
7380          29           0
7390          28           1
7400          29           0
7410          29           0
7420          29           0
7430          29           0
7440          29           0
7450          29           0
7460          29           0
7470          29           0
7480          29           0
7490          29           1
7500          29           1
7510          29           0
7520          29           0
7530          29           1
7540          29           1
7550          29           0
7560          29           0
7570          29           0
7580          28           0
7590          29           0
7600          29           0
7610          29           0
7620          28           1
7630          29           0
7640          29           0
7650          29           0
7660          29           0
7670          28           1
7680          29           0
7690          29           0
7700          29           0
7710          29           0
7720          29           0
7730          29           0
7740          29           0
7750          29           0
7760          29           0
7770          29           0
7780          29           1
7790          29           0
7800          28           1
7810          29           0
7820          29           0
7830          29           1
7840          29           0
7850          29           1
7860          29           1
7870          29           0
7880          29           1
7890          29           0
7900          29           1
7910          29           0
7920          29           1
7930          28           0
7940          29           0
7950          29           0
7960          28           0
7970          29           1
7980          28           0
7990          28           0
8000          29           0
8010          29           0
8020          29           0
8030          29           0
8040          29           0
8050          29           0
8060          29           0
8070          28           1
8080          29           0
8090          29           0
8100          29           0
8110          29           0
8120          29           0
8130          30           0
8140          30           0
8150          30           0
8160          30           0
8170          30           1
8180          30           1
8190          29           1
8200          29           0
8210          29           0
8220          29           0
8230          29           0
8240          29           0
8250          29           0
8260          29           1
8270          29           0
8280          29           0
8290          29           0
8300          29           1
8310          29           0
8320          29           0
8330          29           0
8340          29           0
8350          29           0
8360          29           0
8370          29           1
8380          29           0
8390          29           0
8400          29           1
8410          29           0
8420          29           0
8430          29           1
8440          29           0
8450          29           0
8460          29           0
8470          29           0
8480          29           0
8490          29           0
8500          28           1
8510          27           2
8520          29           0
8530          29           0
8540          29           0
8550          29           0
8560          29           0
8570          29           0
8580          29           0
8590          29           0
8600          29           0
8610          29           0
8620          29           0
8630          29           0
8640          29           0
8650          28           0
8660          29           1
8670          29           0
8680          29           0
8690          29           0
8700          29           0
8710          29           1
8720          29           0
8730          29           0
8740          29           1
8750          29           0
8760          29           0
8770          29           0
8780          29           0
8790          28           0
8800          28           0
8810          28           0
8820          28           0
8830          28           0
8840          28           0
8850          28           0
8860          29           0
8870          29           0
8880          30           0
8890          30           0
8900          29           0
8910          28           1
8920          29           0
8930          29           0
8940          28           0
8950          28           0
8960          28           0
8970          28           0
8980          28           0
8990          28           0
9000          28           0
9010          29           0
9020          28           0
9030          28           0
9040          28           0
9050          28           0
9060          28           0
9070          28           0
9080          28           0
9090          28           0
9100          28           0
9110          28           0
9120          28           0
9130          28           0
9140          28           0
9150          28           0
9160          28           0
9170          27           0
9180          28           0
9190          28           0
9200          28           0
9210          28           0
9220          28           0
9230          28           0
9240          29           1
9250          29           1
9260          30           1
9270          30           0
9280          30           1
9290          30           1
9300          30           0
9310          30           0
9320          30           0
9330          30           0
9340          30           1
9350          29           1
9360          29           0
9370          29           0
9380          29           1
9390          29           0
9400          29           0
9410          29           0
9420          29           0
9430          29           0
9440          29           0
9450          29           0
9460          29           0
9470          29           0
9480          29           1
9490          29           1
9500          29           0
9510          29           1
9520          29           0
9530          29           1
9540          29           1
9550          29           0
9560          29           0
9570          29           1
9580          29           1
9590          29           0
9600          29           1
9610          29           0
9620          29           0
9630          30           0
9640          30           1
9650          30           0
9660          30           1
9670          30           0
9680          30           1
9690          30           1
9700          29           0
9710          29           0
9720          29           0
9730          30           0
9740          30           0
9750          30           0
9760          30           0
9770          29           0
9780          29           0
9790          29           0
9800          29           0
9810          29           0
9820          29           0
9830          29           0
9840          29           0
9850          29           0
9860          29           0
9870          29           1
9880          30           0
9890          30           0
9900          29           0
9910          30           0
9920          30           0
9930          30           0
9940          30           0
9950          30           0
9960          30           0
9970          30           0
9980          30           0
9990          29           0
10000          29           0
