Time   C(t)   
ps   
0           1           1  6.87397e-10   0.0461786
10    0.554991    0.735748     3.62235    0.024663
20     0.50674    0.707096     1.73524  0.00314736
30    0.492044    0.698369    0.502306  0.00165044
40    0.473731    0.687494    -4.69023  0.00177067
50     0.45663     0.67734    -2.14186  0.00225091
60    0.428713    0.660762   -0.532328  0.00171524
70    0.422326    0.656969    -2.80054  0.000545448
80    0.417804    0.654284    -0.15998  0.000930646
90    0.403713    0.645917     2.67234  0.00127721
100     0.39226    0.639116   -0.444383  0.00141342
110    0.375444     0.62913   -0.157028  0.000905065
120    0.374158    0.628367   -0.160348  0.000380506
130    0.367834    0.624611       1.443  0.000278619
140    0.368586    0.625058  -0.0734183  0.000933979
150    0.349155    0.613519     2.76416  0.00087959
160    0.350994    0.614612    -2.71518  0.000274117
170    0.343672    0.610264    -2.33693  0.000764555
180    0.335703    0.605532    -2.81134  0.000892729
190    0.325818    0.599661  -0.0691746  0.000815213
200    0.319399     0.59585   -0.635768  0.000301424
210    0.319789    0.596082    0.967487  0.000215042
220    0.315098    0.593296    0.682716  0.000326508
230    0.313259    0.592204   -0.923769  0.000343226
240    0.308234     0.58922   -0.263051  0.000598674
250    0.301286    0.585094    -2.15385  0.000559922
260    0.297035     0.58257    -2.24871  0.000553218
270    0.290221    0.578524    -4.60902  0.000698081
280    0.283074    0.574279    -6.59329  0.000611505
290    0.277991    0.571261     -4.5172   0.0003967
300     0.27514    0.569568    -3.75996  0.000445729
310    0.269076    0.565968    -6.78477  0.000879711
320    0.257545     0.55912    -4.70361  0.000230719
330    0.264462    0.563228    -6.78431  -0.000362779
340    0.264801    0.563429    -7.44752  -9.82881e-05
350    0.266428    0.564395    -4.42529  0.000554121
360    0.253718    0.556848    -7.44475  0.000522277
370    0.255982    0.558192    -8.20374  -0.000153986
380    0.256798    0.558677    -4.80382  0.000451712
390    0.246948    0.552828    -4.99262  0.000524911
400      0.2463    0.552443    -5.55912  0.00011348
410    0.244678     0.55148    -5.18262  0.000162303
420    0.243054    0.550515    -1.21472  0.000397986
430    0.236719    0.546753    -7.07194  0.000406688
440     0.23492    0.545685    -6.22159  0.000529765
450    0.226123    0.540462    -5.65583  0.000717753
460    0.220565    0.537161    -6.88175  0.000393449
470    0.218255    0.535789    -9.71629  -9.50254e-05
480    0.222466    0.538289    -6.79169  -6.22228e-05
490    0.219499    0.536528    -6.12922  0.000673041
500    0.209005    0.530296    -9.52822  0.000567666
510    0.208146    0.529786    -6.22344  -0.000225268
520     0.21351    0.532972    -3.20517  -2.85819e-05
530    0.208717    0.530126    -3.48681  0.000430523
540      0.2049    0.527859    -5.56484  0.000275327
550    0.203211    0.526856     -5.5653  0.000119733
560    0.202505    0.526437    -5.37659  0.00012005
570     0.20081     0.52543    -3.39499  0.000342835
580    0.195648    0.522365    -2.16639  0.000194824
590    0.196913    0.523116    -4.24507  -6.87927e-05
600    0.197024    0.523182    -3.58361  0.000203939
610    0.192834    0.520694    -4.52633  0.000104782
620    0.194929    0.521938    -1.59952  -7.70085e-05
630    0.194375    0.521609    -4.34076  0.00033755
640    0.188178    0.517929    -5.37696  0.00028813
650    0.188612    0.518187    -5.28302  -0.00074196
660    0.203017     0.52674    -4.34168  3.13327e-05
670    0.187985    0.517815    -5.00064  0.000838105
680    0.186255    0.516787    -3.67921  0.000156596
690    0.184853    0.515955    -6.60796  0.000123553
700    0.183784     0.51532    -5.19212  -0.000110258
710    0.187059    0.517264    -7.74124  -0.000143733
720    0.186658    0.517027    -2.73621  8.19668e-05
730    0.185419    0.516291    -5.47487  0.000283391
740     0.18099    0.513661    -7.17492  0.000300606
750    0.179407    0.512721    -8.21195  -0.000421423
760    0.189419    0.518666    -9.63185  -0.000127181
770    0.181951    0.514231    -5.00221  0.000680203
780    0.175815    0.510588    -9.25221  0.000251683
790    0.176917    0.511242     -7.0784  -0.000186323
800    0.179541      0.5128    -9.91542  -0.00011903
810    0.179298    0.512656    -11.1425  0.000202031
820    0.175501    0.510401    -10.7629  -5.17942e-05
830    0.180334    0.513271    -10.1035  1.63913e-05
840    0.175173    0.510206    -8.87498  0.000236541
850    0.175603    0.510462    -8.11903  -6.00196e-05
860    0.176373    0.510919    -9.44387  -5.16132e-05
870    0.176635    0.511075    -9.25415  1.63615e-05
880    0.176046    0.510725    -11.1423  -9.44689e-05
890    0.178524    0.512197    -12.4655  1.64211e-05
900    0.175718     0.51053    -6.13641  -9.46075e-06
910    0.178714    0.512309    -10.5781  -3.48002e-05
920    0.176414    0.510943    -13.1268  9.32641e-05
930    0.176848    0.511201    -13.0332  0.000127904
940    0.173855    0.509424    -11.7103  -9.51409e-05
950    0.178751    0.512331     -10.484  -0.000120682
960    0.176269    0.510857    -12.9401  2.48626e-05
970    0.178254    0.512036    -11.3354  0.000137104
980    0.173527    0.509229    -12.3752  0.000490423
990    0.168446    0.506212    -11.3346  0.000137701
1000    0.170773    0.507594    -10.5805  7.79569e-05
1010    0.166886    0.505286    -9.16187  0.00012966
1020     0.16818    0.506054    -8.87986  4.36686e-05
1030    0.166013    0.504767    -9.54049  0.000398945
1040    0.160201    0.501316    -10.1066  -0.000112336
1050     0.16826    0.506101    -9.82655  9.81688e-06
1060    0.160005    0.501199    -8.40795  0.000556831
1070    0.157123    0.499488    -9.35141  0.000331991
1080    0.153365    0.497256    -11.0505  0.000411128
1090    0.148901    0.494606    -15.1112  -0.000163897
1100    0.156643    0.499203    -12.3739  -0.000146107
1110    0.151823    0.496341    -8.69198  0.000806138
1120     0.14052    0.489629    -10.2951  0.000282259
1130    0.146178    0.492989    -9.63508  -0.000487514
1140     0.15027    0.495419    -9.73289  -0.000225437
1150    0.150686    0.495666    -8.59795  0.000388821
1160    0.142494    0.490801    -9.63508  0.000195713
1170    0.146772    0.493342    -10.5807  -5.84915e-05
1180    0.143664    0.491496    -9.16556  0.000223052
1190    0.142311    0.490693    -10.3922  2.94909e-05
1200    0.143074    0.491146    -8.22247  0.000162198
1210    0.139067    0.488766    -8.50586  0.000259615
1220    0.137882    0.488062     -5.8616  0.000118677
1230    0.136693    0.487357    -8.22164  -8.4956e-05
1240    0.139581    0.489071    -9.07374  4.82254e-05
1250    0.135729    0.486784    -8.41265  0.000216769
1260    0.135245    0.486497    -7.84569  0.000128492
1270    0.133159    0.485258    -9.45107  0.000324637
1280    0.128753    0.482641     -8.8842  0.000227176
1290    0.128616     0.48256    -9.54556  0.000468962
1300    0.119373    0.477072    -12.6617  0.000174594
1310    0.125124    0.480487    -7.94258  0.000104293
1320    0.117287    0.475833    -5.57923  0.000345595
1330    0.118212    0.476382    -9.92446  -8.35732e-05
1340    0.118959    0.476826    -8.50862  -0.000119681
1350    0.120605    0.477804    -8.60515  0.00025763
1360    0.113806    0.473766     -7.9424  0.000428706
1370    0.112031    0.472712    -9.92409  -0.000227706
1380     0.11836     0.47647    -7.65975  0.000105985
1390    0.109912    0.471453    -10.0198  0.000322097
1400    0.111918    0.472645    -6.14813  0.000260172
1410    0.104708    0.468364    -6.52453  0.000142582
1420    0.109067    0.470952    -9.16916  -0.000282338
1430    0.110355    0.471717      -5.582  -7.45092e-05
1440    0.110557    0.471837    -8.79339  0.000243163
1450    0.105492    0.468829    -7.84689  -5.66673e-05
1460     0.11169     0.47251    -6.14923  -0.000101648
1470    0.107525    0.470036    -7.09528  0.000152725
1480    0.108636    0.470696    -6.62226  -0.00026641
1490    0.112853      0.4732    -5.77338  0.00017169
1500    0.105202    0.468657    -8.98321  -9.38617e-05
1510     0.11473    0.474315    -6.81235  -0.000267058
1520    0.110543    0.471828    -6.90758  0.000244948
1530    0.109831    0.471406    -10.1175  4.37714e-05
1540    0.109668    0.471309    -7.28519  0.000117438
1550    0.107482    0.470011    -7.47233  0.000366052
1560    0.102347    0.466961      -6.905  0.00029305
1570    0.101621    0.466531    -8.60579  -1.16937e-06
1580     0.10237    0.466975    -10.4946  -4.72568e-05
1590    0.102566    0.467092    -7.66141  0.000165264
1600   0.0990649    0.465012    -7.18922  0.000137661
1610   0.0998133    0.465457    -8.98312  0.000212381
1620   0.0948172     0.46249    -8.69946  6.40951e-05
1630   0.0985314    0.464696    -6.71758  -3.74254e-05
1640   0.0955658    0.462935    -8.88872  0.000296912
1650   0.0925931    0.461169    -8.41524  -9.34776e-05
1660   0.0974353    0.464045    -7.66205  -8.3917e-05
1670   0.0942715    0.462166    -11.7225  4.60953e-05
1680   0.0965134    0.463497     -5.2078  0.000298865
1690   0.0882942    0.458617    -5.58495  0.000710652
1700   0.0823004    0.455057    -8.22662  4.73574e-05
1710    0.087347    0.458054    -7.00198  -0.000280159
1720   0.0879035    0.458385    -6.90823  -0.000262308
1730   0.0925932    0.461169    -7.47713  2.87779e-05
1740    0.087328    0.458043    -6.05797  0.000310654
1750   0.0863801     0.45748    -6.34283  9.4898e-05
1760     0.08543    0.456916    -6.15006  -0.0002729
1770   0.0918381    0.460721    -5.49239  -0.000339266
1780   0.0922153    0.460945     -6.0599  -9.45017e-05
1790   0.0937281    0.461843    -4.07702  0.000407303
1800   0.0840693    0.456108    -2.65638  0.000341216
1810   0.0869038    0.457791    -5.30257  -0.000302772
1820   0.0901247    0.459704    -2.18751  3.87378e-05
1830    0.086129    0.457331    -4.64204  0.000390518
1840   0.0823144    0.455066    -3.22482  0.00034383
1850   0.0792524    0.453248    -6.34191  -0.000151387
1860   0.0853421    0.456864    -3.13272  -0.000284933
1870   0.0849511    0.456632    -2.66007  -4.69256e-05
1880   0.0862806    0.457421    -5.58947  9.53674e-07
1890    0.084932     0.45662    -3.88784  0.000307592
1900   0.0801288    0.453768    -3.79151  3.93223e-05
1910   0.0841456    0.456153    -2.94281  2.0773e-05
1920   0.0797133    0.453521    -5.39744  -5.66822e-05
1930   0.0852792    0.456826    -2.56678  0.000242478
1940   0.0748637    0.450642    -3.88581  0.000348214
1950   0.0783149    0.452691    -2.75521  -0.000316558
1960   0.0811949    0.454401    -1.33956  -0.000143297
1970   0.0811809    0.454393     -2.9465  0.000350026
1980   0.0741944    0.450244    -1.71597  0.000418342
1990    0.072814    0.449424    -3.13088  -0.000434543
2000   0.0828852    0.455405    -3.03878  -0.000259969
2010   0.0780134    0.452512    -3.41694  0.000147196
2020   0.0799413    0.453657   -0.490131  -4.68906e-05
2030   0.0789512    0.453069    -2.66127  0.000118667
2040    0.077568    0.452247    -4.17169  4.07979e-05
2050   0.0781353    0.452584    -4.36179  -4.70135e-05
2060   0.0785083    0.452806    -5.68442  6.05818e-05
2070   0.0769236    0.451865    -3.41621  9.00298e-05
2080   0.0767077    0.451736    -2.85127  -5.69332e-05
2090   0.0780623    0.452541    -1.71799  0.000149475
2100   0.0737182    0.449961     -2.9442  0.000149503
2110   0.0750722    0.450765    -2.47321  -6.6597e-05
2120   0.0750501    0.450752    -1.43507  0.000258792
2130   0.0698964    0.447692    -2.37945  -0.000136098
2140    0.077772    0.452368    -4.17529  -0.000234538
2150   0.0745872    0.450477    -3.79602  5.14101e-05
2160   0.0767438    0.451758    -4.83582  0.000210579
2170   0.0703756    0.447976   -0.112618  0.000180795
2180   0.0731279    0.449611    -4.64721  -3.6921e-05
2190    0.071114    0.448415    -8.42455  -5.72417e-05
2200   0.0742728    0.450291    -3.23026  -7.21701e-06
2210   0.0712583    0.448501    -4.26969  0.000251909
2220   0.0692346    0.447299    -5.68525  0.000412551
2230   0.0630073    0.443601    -7.57337  0.000313256
2240   0.0629695    0.443579      -5.497  3.81917e-06
2250   0.0629309    0.443556    -6.53569  0.000124251
2260   0.0604845    0.442103    -7.10275  0.00018468
2270   0.0592374    0.441362    -6.44148  0.000416606
2280   0.0521524    0.437155    -5.21223  0.000135267
2290    0.056532    0.439756    -7.57549  -0.000458703
2300   0.0613264    0.442603    -8.04685  -0.000106394
2310   0.0586599    0.441019    -4.64859  0.000327663
2320   0.0547732    0.438711    -3.98695  0.000308179
2330   0.0524963    0.437359     -6.3468  5.56285e-05
2340   0.0536606    0.438051    -6.91385  -0.000157184
2350     0.05564    0.439226    -5.02656  8.64238e-05
2360   0.0519321    0.437024    -5.87534  -2.56963e-05
2370   0.0561539    0.439531    -5.12069  -3.54329e-05
2380   0.0526408    0.437445    -7.57485  6.60274e-05
2390   0.0548334    0.438747    -5.30903  -0.000291095
2400   0.0584627    0.440902    -2.57259  -8.71165e-05
2410   0.0565757    0.439782    -3.13826  -0.000138921
2420   0.0612411    0.442552    -4.17806  -0.000179914
2430    0.060174    0.441919    -4.36787  -1.64039e-05
2440   0.0615692    0.442747    -3.70568  0.000138024
2450   0.0574135    0.440279    -3.32743  0.000323409
2460    0.055101    0.438906    -8.33264  -1.59496e-05
2470   0.0577325    0.440469    -3.89485  0.000325136
2480   0.0485983    0.435045    -8.33255  0.000263161
2490   0.0524693    0.437343     -9.0897  -4.48432e-06
2500    0.048688    0.435098    -8.61677  0.000378623
2510   0.0448968    0.432847    -6.34966  0.000275823
2520   0.0431715    0.431822    -6.34938  -8.71841e-05
2530   0.0466405    0.433882     -6.5392  -0.000295284
2540   0.0490772    0.435329    -4.65228  0.000277206
2550   0.0410964     0.43059    -4.83951  0.000308563
2560   0.0429059    0.431665     -6.3503  -0.000473893
2570   0.0505742    0.436218     -5.4085  -0.000160767
2580   0.0461213    0.433574    -4.55797  -0.000109601
2590   0.0527662     0.43752    -5.59804  -7.76861e-05
2600    0.047675    0.434496    -7.20287  0.000194546
2610   0.0488753    0.435209     -6.4471  0.000142903
2620   0.0448169    0.432799    -6.16279  0.000121846
2630   0.0464384    0.433762    -9.84749  -0.000288965
2640   0.0505962    0.436231    -5.88023  -0.000289572
2650   0.0522298    0.437201    -6.73086  -8.95079e-05
2660   0.0523864    0.437294    -7.67589  0.000291572
2670   0.0463984    0.433738    -8.80861  -2.63335e-05
2680   0.0529131    0.437607    -8.24433  -0.000291158
2690   0.0522215    0.437196    -10.4157  0.000569277
2700   0.0415275    0.430846    -8.05414  0.000548851
2710   0.0412445    0.430678    -10.8872  -3.56611e-05
2720   0.0422407     0.43127    -9.94226  -0.000334774
2730     0.04794    0.434654    -9.18926  -0.000185613
2740    0.045953    0.433474    -10.4153  0.000627463
2750   0.0353907    0.427202    -11.3575  0.000263881
2760   0.0406754     0.43034    -10.6038  -6.72871e-05
2770   0.0367365    0.428001    -10.2251  -0.000143397
2780   0.0435433    0.432043    -7.96158  -3.02624e-06
2790    0.036797    0.428037    -10.4156   0.0001794
2800   0.0399553    0.429912    -9.09449  0.000288596
2810   0.0310251     0.42461    -6.92188  0.000688763
2820   0.0261801    0.421732    -12.2109   6.274e-05
2830   0.0297703    0.423864    -10.7942  -0.000359504
2840   0.0333702    0.426002    -13.0614  9.5696e-05
2850   0.0278564    0.422728    -11.6454  0.000258473
2860   0.0282007    0.422932    -11.7388  -0.000415727
2870   0.0361709    0.427665    -11.1738  0.000129023
2880   0.0256202      0.4214     -12.684  0.000586856
2890   0.0244338    0.420696    -10.3228  0.000184443
2900   0.0219314     0.41921    -11.4569  -0.000198511
2910    0.028404    0.423053    -10.1343  -0.000450723
2920   0.0309458    0.424562    -7.30271  3.10488e-05
2930    0.027783    0.422684    -9.37889  0.000195736
2940   0.0270311    0.422238    -8.15232  -5.69032e-05
2950   0.0289211     0.42336    -10.7028  4.23938e-05
2960   0.0261832    0.421734    -11.4576  0.00021896
2970   0.0245419     0.42076    -10.9861  0.000252867
2980   0.0211259    0.418731     -11.457  -0.000245111
2990   0.0294441    0.423671    -7.87004  -0.000500151
3000   0.0311289    0.424671    -10.6094  7.57061e-05
3010     0.02793    0.422772    -11.5546  -5.79546e-05
3020    0.032288    0.425359    -13.3509  -7.98642e-05
3030   0.0295273     0.42372    -11.3656  0.000287625
3040   0.0265355    0.421944    -10.0438  0.000243741
3050   0.0246525    0.420825    -8.15269  -0.000225482
3060   0.0310451    0.424621    -10.0438  7.70487e-05
3070   0.0231115     0.41991    -7.11446  4.25569e-05
3080    0.030194    0.424116    -10.5156  -0.00061935
3090   0.0354985    0.427266    -8.62747  -0.000294842
3100   0.0360909    0.427618    -9.66551  3.08331e-05
3110   0.0348818      0.4269    -9.28809  0.000256536
3120   0.0309601    0.424571    -9.94853  0.000121442
3130    0.032453    0.425457    -8.43829  -0.000307986
3140   0.0371199    0.428229    -10.4218  0.00021286
3150   0.0281958    0.422929    -6.26577  0.000405494
3160     0.02901    0.423413      -9.288  -0.000127021
3170   0.0307362    0.424438    -8.24875  5.48805e-05
3180   0.0279124    0.422761    -6.35888  -1.37214e-05
3190   0.0310106    0.424601    -8.15509  0.000123718
3200    0.025438    0.421292     -9.0036  0.00046658
3210    0.021679     0.41906    -9.66321  9.0085e-05
3220   0.0236363    0.420222    -8.90901  -0.000184546
3230   0.0253699    0.421251    -10.4215  0.000171043
3240   0.0202154    0.418191    -10.4198  -1.30539e-05
3250    0.025631    0.421406    -10.0432  -2.38293e-05
3260    0.020692    0.418474    -8.81571  9.07299e-05
3270   0.0238164    0.420329    -7.21025  -0.000127992
3280   0.0232519    0.419994    -9.38157  0.00023016
3290   0.0192132    0.417595    -11.5542  -0.000151929
3300   0.0262904    0.421798    -11.9323  -0.000267633
3310   0.0245659    0.420774    -8.24875  0.00020757
3320    0.022139    0.419333    -8.81452  -0.000339115
3330   0.0313482    0.424801    -10.5176  -0.000234303
3340   0.0268251    0.422116    -9.47745  2.08883e-05
3350   0.0309304    0.424553    -9.38443  -0.000200629
3360   0.0308377    0.424498    -12.7839  0.000161583
3370   0.0276988    0.422634    -12.5944  0.000197033
3380    0.026897    0.422158    -10.3277  6.85593e-05
3390   0.0263276     0.42182    -7.49465  -2.53399e-05
3400   0.0274038    0.422459    -6.17312  6.8986e-05
3410   0.0249479    0.421001    -10.5164  2.17114e-05
3420   0.0269696    0.422201    -9.10122  2.21078e-05
3430   0.0245057    0.420738    -10.1389  0.000258611
3440   0.0217974     0.41913    -10.7995  0.000271251
3450   0.0190807    0.417517    -11.4603  -1.29159e-05
3460   0.0220557    0.419283    -10.3272  -0.000167139
3470   0.0224234    0.419502    -9.19517  0.00048727
3480   0.0123103    0.413496    -7.68207  0.00051182
3490   0.0121871    0.413423    -8.81479  -0.000298302
3500   0.0182763    0.417039    -9.66681  -0.000179076
3510   0.0157686     0.41555    -10.0441  0.000239186
3520   0.0134926    0.414198    -8.15592  0.000576038
3530  0.00424781    0.408709     -8.2494  0.000577275
3540  0.00194709    0.407343    -7.77629  -0.000419773
3550   0.0126433    0.413694    -8.44005  -0.000263291
3560  0.00721292     0.41047    -10.5159  0.000290232
3570  0.00683862    0.410247    -6.17155  0.000243143
3580  0.00235005    0.407582      -7.965  -0.00022893
3590   0.0114172    0.412966    -6.73861  -0.000483416
3600   0.0120184    0.413323    -8.25051  5.49573e-07
3610   0.0114062     0.41296    -6.92796  0.000292601
3620  0.00616635    0.409848    -6.26614  0.000268779
3630  0.00603064    0.409767    -7.40006  -1.08431e-05
3640  0.00638321    0.409977    -6.17229  3.80902e-05
3650  0.00526884    0.409315    -6.54925  1.3601e-06
3660  0.00635601    0.409961    -11.7444  2.60576e-05
3670  0.00474769    0.409006    -9.95102  5.05092e-05
3680  0.00534583    0.409361    -10.2337  0.000186238
3690  0.00102293    0.406794    -9.00535  -0.000121749
3700   0.0077808    0.410807    -10.8961  -8.42205e-05
3710  0.00270734    0.407794    -9.00664  0.000260822
3720  0.00256436    0.407709     -7.5897  0.000311615
3730  -0.00352495    0.404093    -6.17202  0.000349351
3740  -0.00442267     0.40356    -8.06217  2.77966e-05
3750  -0.00408089    0.403763    -7.96795  9.0218e-05
3760  -0.00622703    0.402489    -5.88992  0.000302237
3770  -0.0101256    0.400174    -9.85542  -7.15054e-05
3780  -0.00479692    0.403338    -11.1806  -0.000121028
3790  -0.00770506    0.401611    -10.3304  0.000178544
3800  -0.0083678    0.401217    -8.34749  0.000216948
3810   -0.012044    0.399035    -8.44162  0.000481305
3820  -0.0179939    0.395501    -8.25115  0.000268694
3830  -0.0174179    0.395843    -7.77933  -0.000435915
3840  -0.0092756    0.400678    -8.53694  -0.000196777
3850  -0.0134824     0.39818    -9.66902  1.65997e-05
3860  -0.00960759    0.400481    -5.41911  -0.000223419
3870  -0.00901397    0.400834      -9.386  2.93851e-05
3880  -0.0101953    0.400132    -9.85893  3.91966e-06
3890  -0.00909236    0.400787    -7.68677  0.000118702
3900  -0.0125693    0.398723    -8.06447  0.000258993
3910  -0.0142722    0.397711    -6.83559  -7.21227e-05
3920  -0.0111269    0.399579     -8.4441  -7.19495e-05
3930  -0.0128332    0.398566    -7.78191  0.000260616
3940  -0.0163392    0.396484    -6.74304  0.000389685
3950  -0.0206269    0.393938    -6.17524  0.000275196
3960  -0.0218431    0.393216    -7.02624  5.90207e-06
3970   -0.020745    0.393868    -8.25392  -0.000303517
3980  -0.0157728     0.39682    -6.93212  -0.000136208
3990  -0.0180208    0.395485    -5.61114  0.000393441
4000  -0.0236416    0.392148    -5.42003  0.000135151
4010  -0.0207238     0.39388    -6.36598  -0.000175377
4020  -0.0201341    0.394231    -6.55396  0.000123059
4030   -0.023185    0.392419    -7.49686  3.19446e-05
4040   -0.020773    0.393851     -5.6104  0.000176082
4050  -0.0267066    0.390328    -9.10445  0.000189053
4060   -0.024554    0.391606     -6.1758  -0.000359685
4070  -0.0195129    0.394599    -4.95033  -8.51565e-05
4080  -0.0228509    0.392617    -6.74469  -5.98718e-05
4090  -0.0183155     0.39531    -6.46084  1.95659e-05
4100  -0.0232422    0.392385    -8.34731  0.000124308
4110  -0.0208017    0.393834    -8.44272  -4.63462e-05
4120  -0.0223153    0.392935    -6.74137  -0.000205595
4130  -0.0166898    0.396276    -5.32664  -0.000232197
4140  -0.0176713    0.395693     -6.1781  0.000191254
4150  -0.0205149    0.394004    -7.21679  0.000338049
4160  -0.0244323    0.391678    -4.00466  -7.23209e-06
4170  -0.0203702     0.39409    -5.32886  -0.000153372
4180  -0.0213649      0.3935    -3.72265  -2.06599e-05
4190   -0.019957    0.394336    -4.38365  6.26603e-06
4200  -0.0214902    0.393425    -4.95042  4.62633e-05
4210  -0.0208823    0.393786    -8.72878  -0.000410232
4220  -0.0132856    0.398297     -4.5742  -0.00026298
4230  -0.0156227    0.396909    -6.74617  0.000328493
4240  -0.0198554    0.394396    -3.91339  7.28404e-05
4250  -0.0170795    0.396044    -2.87424  -0.000183362
4260  -0.0161882    0.396574    -4.57438  -0.000184165
4270  -0.0133962    0.398232    -4.57531  -4.88681e-05
4280  -0.0152108    0.397154    -2.78021  -0.000199056
4290  -0.00941507    0.400596    -4.10358  -2.19598e-05
4300  -0.0147716    0.397415    -1.26988  0.000249961
4310  -0.0144143    0.397627    -2.87534  0.000237668
4320   -0.019525    0.394592     -1.5541  0.000128449
4330  -0.0169833    0.396102    -3.06608  0.000431439
4340  -0.0281538    0.389468    -2.96901   0.0002943
4350  -0.0228693    0.392606    -2.40325  -0.000253976
4360  -0.0230742    0.392485    -2.31014  -0.000255374
4370  -0.0177618    0.395639    -1.83804  -0.000421624
4380  -0.0146417    0.397492    -4.01139  -0.000174137
4390   -0.014279    0.397707    -1.45997  0.000268769
4400  -0.0200171      0.3943    -4.10468  0.000435911
4410  -0.0229973     0.39253    -2.12133  0.000117618
4420  -0.0223695    0.392903    -2.12309  7.65242e-05
4430  -0.0245277    0.391622    -2.97076  -7.2672e-06
4440  -0.0222242    0.392989    -3.82074  -0.00011883
4450  -0.0221511    0.393033    -4.57798  -2.13299e-05
4460  -0.0217976    0.393243     -3.1603  0.000203324
4470  -0.0262176    0.390618    -2.02656  0.000499082
4480  -0.0317792    0.387315     -5.1431  0.000528979
4490  -0.0367972    0.384336    -3.06452  -9.03536e-05
4500  -0.0299721    0.388389     -2.6883  -0.000867648
4510  -0.0194442     0.39464    -1.83951  -0.000714582
4520  -0.0156805    0.396875    -2.97205  -0.00016409
4530  -0.0161624    0.396589    -3.16288  0.000290082
4540  -0.0214821     0.39343    -3.72782  0.000276448
4550  -0.0216914    0.393306    -2.49931  -0.0001075
4560  -0.0193321    0.394707    -3.44517  -0.000322199
4570  -0.0152474    0.397132    -1.93502  -0.000351916
4580  -0.0122938    0.398886    -2.50254  7.73497e-05
4590  -0.0167944    0.396214    -2.31226  0.000105721
4600  -0.0144082    0.397631    -4.95799  2.0291e-05
4610  -0.0172002    0.395973    -5.61898  -8.97609e-06
4620  -0.0142287    0.397737    -4.67543  0.000237384
4630  -0.0219479    0.393153    -5.42944  0.000556035
4640  -0.0253494    0.391134    -5.24101  0.000311738
4650  -0.0281827    0.389451    -4.57854  -0.000196075
4660  -0.0214279    0.393462    -2.12493  8.08034e-06
4670  -0.0283443    0.389355    -6.18576  0.00063456
4680  -0.0341191    0.385926    -4.57826  0.00024217
4690  -0.0331877    0.386479    -5.71255  -2.00577e-05
4700   -0.033718    0.386164    -4.29616  -2.02734e-05
4710  -0.0327822     0.38672    -4.10791  0.000200441
4720  -0.0377268    0.383784    -5.14596  0.000215374
4730  -0.0370897    0.384162    -5.61889  -7.85869e-05
4740   -0.036155    0.384717    -6.37475  0.000172632
4750  -0.0405423    0.382112    -7.13014  0.000350638
4760  -0.0431678    0.380553     -6.6573  0.000292736
4770  -0.0463971    0.378635    -4.39213  0.000145028
4780  -0.0460684     0.37883    -4.86349  1.17842e-05
4790  -0.0466327    0.378495    -5.80843  0.000116273
4800  -0.0483938    0.377449    -7.60243  -3.30312e-05
4810  -0.0459721    0.378888    -5.14734  0.000387047
4820  -0.0561348    0.372853    -5.99732  0.000492465
4830  -0.0558214    0.373039    -6.09053  -0.000166835
4840  -0.0527981    0.374834     -5.1479  -0.000137056
4850  -0.0530803    0.374667    -3.82637  1.31743e-05
4860  -0.0530616    0.374678    -6.47136  0.000316029
4870  -0.0594009    0.370913    -6.37548  0.000149786
4880  -0.0560573    0.372899    -6.65979  0.000288122
4890  -0.0651633    0.367492    -6.09237  0.000638269
4900  -0.0688227    0.365319    -5.33762  -0.000106331
4910  -0.0630367    0.368754    -6.94438  3.17715e-05
4920  -0.0694581    0.364941    -7.41639  7.66493e-05
4930  -0.0645697    0.367844    -7.60657  9.34124e-05
4940  -0.0713263    0.363832     -6.1876  9.26398e-05
4950  -0.0664225    0.366744    -7.98317  0.000155809
4960  -0.0744425    0.361981    -5.71624  0.000772715
4970  -0.0818768    0.357567    -6.66035  0.000450977
4980  -0.0834621    0.356625    -4.48681  -0.000337203
4990  -0.0751327    0.361572    -4.86645  -0.00112538
