Time   C(t)   
ps   
0           1           1  2.19508e-10   0.0215872
10    0.783609    0.786638      4.0064   0.0123573
20    0.752854    0.756314     3.01809  0.00312739
30    0.721061    0.724966   -0.257522  0.00259579
40    0.700939    0.705125   -0.590909  0.00217743
50    0.677513    0.682027   -0.593469  0.00236129
60    0.653713     0.65856    -5.17926  0.00220254
70    0.633462    0.638593     0.71671   0.0019617
80    0.614479    0.619876     -3.8758  0.00185107
90     0.59644     0.60209    -2.56434  0.00152695
100     0.58394    0.589764    -4.53617  0.00131695
110    0.570101     0.57612    -5.84955  0.00112238
120    0.561492    0.567631     1.36204  0.00105915
130    0.548919    0.555233   0.0467353  0.00117631
140    0.537966    0.544434    -6.83691  0.000931603
150    0.530286    0.536862    -1.59299  0.00106564
160    0.516653    0.523419    -2.57779  0.00110052
170    0.508276     0.51516    -3.23591  0.000755909
180    0.501535    0.508513    -4.87372  0.000658254
190    0.495111    0.502179    -2.58291    0.001024
200    0.481055     0.48832   -0.944782  0.000992542
210     0.47526    0.482606   -0.946703  0.000895426
220    0.463146    0.470662     3.97407  0.00088032
230    0.457654    0.465246      4.6274  0.000333616
240    0.456474    0.464083     4.95182  0.00041777
250    0.449298    0.457008     5.60739  0.000801627
260    0.440442    0.448275     2.65589  0.000986689
270    0.429565     0.43755     4.62516  0.000788222
280    0.424677    0.432731     2.65525  0.00065642
290    0.416436    0.424605     3.63972  0.000590666
300    0.412864    0.421083   -0.951504  0.000458108
310    0.407274    0.415572     2.65589  0.000509252
320    0.402679    0.411041   -0.294014  0.000476785
330    0.397738    0.406169     2.00096  0.000645797
340    0.389763    0.398306      1.9984  0.000663798
350    0.384462    0.393079     1.01424  0.000665317
360    0.376456    0.385185     3.96607  0.000582281
370    0.372817    0.381597     2.98031  0.000465596
380    0.367145    0.376004     1.99648  0.000432679
390    0.364163    0.373064   -0.955985  0.000568993
400    0.355765    0.364783   -0.297535  0.000586824
410    0.352427    0.361492    -2.92109  0.000384979
420    0.348065    0.357192    -2.91981  0.000419652
430    0.344034    0.353216    -5.54337  0.000318673
440    0.341692    0.350907    -4.56114  0.000353426
450    0.336965    0.346247   -0.628041  0.000405088
460     0.33359    0.342919    -2.92205  0.000320844
470    0.330548     0.33992    -6.85451  0.000270382
480    0.328182    0.337587     -4.8894  0.000356327
490    0.323422    0.332893    -5.87324  0.000271523
500    0.322752    0.332233    -4.23575  0.000238098
510     0.31866    0.328198    -2.59667  0.000409646
520    0.314559    0.324154    -1.28489  0.000393373
530    0.310792     0.32044   -0.302337  0.000171159
540    0.311136    0.320779    -2.59891  0.000154559
550    0.307701    0.317392    -2.27097  0.000257853
560    0.305979    0.315694    -4.89357  0.000292923
570    0.301843    0.311616    -3.58115  0.000310647
580    0.299766    0.309568    -3.58211  0.000363162
590    0.294579    0.304455    -2.27097  0.000329237
600    0.293181    0.303076     -1.9443  0.000209136
610    0.290397     0.30033   -0.962068  0.000399862
620    0.285184     0.29519   -0.634122  0.000383262
630    0.282731    0.292772    -1.94654  0.000297518
640    0.279233    0.289323    -3.25704  0.000367543
650    0.275381    0.285524    -2.60115  0.000229274
660    0.274648    0.284802    -1.61892  0.000160336
670    0.272174    0.282363     -6.8638  0.000230259
680    0.270043    0.280261     -2.9307  0.00028308
690    0.266512     0.27678    -1.29193  0.000335976
700    0.263323    0.273636   0.0176055  0.000354187
710    0.259428    0.269796    -3.25928  0.00042488
720    0.254826    0.265257   -0.965268  0.000163101
730    0.256166    0.266579    -1.62244  0.000146241
740    0.251901    0.262373    -3.26152  0.00033929
750    0.249381    0.259888    -1.29577  0.000375251
760    0.244396    0.254973    -2.27801  0.000270414
770    0.243972    0.254556    -1.62436  0.000130405
780    0.241788    0.252402    -2.27961  0.000218714
790    0.239598    0.250243    -2.28057  7.80404e-05
800    0.240227    0.250863    -2.60819  6.06954e-05
810    0.238384    0.249046    -0.96911  0.000219835
820     0.23583    0.246528     -1.9523  0.00022028
830    0.233979    0.244702    -1.29737  0.000167637
840    0.232477    0.243222   -0.641485  0.000114798
850    0.231683    0.242438    0.342349  0.000221647
860    0.228044    0.238851    -2.60787  0.00022198
870    0.227243    0.238061    -1.29834  0.000240417
880    0.223236     0.23411   -0.969751  0.000169501
890    0.223853    0.234718    0.994398  0.000170124
900    0.219834    0.230755   -0.316101  0.000152381
910    0.220805    0.231713   -0.316741  9.97931e-06
920    0.219634    0.230558   -0.645006  0.000242539
930    0.215955     0.22693   0.0112037  0.000278773
940    0.214059    0.225061    -1.62756  0.000207742
950      0.2118    0.222834   -0.971671  0.000190222
960    0.210254     0.22131    -2.61108  0.000226637
970    0.207267    0.218364    -1.95551  0.000299042
980    0.204273    0.215413   -0.973592  0.000191607
990    0.203435    0.214586   -0.317702  0.000210194
1000    0.200069    0.211268   -0.318021  0.000300804
1010    0.197419    0.208654    0.993758  0.000229205
1020    0.195485    0.206748   -0.318022  0.000157371
1030    0.194271    0.205551    -1.30218  0.000193997
1040    0.191605    0.202922   -0.318662  0.000158072
1050     0.19111    0.202434  0.00896329  0.00019486
1060    0.187708    0.199079    0.664533  0.000231495
1070     0.18648    0.197868  0.00960295  0.000159345
1080    0.184521    0.195937    0.664852  0.000159659
1090    0.183287     0.19472    0.337228  0.000141816
1100    0.181685     0.19314    -1.30186  0.000142115
1110    0.180445    0.191917   -0.646927  0.00016074
1120     0.17847    0.189971    -1.30186  0.000179361
1130    0.176857     0.18838    -1.95711  0.000179785
1140    0.174874    0.186425    -1.30186  0.000345246
1150    0.169952    0.181572    -1.30122  0.00041931
1160    0.166488    0.178157    -1.95711  0.000218125
1170     0.16559    0.177271    -1.63012  0.000163554
1180    0.163217    0.174931    -2.28441  0.000182265
1190    0.161945    0.173676   -0.974231  0.000164298
1200    0.159931    0.171691   -0.973592  0.000238497
1210    0.157175    0.168973    -0.97391  0.00031295
1220    0.153672     0.16552   -0.645327  0.000295113
1230    0.151272    0.163154   -0.318342  0.000166135
1240     0.15035    0.162244    -1.95743  0.000110948
1250    0.149053    0.160966   -0.318022   9.261e-05
1260    0.148497    0.160417    0.336588  0.000260206
1270    0.143849    0.155835  0.00992291  0.000316414
1280    0.142169    0.154178  0.00960318  0.000205494
1290    0.139739    0.151782    0.993118  0.000205921
1300    0.138051    0.150117    0.993118  0.00016908
1310    0.136358    0.148448   0.0105635  0.000113367
1320    0.135783    0.147881  0.00992298  2.00778e-05
1330    0.135956    0.148052   -0.318342  3.89129e-05
1340    0.135005    0.147114     1.32106  0.000170298
1350     0.13255    0.144694     1.64805  0.000264543
1360    0.129714    0.141897     3.61476  0.000133469
1370    0.129881    0.142062     4.26969  0.000190444
1380    0.125905    0.138142     3.94302  0.000228353
1390    0.125314    0.137559     2.63156  2.14629e-05
1400    0.125476    0.137718     1.64709  0.000134936
1410    0.122615    0.134898     1.31946  0.000191825
1420     0.12164    0.133936    0.335947  0.000116622
1430    0.120283    0.132598    0.664213  5.99846e-05
1440     0.12044    0.132753   -0.974872  9.81838e-05
1450    0.118319    0.130662    -2.94158  0.000117286
1460    0.118094     0.13044   -0.647567  0.00015573
1470    0.115204    0.127591    -2.28601  0.000155942
1480    0.114975    0.127365    -1.95903  -9.15017e-05
1490    0.117035    0.129395    -1.63172  -7.24889e-05
1500    0.116425    0.128794   -0.975833  6.10191e-05
1510    0.115814    0.128192   -0.320903  8.03068e-05
1520    0.114819     0.12721   -0.975832  2.29791e-05
1530    0.115355    0.127739     -1.3041  8.06853e-05
1540    0.113205    0.125619   -0.976153  8.0717e-05
1550     0.11374    0.126147    -1.30378  6.18376e-05
1560    0.111968      0.1244    -1.63172  0.000100357
1570    0.111733    0.124168    -1.63204  2.35707e-05
1580    0.111497    0.123935    -1.63268  8.15332e-05
1590    0.110102     0.12256   -0.320902  0.000120307
1600    0.109091    0.121563   -0.648528  6.25726e-05
1610    0.108851    0.121326  0.00608186  2.4027e-05
1620     0.10861    0.121089    -1.63268  6.28751e-05
1630    0.107593    0.120086   -0.321543  8.23941e-05
1640    0.106963    0.119464   -0.976793  0.000121492
1650    0.105164     0.11769   -0.977113  0.000121715
1660    0.104528    0.117064    -1.30474  0.000141564
1670    0.102332    0.114899    -1.96031  0.000180831
1680    0.100912    0.113498   -0.648528  8.36458e-05
1690    0.100659    0.113249   -0.976152  6.43596e-05
1700   0.0996244    0.112229    0.334988  6.44673e-05
1710   0.0993701    0.111978     1.97375  2.54605e-05
1720   0.0991152    0.111727    0.662932  5.89602e-06
1730   0.0992522    0.111862    0.661972  0.000143496
1740   0.0962453    0.108897    0.661972  6.49501e-05
1750   0.0979532    0.110581     1.64485  -1.34036e-05
1760   0.0965133    0.109161     2.62772  0.000104713
1770   0.0958589    0.108516     2.62836  6.2786e-06
1780   0.0963878    0.109037      2.3001  4.59086e-05
1790   0.0949407    0.107611     2.95567  8.54928e-05
1800   0.0946779    0.107351     3.61123  0.000105593
1810   0.0928289    0.105528     2.29978  0.000125598
1820   0.0921659    0.104875     2.95567  0.00010611
1830   0.0907067    0.103436      2.3001  4.66414e-05
1840   0.0912331    0.103955     2.62804  -5.27073e-05
1850   0.0917608    0.104475    0.987996  6.98976e-06
1860   0.0910933    0.103817      2.6274  4.6866e-05
1870   0.0908235    0.103551     1.64389  -7.29363e-05
1880   0.0925521    0.105255     1.64357  7.06539e-06
1890   0.0906822    0.103412     1.97183  0.00016718
1900   0.0892084    0.101959     1.31626  8.73595e-05
1910    0.088935    0.101689     1.64389  7.29114e-06
1920   0.0890626    0.101815    0.987996  -1.278e-05
1930   0.0891906    0.101941     1.97183  7.32727e-06
1940   0.0889161     0.10167     2.29946  4.76513e-05
1950   0.0882376    0.101001    0.661011  -3.30146e-05
1960   0.0895764    0.102321     1.64325  -5.31871e-05
1970   0.0893013     0.10205    0.987996  4.77798e-05
1980   0.0886208    0.101379     1.64421  8.84049e-05
1990   0.0875332    0.100307     1.64421  8.86004e-05
2000   0.0868488   0.0996319     1.64421  4.82157e-05
2010   0.0865689   0.0993559    0.987996  -1.2663e-05
2020    0.087102   0.0998816    0.987997  -1.26462e-05
2030   0.0868218   0.0996053  0.00448143  8.92363e-05
2040   0.0853173   0.0981218   -0.323464  0.00015064
2050    0.083809   0.0966347   -0.650769  6.9242e-05
2060   0.0839325   0.0967564    -1.30698  6.95191e-05
2070   0.0824186   0.0952638     -1.6346  0.000110583
2080   0.0817208   0.0945757    -1.63428  0.000151955
2090   0.0793795   0.0922672    -1.30698  0.000152237
2100   0.0786761   0.0915736    -3.60163  2.92879e-05
2110   0.0787938   0.0916896    -2.29145  0.000111811
2120   0.0764399   0.0893687    -3.60259  0.000132563
2130   0.0761425   0.0890755    -3.60259  7.10744e-05
2140   0.0750184   0.0879671    -4.25816  0.000195275
2150    0.072237   0.0852247    -4.25784  0.00021637
2160    0.070691   0.0837003    -6.55186  0.000134075
2170   0.0695555   0.0825807    -4.58579  9.29333e-05
2180   0.0688323   0.0818676    -3.60259  0.000155552
2190   0.0664445   0.0795132    -4.91309  0.000176653
2200   0.0652992    0.078384    -4.58547  0.000135508
2210   0.0637343    0.076841    -3.93086  0.000114966
2220   0.0629999   0.0761169    -3.27497  5.26439e-05
2230   0.0626814   0.0758029    -3.93022  -9.94801e-06
2240   0.0631989    0.076313    -2.94798  3.19689e-05
2250   0.0620421   0.0751724    -3.27529  9.48589e-05
2260   0.0613017   0.0744424    -2.61972  7.41346e-05
2270   0.0605594   0.0737105    -3.93022    5.33e-05
2280   0.0602357   0.0733914     -3.9299  1.13562e-05
2290   0.0603322   0.0734866     -2.9467  1.14158e-05
2300   0.0600074   0.0731662    -3.27433  3.25255e-05
2310   0.0596817   0.0728451    -3.60259  7.48796e-05
2320   0.0585098   0.0716896    -3.93022  0.000117348
2330   0.0573348    0.070531    -3.60131  0.000160036
2340   0.0553091   0.0685337    -5.56866  0.000181619
2350   0.0537024   0.0669495    -4.58483  9.71366e-05
2360   0.0533663   0.0666182    -4.58547  5.49244e-05
2370   0.0526039   0.0658664    -4.91277  1.24363e-05
2380   0.0531176   0.0663729     -2.9467  5.52122e-05
2390   0.0514997   0.0647776    -3.27465  7.6575e-05
2400   0.0515861   0.0648628    -3.27465  5.55048e-05
2410   0.0503896   0.0636831    -3.60259  0.000119811
2420   0.0491899   0.0625002     -3.9299  0.000120126
2430    0.047987   0.0613142     -3.9299  -2.98556e-05
2440    0.049787   0.0630889    -3.27529  3.47625e-05
2450   0.0472918   0.0606286    -4.25816  0.000206797
2460   0.0456511   0.0590109    -4.91309  9.96191e-05
2470   0.0452994   0.0586642    -3.93054  0.000121554
2480     0.04322   0.0566138     -2.9467  0.000100148
2490   0.0432964   0.0566892    -3.27529  5.72735e-05
2500   0.0420745   0.0554844    -3.27497  0.000100684
2510   0.0412828   0.0547037    -2.29177  5.75809e-05
2520   0.0409229   0.0543489    -1.96479  7.94923e-05
2530   0.0396929   0.0531361    -1.96415  5.7888e-05
2540   0.0397651   0.0532074    -2.29241  1.45555e-05
2550   0.0394018   0.0528491    -2.29305  0.000123652
2560   0.0372921   0.0507689    -1.96479  8.01725e-05
2570   0.0377984   0.0512681    -0.65429  5.86919e-05
2580   0.0361183   0.0496115    -1.96479  8.06095e-05
2590   0.0361862   0.0496785    -1.96511  8.0942e-05
2600   0.0344994   0.0480154    -1.63748  0.000146939
2610   0.0332474   0.0467809    -1.63716  0.000103378
2620   0.0324319   0.0459767    -1.30954  5.96354e-05
2630   0.0320547   0.0456048    -1.63716  3.77731e-05
2640   0.0316764   0.0452319    -1.30954  0.000104133
2650    0.029972   0.0435513    -1.30954  0.000148555
2660   0.0287053   0.0423023   -0.981915  0.00014899
2670   0.0269922   0.0406132    -1.63716  1.63132e-05
2680    0.028379   0.0419806   -0.654289  -2.78407e-05
2690    0.027549   0.0411623   -0.654609  6.08765e-05
2700   0.0271615   0.0407802   -0.654929  0.000105606
2710   0.0254369   0.0390797    -1.30986  8.35073e-05
2720   0.0254914   0.0391334   -0.654289  3.92036e-05
2730   0.0246528   0.0383066    -0.65429  3.92509e-05
2740   0.0247063   0.0383594    -0.65461  3.94202e-05
2750   0.0238644   0.0375292    -0.65461  8.4307e-05
2760   0.0230202   0.0366968    -0.65429  6.20888e-05
2770   0.0226226   0.0363048    -0.65429  -5.15385e-06
2780   0.0231233   0.0367985   -0.982234  -2.76195e-05
2790    0.023175   0.0368495    -0.65461  3.99067e-05
2800   0.0223251   0.0360115   -0.326665  8.51077e-05
2810   0.0214729   0.0351712    -0.65461  4.0128e-05
2820   0.0215226   0.0352202   -0.654289  -2.76138e-05
2830   0.0220252   0.0357157  0.000960048  -4.98835e-06
2840   0.0216224   0.0353185  0.000960466  6.30403e-05
2850   0.0207644   0.0344726   -0.326664  8.59209e-05
2860   0.0199039   0.0336242   -0.326665  1.78636e-05
2870   0.0204071   0.0341203  0.00096044  1.80081e-05
2880   0.0195438   0.0332691  0.000960181  6.36245e-05
2890   0.0191346   0.0328656  0.000959812  6.38348e-05
2900   0.0182671   0.0320102  0.000959951  6.39828e-05
2910   0.0178549   0.0316039    -0.65429  4.12693e-05
2920   0.0174417   0.0311964   -0.654289  -4.5348e-06
2930   0.0179456   0.0316933    -0.65429  -4.48115e-06
2940   0.0175313   0.0312848   -0.654609  6.45136e-05
2950   0.0166554   0.0304211    -0.65461  0.000110777
2960   0.0153158   0.0291002    -0.65429  8.79721e-05
2970   0.0148959   0.0286863   -0.982234  4.20444e-05
2980   0.0144749   0.0282711    -1.31018  6.53179e-05
2990   0.0135896   0.0273982     -1.6378  8.86579e-05
3000   0.0127017   0.0265228    -1.31018  8.89136e-05
3010   0.0118113   0.0256448    -1.31018  8.91693e-05
3020   0.0109183   0.0247644    -1.31018  8.94255e-05
3030   0.0100228   0.0238814   -0.982554  8.96806e-05
3040  0.00912472   0.0229959   -0.982555  8.99364e-05
3050  0.00822405   0.0221078   -0.982554  9.01978e-05
3060  0.00732076   0.0212172    -1.63812  4.36115e-05
3070  0.00735182   0.0212478     -1.3105  2.03463e-05
3080  0.00691384   0.0208159     -1.3105  6.73551e-05
3090  0.00600472   0.0199195     -1.3105  6.75167e-05
3100   0.0055635   0.0194845   -0.982874  4.41861e-05
3110  0.00512099   0.0190482     -1.3105  4.43149e-05
3120   0.0046772   0.0186106   -0.982874  4.44425e-05
3130  0.00423214   0.0181718   -0.982875  4.45743e-05
3140  0.00378572   0.0177316   -0.982875  2.10078e-05
3150  0.00381199   0.0177575   -0.982874  -2.63028e-06
3160  0.00383832   0.0177835   -0.982554  -2.63622e-06
3170  0.00386471   0.0178095   -0.982554  4.49573e-05
3180  0.00293918   0.0168969   -0.982554  6.88542e-05
3190  0.00248763   0.0164517   -0.982874  4.52227e-05
3200  0.00203472   0.0160051     -1.3105  4.53564e-05
3210   0.0015805   0.0155573     -1.3105  4.54895e-05
3220  0.00112493   0.0151081   -0.982874  4.56236e-05
3230  0.000668028   0.0146576   -0.982874  4.57576e-05
3240  0.000209781   0.0142057   -0.982874  4.58929e-05
3250  -0.00024983   0.0137526   -0.982874  4.60296e-05
3260  -0.000710811    0.013298     -1.3105  4.61662e-05
3270  -0.00117315   0.0128422     -1.3105  4.63028e-05
3280  -0.00163687   0.0123849     -1.3105   2.225e-05
3290  -0.00161815   0.0124034   -0.982874  2.23522e-05
3300  -0.00208391   0.0119441   -0.982874  2.23839e-05
3310  -0.00206583    0.011962   -0.982875  -1.81348e-06
3320  -0.00204764   0.0119799   -0.982874  -1.81942e-06
3330  -0.00202944   0.0119979   -0.982875  2.25489e-05
3340  -0.00249862   0.0115352   -0.654929  4.69878e-05
3350  -0.0029692   0.0110713    -0.65493  7.15766e-05
3360  -0.00393015   0.0101237   -0.982554  4.72747e-05
3370  -0.00391469    0.010139   -0.982875  4.7491e-05
3380  -0.00487997  0.00918723    -0.65493  4.75578e-05
3390  -0.00486585  0.00920115   -0.982875  2.31821e-05
3400  -0.00534361  0.00873008   -0.654929  4.78487e-05
3410  -0.00582282  0.00825758    -1.63812  4.79908e-05
3420  -0.00630343   0.0077837   -0.982554  4.81379e-05
3430  -0.00678558  0.00730829   -0.654929  4.82876e-05
3440  -0.00726918  0.00683146     -1.3105  7.32157e-05
3450  -0.00824989  0.00586448    -0.65493  9.82215e-05
3460  -0.00923361  0.00489453   -0.982554  4.88046e-05
3470  -0.00922599  0.00490205   -0.982874  2.41352e-05
3480  -0.00971632  0.00441859   -0.982874  4.91053e-05
3490  -0.0102081  0.00393369   -0.327304  7.42282e-05
3500  -0.0112009   0.0029548  0.000640527  7.4419e-05
3510  -0.0116965  0.00246615   -0.654929  4.96372e-05
3520  -0.0121936  0.00197596    -0.65493  2.47025e-05
3530  -0.0121905  0.00197902   -0.654929  2.48178e-05
3540    -0.01269  0.00148655   -0.982554  5.00208e-05
3550  -0.0131909  0.000992605     -1.3105  2.49705e-05
3560  -0.0131894  0.000994131    -1.63812  -2.54002e-05
3570  -0.0126829   0.0014935   -0.982875  -1.56136e-07
3580  -0.0131863  0.00099721   -0.982874  2.50877e-05
3590  -0.0131847  0.000998768     -1.3105  -2.55217e-05
3600  -0.0126758   0.0015005   -0.982874  -2.55625e-05
3610  -0.0126734  0.00150286   -0.982874  -2.38139e-07
3620  -0.0126711  0.00150519   -0.982875  2.52443e-05
3630  -0.0131783  0.00100504     -1.3105  2.52815e-05
3640  -0.0131767  0.00100664     -1.3105  -5.12862e-05
3650  -0.0121526  0.00201641   -0.982874  -7.6969e-05
3660  -0.0116373  0.00252447   -0.982874  -5.1611e-05
3670  -0.0111204  0.00303418   -0.655249  -4.05358e-07
3680  -0.0116292  0.00253247   -0.982554  -4.8792e-07
3690  -0.0111106   0.0030438   -0.327304  -2.61731e-05
3700  -0.0111058   0.0030486   -0.327304  -4.89783e-07
3710  -0.0111008  0.00305346   -0.327305  2.53541e-05
3720  -0.0116128  0.00254862   -0.327305  5.12831e-05
3730  -0.0121265  0.00204215  0.000320008  2.55169e-05
3740  -0.0121232  0.00204542  0.000320551  2.56391e-05
3750  -0.0126393  0.00153655    0.327945  -3.32901e-07
3760  -0.0121165  0.00205199   -0.327624  -2.48337e-07
3770  -0.0126343  0.00154145  0.000320374  2.57629e-05
3780  -0.0126318  0.00154394  0.000320399  -2.63926e-05
3790  -0.0121065  0.00206191  0.00032009  -2.52947e-07
3800  -0.0126267  0.00154893   -0.327304  -3.36999e-07
3810  -0.0120997  0.00206856  0.000320167  -2.52761e-07
3820  -0.0126217  0.00155392  0.000320021  -2.6648e-05
3830  -0.0115667  0.00259406   -0.327625  -5.29596e-05
3840  -0.0115625  0.00259828  0.000320288  -5.32162e-05
3850  -0.0105024  0.00364348   -0.327625  -0.000132614
3860  -0.00891018  0.00521343  1.93562e-07  -0.000133005
3870  -0.00784233  0.00626634    0.327945  -0.000106958
3880  -0.00677102  0.00732265  3.35328e-07  -8.07402e-05
3890  -0.00622753  0.00785854  0.000320036  -2.78278e-05
3900  -0.00621447  0.00787141  0.000640709  -1.3083e-06
3910  -0.00620136  0.00788434   -0.327304  -1.31452e-06
3920  -0.00618818  0.00789733  0.000960555  -1.31626e-06
3930  -0.00617504  0.00791029  0.000640652  5.22515e-05
3940  -0.00723321  0.00686693    0.984475  7.91645e-05
3950  -0.00775832  0.00634917     0.65685  2.57232e-05
3960  -0.00774767  0.00635967     0.65685  -2.79874e-05
3970  -0.00719858  0.00690108     0.65685  2.58915e-05
3980  -0.0082655  0.00584909    0.329226  7.98623e-05
3990  -0.00879582  0.00532619    0.657171  2.60659e-05
4000  -0.00878682  0.00533507    0.657171  2.61978e-05
4010  -0.00931978  0.00480957     0.65717  -9.04314e-07
4020  -0.00876873   0.0053529    0.329225  2.63736e-05
4030  -0.00984725  0.00428949     0.65685  5.35599e-05
4040  -0.00983993   0.0042967    0.328905  2.65492e-05
4050  -0.0103782  0.00376594     0.65685  -7.33742e-07
4060  -0.00982526  0.00431117     0.65621  -2.80178e-05
4070  -0.00981788  0.00431845  0.000320296  -7.39004e-07
4080  -0.00981048  0.00432574     0.65621  5.41903e-05
4090  -0.0109017  0.00324981     0.65621  8.17945e-05
4100  -0.0114464  0.00271275     0.65653  2.69991e-05
4110  -0.0114417  0.00271739    0.984475  -2.80744e-05
4120  -0.0108849  0.00326638    0.328585  -4.69573e-07
4130  -0.0114323  0.00272665    0.656851  -5.66989e-07
4140  -0.0108735  0.00327756   -0.326664  -5.59675e-05
4150  -0.0103129  0.00383033    0.656531  -2.83623e-05
4160  -0.0103063  0.00383687     0.65621  2.71774e-05
4170  -0.0108565  0.00329439    0.328585  -6.70273e-07
4180  -0.0102929  0.00385009    0.984155  -5.64528e-05
4190  -0.00972742  0.00440764    0.984155  -2.86582e-05
4200  -0.00971972  0.00441523    0.328585  -5.68442e-05
4210  -0.00859053  0.00552861  0.000960205  -0.000113111
4220  -0.00745751  0.00664577    0.328585  -2.91025e-05
4230  -0.00800848  0.00610251   -0.982554  -2.93515e-05
4240  -0.00687048  0.00722458   -0.654609  -8.57668e-05
4250  -0.00629315  0.00779383     -1.3105  -8.6114e-05
4260  -0.0051482  0.00892275   -0.654929  -5.80368e-05
4270  -0.00513241  0.00893832   -0.982555  -1.58283e-06
4280  -0.00511654  0.00895397   -0.982554  -5.84441e-05
4290  -0.00396353   0.0100908   -0.654609  -5.85493e-05
4300  -0.00394556   0.0101086   -0.654609  -5.88539e-05
4310  -0.00278645   0.0112514   -0.326664  -3.03826e-05
4320  -0.00333791   0.0107077    -1.30986  5.52442e-05
4330  -0.00389134    0.010162    -1.63748  5.54388e-05
4340  -0.00444668  0.00961445    -1.63716  5.56351e-05
4350  -0.00500404   0.0090649    -1.63684  5.58336e-05
4360  -0.00556335  0.00851341    -2.29241  2.71994e-05
4370  -0.00554803  0.00852853    -1.63652  2.73474e-05
4380  -0.0061103  0.00797412    -1.63652  0.000114197
4390  -0.00783196  0.00627656    -1.63652  -1.44455e-06
4400  -0.00608141  0.00800261   -0.981274  -5.92148e-05
4410  -0.00664767  0.00744428    -1.30922  -1.45421e-06
4420  -0.00605233  0.00803128   -0.981914  -3.04984e-05
4430  -0.0060377  0.00804571    -1.30986  2.77298e-05
4440  -0.00660692  0.00748445   -0.654289  2.77777e-05
4450  -0.00659325  0.00749793   -0.982234  2.79301e-05
4460  -0.00716552  0.00693367   -0.654609  5.73309e-05
4470  -0.00773987  0.00636736   -0.326664  8.69446e-05
4480  -0.00890442  0.00521912   -0.654289  2.82882e-05
4490  -0.00830563  0.00580952   -0.654609  -3.04749e-05
4500  -0.00829492  0.00582009   -0.982554  2.84932e-05
4510  -0.0088755  0.00524763  0.000640085  -1.07735e-06
4520  -0.00827337  0.00584133   -0.982874  5.83762e-05
4530   -0.010043  0.00409645   -0.654289  5.83726e-05
4540  -0.00944082  0.00469022   -0.326984  -7.62101e-07
4550  -0.0100278  0.00411148   -0.326984  2.89663e-05
4560  -0.0100201  0.00411901   -0.654609  -3.06608e-05
4570  -0.00941456  0.00471612   -0.654609  -6.067e-05
4580  -0.00880675  0.00531542   -0.654609  -3.08884e-05
4590  -0.00879679  0.00532523   -0.326984  -9.97353e-07
4600  -0.0087868  0.00533509   -0.326984  2.91143e-05
4610  -0.00937908   0.0047511   -0.982554  5.93374e-05
4620  -0.00997355  0.00416495   -0.982554  2.93301e-05
4630  -0.00996568  0.00417271   -0.982554  2.94968e-05
4640  -0.0105635  0.00358327    -1.30986  -7.91019e-07
4650  -0.00994986  0.00418831    -2.29337  -6.1477e-05
4660  -0.00933395   0.0047956    -2.29337  -6.17062e-05
4670  -0.00871574  0.00540516     -1.6378  -9.14186e-07
4680  -0.00931566  0.00481363    -1.96543  2.95375e-05
4690  -0.00930649  0.00482268    -2.29337  -9.20286e-07
4700  -0.00929726  0.00483178    -2.29337  2.97591e-05
4710  -0.00990167  0.00423583     -1.6378  2.98155e-05
4720  -0.00989357  0.00424382    -2.29337  -8.14488e-07
4730  -0.00988538  0.00425189    -2.29337  -3.16781e-05
4740  -0.00926001  0.00486851    -1.63812  -3.17394e-05
4750  -0.00925059  0.00487779   -0.982554  3.00347e-05
4760  -0.0098607  0.00427622   -0.654929  3.00898e-05
4770  -0.00985239  0.00428442   -0.327304  -8.30321e-07
4780  -0.00984409   0.0042926  0.000960339  3.03231e-05
4790  -0.0104589  0.00368645  0.000960334  3.0379e-05
4800  -0.0104517  0.00369352    0.328905  -3.19954e-05
4810  -0.00981894   0.0043174    0.328905  -6.33952e-05
4820  -0.00918377  0.00494368   -0.326664  -6.36423e-05
4830  -0.0085461  0.00557242  0.00128067  -3.24305e-05
4840  -0.00853516  0.00558321   -0.326664  -9.56536e-05
4850  -0.00663303  0.00745871    -0.65461  -0.000127424
4860  -0.00598667  0.00809602  0.000639985  -6.47598e-05
4870  -0.00533783  0.00873578   -0.982554  -3.33075e-05
4880  -0.00532052  0.00875284    -1.31018  3.00326e-05
4890  -0.00593848  0.00814354   -0.326344  3.00872e-05
4900  -0.00592227  0.00815952   -0.326344  -3.35132e-05
4910  -0.00526822  0.00880442  0.00128027  -6.55366e-05
4920  -0.00461154  0.00945191    0.329225  -6.57958e-05
4930  -0.0039523   0.0101019     0.65653  -1.89336e-06
4940  -0.00457367  0.00948924     1.31274  3.01166e-05
4950  -0.00455463  0.00950801    0.984795  -6.63226e-05
4960  -0.00324722   0.0107971    0.984475  -0.000131003
4970  -0.00193457   0.0120914     1.64004  3.0153e-05
4980  -0.00385028   0.0102025     1.96799  0.000159553
4990  -0.00512564    0.008945     1.96831  0.000288954
