Time   Number   
ps   
0           5           9
10           6          10
20           7           7
30           7           7
40           8          10
50           7           7
60           7           7
70           7           9
80           6           6
90           6           6
100           6          12
110           4           6
120           5           7
130           6           6
140           4          10
150           6           8
160           5           9
170           6           6
180           5           5
190           5           5
200           4           6
210           4           8
220           4           6
230           3           9
240           4           6
250           4           8
260           5          11
270           5          11
280           5           9
290           4           6
300           6           8
310           3           7
320           4           6
330           5           7
340           5           5
350           6           6
360           5           5
370           4           6
380           3           9
390           5           5
400           4           6
410           5           5
420           4          10
430           7           7
440           4          10
450           6           6
460           6           6
470           6           6
480           5           5
490           4           8
500           7           9
510           6           8
520           5           9
530           8           8
540           7           7
550           5           7
560           6           6
570           6           6
580           5           5
590           6           8
600           6           6
610           5           7
620           5           7
630           4          10
640           5           9
650           6           6
660           6           6
670           6           8
680           4           4
690           4           4
700           5           5
710           6           6
720           5           9
730           5           5
740           5           5
750           6           6
760           5           7
770           4           8
780           4           4
790           5           7
800           5           5
810           5           5
820           5           5
830           6           6
840           5           5
850           5           5
860           4           6
870           4           4
880           5           5
890           4           4
900           3           3
910           5           5
920           4           4
930           3           3
940           3           3
950           2           4
960           2           2
970           2           2
980           4           6
990           3           3
1000           4           4
1010           7           7
1020           6           8
1030           5           7
1040           5           7
1050           4           4
1060           3           5
1070           4           4
1080           5           5
1090           5           9
1100           4           4
1110           4           6
1120           3           3
1130           4           6
1140           4           6
1150           3           7
1160           2           4
1170           2           2
1180           2           2
1190           4           4
1200           3           3
1210           3           5
1220           4           4
1230           4           4
1240           5           5
1250           4           6
1260           4           4
1270           4           4
1280           2           2
1290           3           3
1300           2           2
1310           3           3
1320           2           2
1330           3           5
1340           3           5
1350           2           2
1360           3           5
1370           2           4
1380           2           2
1390           2           6
1400           2           2
1410           3           3
1420           2           2
1430           3           3
1440           3           3
1450           3           3
1460           3           5
1470           1           9
1480           4           6
1490           4           6
1500           1           7
1510           2           2
1520           1           5
1530           4           4
1540           3           3
1550           4           4
1560           3           5
1570           4           8
1580           5           7
1590           4           4
1600           4           4
1610           6           6
1620           3           5
1630           5           5
1640           4           6
1650           6           6
1660           4           6
1670           4           6
1680           4           4
1690           5           5
1700           3           5
1710           4           8
1720           4           8
1730           4           8
1740           3           3
1750           4           6
1760           2           2
1770           4           6
1780           3           5
1790           4          10
1800           3           7
1810           6           8
1820           5           5
1830           5           7
1840           4          10
1850           6           8
1860           4           8
1870           4           8
1880           3           9
1890           6           6
1900           5           9
1910           5           7
1920           5           9
1930           5           9
1940           5           7
1950           2           4
1960           2          10
1970           5           5
1980           2           6
1990           2           6
2000           4           4
2010           2           2
2020           2           4
2030           2           4
2040           3           3
2050           2           6
2060           2           2
2070           2           2
2080           2           2
2090           4           4
2100           4           4
2110           4           6
2120           4           6
2130           4           6
2140           3           5
2150           4           6
2160           3           9
2170           4           4
2180           6          10
2190           6           8
2200           4           6
2210           5           5
2220           5           5
2230           4           4
2240           4           6
2250           4           8
2260           4           6
2270           7           7
2280           7           7
2290           6           6
2300           5           7
2310           4           8
2320           5           5
2330           5           5
2340           4           6
2350           4           4
2360           4           6
2370           4           6
2380           5           5
2390           4           6
2400           4           6
2410           4           4
2420           5           5
2430           5           5
2440           5           5
2450           5           7
2460           4           4
2470           5           5
2480           5           5
2490           5           5
2500           5           5
2510           3           5
2520           4           4
2530           4           4
2540           3           5
2550           3           3
2560           4           6
2570           4           4
2580           4           6
2590           4           4
2600           3           7
2610           5           5
2620           4           4
2630           3           5
2640           3           5
2650           3           5
2660           3           3
2670           3           5
2680           5           5
2690           4           4
2700           4           4
2710           5           7
2720           5           5
2730           4           6
2740           4           6
2750           3          13
2760           3           5
2770           3           9
2780           4           6
2790           3           7
2800           4           6
2810           4           6
2820           5           9
2830           5           5
2840           5           5
2850           4           6
2860           5           7
2870           4           4
2880           5           7
2890           4           4
2900           4           4
2910           4           4
2920           4           4
2930           5           5
2940           5           7
2950           5           5
2960           5           5
2970           5           5
2980           5           5
2990           5           5
3000           5           5
3010           5           5
3020           4           4
3030           5           5
3040           4           6
3050           4           4
3060           5           7
3070           5           5
3080           5           5
3090           3           5
3100           5           5
3110           4           4
3120           4           4
3130           2           2
3140           2           2
3150           2           2
3160           3           3
3170           2           2
3180           2           4
3190           3           3
3200           3           3
3210           6           6
3220           3           7
3230           4           8
3240           4           4
3250           4           4
3260           4           6
3270           5           7
3280           5           7
3290           4           6
3300           4           6
3310           3           7
3320           4           6
3330           3           9
3340           5           7
3350           5           7
3360           4           6
3370           4           4
3380           5           7
3390           5           7
3400           6           6
3410           5           5
3420           3           7
3430           5           7
3440           5           7
3450           5           5
3460           5           7
3470           4           8
3480           4           6
3490           4           6
3500           3           5
3510           2           8
3520           3           7
3530           3           7
3540           4           4
3550           4           4
3560           2           4
3570           5           5
3580           3           3
3590           3           3
3600           2           2
3610           0           2
3620           2           2
3630           2           2
3640           3           3
3650           5           7
3660           5           9
3670           4           6
3680           6           6
3690           7           9
3700           5           7
3710           4          10
3720           3           5
3730           4           8
3740           2           8
3750           5           7
3760           4           4
3770           6           8
3780           5           5
3790           5           7
3800           4           6
3810           3           5
3820           4           4
3830           3           3
3840           5           5
3850           4           6
3860           4           4
3870           2           6
3880           3           5
3890           4           4
3900           3           3
3910           4           4
3920           5           5
3930           5           5
3940           3           5
3950           5           5
3960           4           6
3970           3           7
3980           5           5
3990           3           5
4000           6           6
4010           4           4
4020           3           3
4030           3           5
4040           5           5
4050           2           2
4060           3           3
4070           3           3
4080           4           6
4090           4           4
4100           4           4
4110           5           7
4120           6           6
4130           4           6
4140           5           5
4150           4           6
4160           1          15
4170           8          10
4180           6           6
4190           6           8
4200           5           5
4210           5           7
4220           6           8
4230           5           7
4240           4           4
4250           5           7
4260           4           6
4270           5           7
4280           5           7
4290           4           6
4300           5           7
4310           5           5
4320           5           7
4330           4           6
4340           5           7
4350           5           5
4360           5           9
4370           5           5
4380           5           5
4390           4           4
4400           3           7
4410           5           5
4420           4           4
4430           4           4
4440           3           5
4450           4           4
4460           4           6
4470           3           3
4480           3           5
4490           4           4
4500           4           4
4510           3           3
4520           3           3
4530           3           3
4540           2           2
4550           2           6
4560           3           5
4570           4           4
4580           4           4
4590           4           6
4600           5           5
4610           4           6
4620           3           3
4630           2           2
4640           4           4
4650           3           3
4660           3           3
4670           3           3
4680           6           6
4690           3           3
4700           3           3
4710           3           5
4720           3           3
4730           3           3
4740           3           5
4750           3           3
4760           3           5
4770           4           4
4780           4           4
4790           3           5
4800           4           6
4810           4           4
4820           3           3
4830           3           3
4840           3           3
4850           4           4
4860           3           5
4870           3           3
4880           3           5
4890           2           4
4900           2           4
4910           2           2
4920           2           2
4930           2           2
4940           2           4
4950           2           2
4960           1           3
4970           2           4
4980           2           4
4990           2           6
5000           2           2
5010           2           2
5020           2           2
5030           2           2
5040           3           3
5050           3           3
5060           3           3
5070           1           1
5080           2           2
5090           2           2
5100           2           2
5110           2           2
5120           1           1
5130           1           3
5140           1           1
5150           1           3
5160           1           1
5170           1           3
5180           1           1
5190           0           2
5200           2           2
5210           1           3
5220           1           1
5230           1           1
5240           1           3
5250           2           4
5260           2           4
5270           2           4
5280           2           2
5290           2           2
5300           2           4
5310           2           4
5320           3           3
5330           3           3
5340           3           3
5350           1           5
5360           2           2
5370           3           3
5380           2           6
5390           4           4
5400           1           3
5410           2           4
5420           2           2
5430           2           2
5440           2           8
5450           4           8
5460           4           8
5470           4           8
5480           4          10
5490           5           5
5500           5           7
5510           3           7
5520           3           5
5530           4           6
5540           5           5
5550           5           5
5560           4           4
5570           2           4
5580           3           7
5590           4           4
5600           1           3
5610           2           4
5620           2           4
5630           2           4
5640           3           3
5650           2           4
5660           2           6
5670           2           2
5680           3           3
5690           2           6
5700           4           6
5710           4           6
5720           4           6
5730           2           2
5740           2           2
5750           2           2
5760           2           2
5770           1           3
5780           2           2
5790           2           2
5800           2           2
5810           1           1
5820           1           3
5830           0           2
5840           1           3
5850           1           1
5860           2           2
5870           1           1
5880           2           2
5890           1           3
5900           0           0
5910           0           2
5920           1           1
5930           1           1
5940           1           1
5950           0           0
5960           0           0
5970           0           0
5980           0           0
5990           0           0
6000           0           0
6010           0           2
6020           2           6
6030           1           1
6040           0           2
6050           1           3
6060           0           2
6070           1           1
6080           1           1
6090           0           0
6100           0           0
6110           1           1
6120           2           2
6130           2           2
6140           2           6
6150           0           0
6160           1           1
6170           1           1
6180           1           3
6190           1           3
6200           0           4
6210           1           1
6220           1           3
6230           0           4
6240           1           3
6250           0           4
6260           1           1
6270           1           3
6280           0           4
6290           1           1
6300           2           2
6310           2           2
6320           1           1
6330           0           2
6340           1           1
6350           1           3
6360           0           2
6370           1           1
6380           1           3
6390           0           2
6400           1           3
6410           2           2
6420           1           1
6430           1           1
6440           1           1
6450           2           4
6460           3           3
6470           1           3
6480           3           3
6490           3           3
6500           2           4
6510           3           5
6520           1           3
6530           2           2
6540           3           3
6550           1           3
6560           2           4
6570           2           4
6580           0           2
6590           0           4
6600           0           4
6610           0           2
6620           0           0
6630           0           2
6640           1           3
6650           3           3
6660           0           2
6670           1           1
6680           2           2
6690           2           4
6700           3           3
6710           3           3
6720           1           3
6730           4           6
6740           3           3
6750           3           5
6760           2           2
6770           2           2
6780           2           2
6790           2           2
6800           2           2
6810           1           1
6820           1           3
6830           1           3
6840           2           2
6850           1           3
6860           0           4
6870           2           2
6880           2           4
6890           2           2
6900           2           2
6910           2           2
6920           2           2
6930           2           2
6940           3           5
6950           4           8
6960           6           6
6970           5           5
6980           4           6
6990           3           7
7000           3           5
7010           3           5
7020           4           4
7030           3           7
7040           4           4
7050           4           6
7060           5           7
7070           6           6
7080           4           8
7090           6          10
7100           4           8
7110           7           9
7120           6           6
7130           4           8
7140           3           5
7150           4           6
7160           2           2
7170           3           3
7180           2           2
7190           2           2
7200           2           4
7210           3           3
7220           3           5
7230           3           3
7240           3           3
7250           4           6
7260           4           6
7270           3           5
7280           4           6
7290           4           4
7300           5           7
7310           2           6
7320           2           8
7330           2           4
7340           2           4
7350           2           4
7360           0           4
7370           2           2
7380           4           4
7390           1           3
7400           3           3
7410           3           3
7420           2           6
7430           3           5
7440           3           5
7450           3           3
7460           2           4
7470           1           3
7480           2           2
7490           0           2
7500           1           3
7510           1           5
7520           1           7
7530           1           5
7540           2           2
7550           2           2
7560           1           3
7570           3           3
7580           2           4
7590           2           4
7600           3           3
7610           2           2
7620           0           2
7630           2           2
7640           3           3
7650           4           6
7660           2           6
7670           2           2
7680           3           5
7690           4           4
7700           4           4
7710           3           3
7720           3           7
7730           3           5
7740           3           3
7750           3           3
7760           3           5
7770           3           3
7780           2           4
7790           2           6
7800           2           2
7810           1           1
7820           3           5
7830           4           4
7840           3           3
7850           2           2
7860           1           3
7870           3           3
7880           4           4
7890           3           3
7900           3           3
7910           3           5
7920           1           3
7930           1           3
7940           2           2
7950           2           2
7960           0           0
7970           0           2
7980           2           2
7990           1           1
8000           1           1
8010           1           3
8020           2           2
8030           2           2
8040           1           1
8050           0           6
8060           1           5
8070           2           4
8080           2           2
8090           1           1
8100           1           3
8110           1           1
8120           0           4
8130           0           2
8140           1           3
8150           2           4
8160           3           5
8170           2           2
8180           2           6
8190           2           4
8200           2           6
8210           3           5
8220           3           3
8230           2           2
8240           3           3
8250           1           5
8260           2           8
8270           3           3
8280           2           4
8290           2           4
8300           3           5
8310           3           5
8320           2           6
8330           4           4
8340           2           2
8350           4           4
8360           3           3
8370           3           3
8380           3           3
8390           2           4
8400           3           3
8410           4           4
8420           3           3
8430           2           2
8440           1           3
8450           2           2
8460           2           4
8470           2           4
8480           2           4
8490           2           4
8500           2           2
8510           2           2
8520           2           2
8530           2           2
8540           2           2
8550           2           2
8560           2           2
8570           2           2
8580           2           2
8590           2           2
8600           1           1
8610           1           1
8620           1           1
8630           1           1
8640           1           1
8650           1           1
8660           1           3
8670           2           4
8680           1           1
8690           1           1
8700           0           0
8710           3           3
8720           2           4
8730           3           3
8740           2           2
8750           2           2
8760           3           3
8770           2           4
8780           2           2
8790           2           2
8800           2           4
8810           2           2
8820           2           2
8830           2           4
8840           2           2
8850           2           2
8860           3           3
8870           3           3
8880           4           4
8890           3           3
8900           2           4
8910           3           5
8920           2           4
8930           3           3
8940           3           5
8950           2           2
8960           2           2
8970           2           4
8980           3           3
8990           4           4
9000           3           3
9010           3           5
9020           3           5
9030           3           5
9040           3           5
9050           1           5
9060           2           2
9070           2           4
9080           2           2
9090           1           1
9100           1           3
9110           1           3
9120           2           4
9130           3           9
9140           2           4
9150           2          10
9160           3           5
9170           2           4
9180           1           3
9190           2           2
9200           2           2
9210           2           6
9220           2           8
9230           1           5
9240           2           4
9250           3           5
9260           3           5
9270           3           5
9280           1           9
9290           3           7
9300           2           6
9310           3           3
9320           2           4
9330           4           4
9340           3           3
9350           3           7
9360           5           5
9370           5           5
9380           3           7
9390           4           4
9400           4           4
9410           3           5
9420           3           3
9430           2           2
9440           3           3
9450           1           5
9460           2           4
9470           2           2
9480           3           3
9490           2           2
9500           2           2
9510           2           4
9520           2           2
9530           2           2
9540           2           2
9550           2           2
9560           1           1
9570           0           2
9580           2           2
9590           3           5
9600           3           5
9610           4           4
9620           4           4
9630           5           5
9640           3           3
9650           3           3
9660           3           3
9670           3           3
9680           3           3
9690           3           3
9700           3           3
9710           2           2
9720           3           3
9730           2           4
9740           3           5
9750           3           3
9760           2           2
9770           1           3
9780           3           3
9790           4           6
9800           4           6
9810           2           6
9820           1           5
9830           4           4
9840           2           6
9850           3           3
9860           3           3
9870           3           3
9880           3           5
9890           3           5
9900           2           4
9910           4           4
9920           4           6
9930           4           4
9940           6           6
9950           2           6
9960           5           5
9970           4           4
9980           4           4
9990           2           2
10000           2           2
