Time   Number   
ps   
0          38          52
10          42          56
20          43          55
30          49          59
40          44          58
50          51          59
60          45          57
70          46          58
80          43          55
90          47          53
100          48          58
110          44          58
120          48          56
130          45          63
140          49          61
150          49          65
160          48          56
170          48          52
180          46          52
190          46          60
200          45          67
210          44          56
220          45          53
230          41          51
240          41          51
250          46          60
260          44          56
270          42          56
280          43          57
290          42          52
300          46          56
310          48          56
320          42          48
330          44          56
340          43          61
350          46          54
360          42          54
370          39          49
380          43          55
390          40          48
400          42          54
410          41          51
420          40          48
430          44          48
440          41          45
450          46          52
460          41          51
470          38          42
480          41          51
490          42          52
500          43          51
510          45          57
520          43          51
530          37          47
540          41          47
550          39          51
560          39          47
570          37          55
580          40          54
590          34          52
600          43          55
610          44          56
620          40          58
630          41          53
640          45          59
650          43          55
660          43          49
670          35          61
680          43          51
690          43          51
700          34          54
710          39          53
720          43          57
730          42          60
740          41          53
750          41          55
760          45          55
770          46          52
780          44          52
790          44          52
800          44          52
810          42          54
820          48          50
830          41          53
840          37          55
850          41          51
860          39          51
870          40          48
880          45          49
890          41          51
900          40          48
910          44          56
920          41          49
930          38          52
940          44          58
950          44          54
960          45          57
970          43          61
980          43          51
990          48          52
1000          45          47
1010          44          54
1020          47          57
1030          43          45
1040          44          48
1050          45          53
1060          39          49
1070          41          57
1080          43          49
1090          48          54
1100          47          55
1110          43          55
1120          45          57
1130          41          57
1140          46          54
1150          47          49
1160          48          54
1170          44          52
1180          43          49
1190          42          46
1200          40          56
1210          43          53
1220          43          57
1230          47          47
1240          45          51
1250          39          51
1260          43          49
1270          40          52
1280          44          48
1290          42          56
1300          41          53
1310          41          47
1320          46          54
1330          49          53
1340          41          53
1350          45          57
1360          42          50
1370          41          45
1380          40          46
1390          41          57
1400          42          52
1410          44          56
1420          41          49
1430          44          48
1440          44          50
1450          40          56
1460          43          45
1470          47          51
1480          43          47
1490          44          50
1500          45          51
1510          45          51
1520          45          47
1530          41          51
1540          45          65
1550          45          55
1560          45          59
1570          46          58
1580          45          55
1590          44          60
1600          46          54
1610          44          58
1620          46          52
1630          45          51
1640          40          54
1650          45          51
1660          40          54
1670          44          56
1680          46          58
1690          40          48
1700          48          56
1710          38          52
1720          43          55
1730          46          58
1740          41          53
1750          40          54
1760          42          60
1770          41          47
1780          46          60
1790          45          57
1800          41          53
1810          43          57
1820          44          52
1830          45          51
1840          38          56
1850          41          57
1860          43          57
1870          45          57
1880          40          50
1890          44          52
1900          42          52
1910          45          63
1920          41          51
1930          43          59
1940          45          63
1950          43          59
1960          46          50
1970          47          55
1980          40          58
1990          41          59
2000          41          63
2010          39          55
2020          46          50
2030          42          54
2040          43          55
2050          45          57
2060          44          60
2070          41          49
2080          48          54
2090          42          48
2100          43          51
2110          45          59
2120          44          56
2130          45          51
2140          47          55
2150          45          61
2160          42          50
2170          43          51
2180          46          50
2190          41          53
2200          47          49
2210          44          60
2220          40          58
2230          44          56
2240          45          59
2250          41          55
2260          41          49
2270          45          57
2280          42          54
2290          44          58
2300          46          58
2310          46          54
2320          39          55
2330          43          49
2340          42          52
2350          41          53
2360          43          53
2370          43          47
2380          40          52
2390          45          51
2400          46          56
2410          45          57
2420          45          57
2430          43          51
2440          43          51
2450          46          52
2460          45          63
2470          47          51
2480          45          53
2490          45          51
2500          48          50
2510          48          60
2520          45          55
2530          46          56
2540          44          52
2550          50          52
2560          47          55
2570          50          54
2580          47          55
2590          46          58
2600          44          58
2610          45          53
2620          46          56
2630          42          56
2640          46          64
2650          48          56
2660          47          57
2670          50          60
2680          48          56
2690          48          62
2700          48          56
2710          45          57
2720          48          60
2730          43          57
2740          45          63
2750          44          52
2760          45          51
2770          49          57
2780          46          58
2790          46          54
2800          47          53
2810          45          65
2820          45          59
2830          48          56
2840          38          54
2850          45          53
2860          44          50
2870          47          55
2880          42          58
2890          48          56
2900          41          63
2910          45          59
2920          43          51
2930          40          50
2940          42          58
2950          45          63
2960          45          57
2970          46          52
2980          45          65
2990          53          55
3000          46          58
3010          43          63
3020          48          54
3030          42          58
3040          47          59
3050          44          52
3060          47          55
3070          45          59
3080          46          54
3090          44          62
3100          41          63
3110          45          61
3120          48          62
3130          47          57
3140          47          57
3150          45          63
3160          48          64
3170          49          59
3180          48          58
3190          49          59
3200          47          53
3210          41          59
3220          48          62
3230          44          54
3240          45          57
3250          45          63
3260          43          59
3270          48          64
3280          44          52
3290          42          68
3300          41          61
3310          37          51
3320          43          59
3330          46          56
3340          45          57
3350          39          53
3360          41          47
3370          46          50
3380          40          50
3390          41          55
3400          45          51
3410          43          57
3420          41          47
3430          43          53
3440          44          60
3450          41          51
3460          43          51
3470          49          51
3480          42          54
3490          44          52
3500          46          62
3510          46          58
3520          47          63
3530          46          54
3540          48          56
3550          52          62
3560          51          61
3570          47          57
3580          43          61
3590          45          55
3600          41          63
3610          43          65
3620          43          55
3630          41          53
3640          41          59
3650          47          57
3660          41          49
3670          45          57
3680          37          47
3690          43          59
3700          41          53
3710          40          58
3720          44          56
3730          43          49
3740          50          54
3750          48          60
3760          42          52
3770          44          52
3780          45          53
3790          44          52
3800          48          56
3810          42          56
3820          39          59
3830          41          51
3840          45          65
3850          41          57
3860          42          50
3870          42          62
3880          44          60
3890          47          65
3900          47          57
3910          47          63
3920          47          61
3930          43          51
3940          46          60
3950          44          60
3960          40          52
3970          43          53
3980          41          45
3990          46          54
4000          43          57
4010          47          55
4020          40          54
4030          48          52
4040          45          49
4050          43          49
4060          43          55
4070          40          66
4080          43          55
4090          46          56
4100          50          62
4110          44          60
4120          45          59
4130          46          54
4140          43          51
4150          49          67
4160          51          65
4170          47          71
4180          45          61
4190          49          61
4200          47          61
4210          44          56
4220          47          61
4230          44          52
4240          45          63
4250          42          56
4260          51          63
4270          50          58
4280          45          67
4290          46          62
4300          46          56
4310          45          57
4320          45          61
4330          47          61
4340          46          62
4350          47          57
4360          49          61
4370          48          60
4380          47          59
4390          44          52
4400          49          61
4410          48          58
4420          46          66
4430          45          59
4440          41          61
4450          46          58
4460          44          48
4470          42          60
4480          48          58
4490          45          55
4500          44          60
4510          46          64
4520          44          64
4530          41          55
4540          42          52
4550          46          56
4560          51          59
4570          45          57
4580          41          59
4590          47          55
4600          43          69
4610          43          59
4620          46          62
4630          44          52
4640          44          52
4650          42          52
4660          45          53
4670          44          58
4680          42          58
4690          43          57
4700          48          50
4710          47          55
4720          39          49
4730          38          48
4740          40          50
4750          42          60
4760          43          59
4770          41          55
4780          42          50
4790          41          47
4800          41          55
4810          43          53
4820          35          51
4830          43          61
4840          39          53
4850          43          67
4860          39          53
4870          43          59
4880          41          53
4890          41          49
4900          45          63
4910          43          55
4920          41          51
4930          46          54
4940          46          54
4950          42          62
4960          41          57
4970          41          51
4980          45          55
4990          44          54
5000          43          53
5010          43          53
5020          47          51
5030          42          58
5040          44          52
5050          42          52
5060          45          55
5070          44          54
5080          38          54
5090          43          53
5100          40          54
5110          48          50
5120          45          47
5130          42          54
5140          46          48
5150          40          52
5160          41          55
5170          42          50
5180          41          55
5190          45          49
5200          41          51
5210          47          53
5220          43          55
5230          39          55
5240          38          48
5250          37          41
5260          38          44
5270          42          44
5280          34          46
5290          40          50
5300          44          48
5310          40          50
5320          43          49
5330          44          52
5340          43          53
5350          41          57
5360          40          52
5370          45          53
5380          45          53
5390          41          53
5400          40          50
5410          39          51
5420          36          48
5430          42          46
5440          37          53
5450          38          48
5460          39          51
5470          42          56
5480          37          47
5490          42          46
5500          38          48
5510          40          52
5520          40          46
5530          44          56
5540          41          55
5550          44          48
5560          42          54
5570          44          52
5580          42          48
5590          43          55
5600          40          56
5610          37          43
5620          39          41
5630          36          50
5640          39          47
5650          33          51
5660          42          44
5670          33          51
5680          36          52
5690          35          41
5700          40          46
5710          37          45
5720          39          47
5730          38          48
5740          40          46
5750          40          44
5760          37          45
5770          38          42
5780          41          49
5790          40          42
5800          37          47
5810          37          49
5820          39          43
5830          38          44
5840          32          44
5850          35          45
5860          36          46
5870          33          45
5880          37          43
5890          41          51
5900          38          46
5910          36          46
5920          37          45
5930          42          48
5940          39          51
5950          38          42
5960          38          52
5970          36          44
5980          38          52
5990          42          52
6000          42          48
6010          40          50
6020          43          51
6030          43          45
6040          48          54
6050          44          58
6060          47          53
6070          44          50
6080          44          56
6090          40          52
6100          44          52
6110          39          49
6120          43          51
6130          37          53
6140          37          45
6150          43          51
6160          39          49
6170          40          54
6180          44          50
6190          40          48
6200          43          49
6210          43          53
6220          45          53
6230          40          56
6240          44          50
6250          40          62
6260          44          58
6270          45          53
6280          44          60
6290          47          53
6300          43          53
6310          43          59
6320          41          57
6330          42          48
6340          44          56
6350          46          52
6360          42          54
6370          43          57
6380          40          52
6390          47          55
6400          39          59
6410          39          55
6420          49          59
6430          41          57
6440          40          54
6450          41          51
6460          43          63
6470          48          56
6480          45          55
6490          46          62
6500          46          58
6510          45          49
6520          47          55
6530          45          55
6540          40          62
6550          44          52
6560          41          51
6570          45          59
6580          42          54
6590          45          59
6600          45          51
6610          46          56
6620          46          52
6630          44          54
6640          44          54
6650          42          56
6660          50          52
6670          43          57
6680          48          56
6690          45          55
6700          40          60
6710          49          59
6720          48          58
6730          48          56
6740          47          59
6750          43          57
6760          47          63
6770          44          54
6780          43          59
6790          45          55
6800          48          58
6810          42          62
6820          38          64
6830          46          50
6840          42          54
6850          44          50
6860          46          58
6870          44          58
6880          43          53
6890          46          54
6900          47          55
6910          49          57
6920          44          48
6930          47          55
6940          44          56
6950          45          59
6960          42          60
6970          42          48
6980          39          53
6990          44          58
7000          46          56
7010          44          60
7020          43          55
7030          45          51
7040          41          55
7050          47          53
7060          47          61
7070          46          52
7080          49          59
7090          45          51
7100          47          59
7110          51          55
7120          43          49
7130          43          55
7140          41          53
7150          39          57
7160          46          48
7170          45          57
7180          39          59
7190          46          58
7200          44          60
7210          40          48
7220          42          54
7230          39          49
7240          43          57
7250          38          54
7260          48          60
7270          42          54
7280          44          54
7290          42          52
7300          40          48
7310          42          56
7320          45          51
7330          39          49
7340          42          52
7350          41          51
7360          43          51
7370          46          60
7380          40          46
7390          43          53
7400          41          49
7410          41          59
7420          41          57
7430          40          46
7440          30          44
7450          40          48
7460          38          46
7470          39          53
7480          42          44
7490          41          51
7500          40          56
7510          44          50
7520          33          55
7530          41          51
7540          42          54
7550          42          52
7560          40          54
7570          42          48
7580          39          55
7590          42          54
7600          41          51
7610          45          49
7620          45          47
7630          42          46
7640          41          47
7650          41          47
7660          40          42
7670          37          47
7680          41          49
7690          36          44
7700          42          46
7710          43          53
7720          45          45
7730          40          48
7740          43          47
7750          42          50
7760          37          49
7770          38          50
7780          37          51
7790          38          44
7800          37          45
7810          38          50
7820          36          46
7830          41          47
7840          36          46
7850          35          43
7860          37          45
7870          43          49
7880          37          51
7890          42          48
7900          38          48
7910          43          49
7920          41          47
7930          40          50
7940          42          54
7950          45          63
7960          43          47
7970          41          53
7980          45          51
7990          43          49
8000          40          60
8010          40          52
8020          40          52
8030          44          52
8040          40          50
8050          40          56
8060          40          48
8070          37          49
8080          39          47
8090          46          54
8100          36          54
8110          41          61
8120          43          53
8130          40          60
8140          44          58
8150          46          62
8160          38          58
8170          47          51
8180          44          52
8190          46          52
8200          46          56
8210          40          58
8220          40          48
8230          33          51
8240          40          54
8250          44          56
8260          44          60
8270          43          51
8280          40          52
8290          43          55
8300          42          58
8310          41          49
8320          40          62
8330          43          51
8340          45          57
8350          43          55
8360          44          54
8370          42          50
8380          35          47
8390          37          47
8400          39          49
8410          39          47
8420          40          48
8430          39          49
8440          38          46
8450          42          52
8460          42          52
8470          40          50
8480          36          48
8490          38          52
8500          37          45
8510          37          51
8520          37          45
8530          39          41
8540          33          49
8550          35          45
8560          37          49
8570          33          47
8580          40          52
8590          36          48
8600          34          46
8610          42          52
8620          39          49
8630          34          52
8640          39          49
8650          40          52
8660          38          48
8670          37          51
8680          38          44
8690          40          48
8700          33          51
8710          41          45
8720          39          49
8730          40          54
8740          36          62
8750          35          47
8760          41          57
8770          42          54
8780          42          54
8790          39          61
8800          46          52
8810          44          52
8820          37          57
8830          37          61
8840          40          62
8850          34          56
8860          45          57
8870          42          54
8880          38          56
8890          44          52
8900          43          53
8910          45          55
8920          45          49
8930          41          57
8940          42          58
8950          43          49
8960          42          62
8970          42          52
8980          40          54
8990          42          54
9000          43          57
9010          39          51
9020          40          58
9030          45          49
9040          38          60
9050          45          57
9060          43          57
9070          44          62
9080          41          63
9090          43          61
9100          46          58
9110          47          63
9120          46          60
9130          39          57
9140          41          49
9150          42          56
9160          44          52
9170          43          63
9180          42          54
9190          41          53
9200          43          53
9210          47          53
9220          43          59
9230          45          57
9240          43          55
9250          46          56
9260          47          63
9270          40          58
9280          43          47
9290          46          54
9300          46          54
9310          42          54
9320          45          53
9330          41          57
9340          42          48
9350          43          57
9360          43          57
9370          45          57
9380          37          55
9390          42          52
9400          42          60
9410          40          54
9420          47          51
9430          40          54
9440          48          58
9450          46          52
9460          46          58
9470          42          58
9480          39          51
9490          43          55
9500          46          58
9510          41          51
9520          41          55
9530          40          48
9540          44          56
9550          42          56
9560          46          52
9570          43          55
9580          44          58
9590          43          57
9600          40          54
9610          44          64
9620          41          59
9630          42          48
9640          40          50
9650          43          53
9660          36          52
9670          44          52
9680          37          47
9690          36          46
9700          40          52
9710          41          51
9720          40          46
9730          42          50
9740          39          49
9750          38          52
9760          40          50
9770          39          49
9780          36          48
9790          38          46
9800          34          56
9810          42          50
9820          39          53
9830          43          49
9840          44          52
9850          42          52
9860          43          55
9870          44          50
9880          43          55
9890          40          50
9900          39          53
9910          45          51
9920          42          54
9930          42          50
9940          43          55
9950          38          50
9960          43          55
9970          41          43
9980          41          55
9990          41          47
10000          39          49
