Time   C(t)   
ps   
0           1           1  5.42857e-10   0.0196936
10    0.806648    0.875532   -0.233437   0.0107688
20    0.784624    0.861354    0.274926  0.00184405
30    0.769767     0.85179    0.764918  0.00151045
40    0.754415    0.841908    0.172394  0.00130318
50    0.743704    0.835012   0.0869119  0.00117169
60    0.730981    0.826822    0.425601  0.00121786
70    0.719346    0.819333   -0.353433  0.000980905
80    0.711363    0.814193    0.882021  0.00085746
90    0.702197    0.808293    0.797266  0.000918785
100    0.692987    0.802364   0.0520018  0.00083369
110    0.685523    0.797559    0.373012  0.00087446
120    0.675498    0.791106    0.069118  0.000877342
130    0.667977    0.786264    0.508604  0.000776404
140     0.65997     0.78111    0.711519  0.000792342
150     0.65213    0.776063    0.136046  0.000706482
160     0.64584    0.772014    0.541679  0.000681892
170    0.638492    0.767283   -0.591838  0.000660995
180     0.63262    0.763504  -0.0164965  0.000650615
190     0.62548    0.758907   -0.304861  0.000627118
200    0.620078     0.75543    0.473677  0.000490692
210    0.615666    0.752589  -0.00126461  0.00060854
220    0.607907    0.747595   -0.288323  0.00062151
230    0.603236    0.744588    0.337276  0.000568935
240    0.596529     0.74027    0.201883  0.000616124
250    0.590913    0.736655    0.573746  0.000564766
260    0.585233    0.732999    0.692469  0.00051707
270    0.580572    0.729998     0.43832  0.000479871
280    0.575636    0.726821    0.657906  0.000517854
290    0.570215    0.723331    0.776563  0.000496399
300    0.565708     0.72043   0.0142817  0.000480291
310    0.560609    0.717147   -0.239471  0.000441435
320    0.556879    0.714746    0.233917  0.000484911
330    0.550911    0.710904   -0.476668  0.000507051
340    0.546738    0.708218   -0.138162  0.000387126
350    0.543168     0.70592   0.0137194  0.000491878
360    0.536901    0.701885    0.115607  0.000420758
370    0.534753    0.700503  -0.0208436  0.000373808
380    0.529424    0.697073   -0.189841  0.000465193
390    0.525449    0.694513     0.48709  0.000363278
400    0.522159    0.692395    0.114384  0.000467235
410    0.516104    0.688498     0.18237  0.00048542
420     0.51245    0.686146   -0.427551  0.000426185
430    0.507581    0.683011   -0.512273  0.000475389
440    0.502943    0.680025    -0.61378  0.000386304
450    0.499855    0.678037   -0.326672  0.000379111
460     0.49536    0.675144   -0.698734  0.000484948
470    0.490156    0.671794   -0.343523  0.000415818
480    0.487044    0.669791   -0.800919  0.000342482
490    0.483306    0.667384   -0.936461  0.000390486
500    0.479234    0.664763   -0.563837  0.000373745
510    0.475831    0.662572   -0.276546  0.000337996
520    0.472474    0.660412   -0.564448  0.000373958
530    0.468352    0.657758   -0.310961  0.000405926
540    0.464356    0.655186   -0.294274  0.000372797
550    0.460896    0.652958   -0.362045  0.000321922
560    0.457918    0.651041   -0.125045  0.000358073
570    0.453734    0.648348    -0.27724  0.000327426
580    0.451369    0.646825    0.314754  0.000273623
590    0.448262    0.644825    0.534406  0.000316487
600    0.445039    0.642751    0.889914  0.000371893
610    0.440824    0.640037    0.670196  0.000282307
620    0.439393    0.639116     1.09283  0.000250122
630    0.435822    0.636817     1.66799  0.00034793
640    0.432434    0.634636     1.60052  0.000347321
650    0.428875    0.632345     1.07601   0.0002381
660    0.427673    0.631571     1.58284  0.000240076
670    0.424074    0.629254     1.19404  0.000330032
680    0.421072    0.627322    0.652286  0.000296353
690    0.418147    0.625439     1.10877  0.000325899
700    0.414554    0.623126     1.14269  0.000296171
710    0.412223    0.621626     1.39656  0.000296927
720    0.408615    0.619303     1.36302  0.000318243
730    0.405858    0.617528     1.26087  0.00029265
740    0.402762    0.615535     1.51432  0.000309917
750     0.39966    0.613538     1.02374  0.000261927
760    0.397524    0.612163     1.48017  0.000226399
770    0.395132    0.610623    0.566242  0.000232466
780    0.392875     0.60917     1.73401  0.000347283
790    0.388186    0.606152     1.39595  0.000349273
800    0.385889    0.604673    0.786158  0.000227252
810    0.383641    0.603226    0.735008  0.000271098
820    0.380467    0.601183     1.20897  0.000240816
830    0.378825    0.600126     1.05625  0.000240049
840    0.375666    0.598092    0.886955  0.000279769
850     0.37323    0.596524    0.734462  0.00028601
860    0.369946     0.59441     1.64826  0.000300673
870    0.367216    0.592653     1.12336  0.000299977
880    0.363946    0.590548      1.2586  0.000310449
890    0.361007    0.588656     1.05542  0.000250506
900    0.358936    0.587323    0.987636  0.00021435
910     0.35672    0.585896     1.63075  0.000298214
920    0.352972    0.583483     2.00288  0.000315811
930    0.350404     0.58183     2.17206  0.000232993
940    0.348312    0.580484     2.30755  0.000277482
950    0.344854    0.578258     1.35986  0.000251038
960    0.343291    0.577252     2.03627  0.000199114
970    0.340872    0.575694     2.13761  0.000279172
980    0.337708    0.573657     2.30695    0.000304
990    0.334792     0.57178     2.10402  0.000192027
1000    0.333867    0.571185     1.61272  0.000178243
1010    0.331227    0.569485     1.96805  0.000247158
1020    0.328924    0.568003     1.42608  0.00024491
1030    0.326329    0.566332     1.66343  0.000218201
1040     0.32456    0.565194     2.00109  0.000167054
1050    0.322988    0.564182     1.69688  0.00018903
1060     0.32078     0.56276     1.74739  0.000284302
1070    0.317302    0.560521     0.98595  0.000277631
1080    0.315227    0.559186     1.81541  0.000184691
1090    0.313608    0.558143     1.45993  0.000143294
1100    0.312361    0.557341     1.62862  0.00018549
1110    0.309898    0.555755     1.74706  0.000287104
1120    0.306619    0.553644      1.3918  0.000216797
1130    0.305562    0.552964     1.20506  0.000207229
1140    0.302474    0.550976    0.849714  0.000281575
1150    0.299931    0.549339      0.9177  0.000241576
1160    0.297643    0.547866    0.528059  0.000236294
1170    0.295205    0.546297     0.62945  0.000248492
1180    0.292673    0.544667    0.544745  0.000257817
1190    0.290049    0.542977     1.08633  0.000202918
1200    0.288615    0.542054    0.628971  0.000187404
1210    0.286301    0.540564    0.561234  0.000250664
1220    0.283601    0.538827    0.392153  0.000233622
1230    0.281628    0.537557    0.764232  0.000220987
1240    0.279182    0.535982    0.763934  0.000258178
1250    0.276465    0.534233    0.780918  0.00025291
1260    0.274123    0.532726    0.865326  0.000194655
1270    0.272571    0.531727     1.05146  0.000212826
1280    0.269867    0.529986    0.475916  0.00025451
1290    0.267481     0.52845    0.577457  0.000246233
1300    0.264942    0.526815     1.39014  0.000233521
1310    0.262811    0.525443      1.1699  0.000189725
1320    0.261148    0.524373     1.01711  0.000159076
1330    0.259629    0.523395    0.238504  0.000196521
1340    0.257217    0.521843    0.729553  0.000182086
1350    0.255988    0.521051    0.492124  0.000161734
1360    0.253983     0.51976    0.187172  0.000237928
1370    0.251229    0.517988    0.678336  0.000177424
1380    0.250434    0.517476    0.915303  0.000137679
1390    0.248475    0.516215    0.441039  0.00015434
1400    0.247347    0.515489     1.03322  9.49845e-05
1410    0.246576    0.514992    0.525563  0.000164045
1420    0.244067    0.513377    0.660956  0.000228734
1430    0.242001    0.512047    0.153468  0.000145308
1440     0.24116    0.511506    0.119252  0.000120193
1450    0.239597      0.5105   -0.117698  0.000221146
1460    0.236737    0.508659   0.0853338  0.000283307
1470    0.233931    0.506852   0.0518946  0.000222214
1480    0.232293    0.505798    0.203957  0.000210734
1490    0.229716    0.504139    -0.01586  0.000209636
1500      0.2281    0.503099   -0.270207  9.97856e-05
1510    0.227721    0.502854   -0.320994  0.000134938
1520    0.225402    0.501362     1.23608  0.000217002
1530    0.223381    0.500061    0.846458  0.000222079
1540     0.22096    0.498502     0.66041  0.000180051
1550     0.21978    0.497742    0.338292  0.000142505
1560     0.21811    0.496668   -0.169394  0.000118446
1570    0.217411    0.496217    0.846028  0.000146234
1580    0.215185    0.494785    0.795522  0.000253351
1590    0.212344    0.492956    0.558308  0.000195845
1600    0.211268    0.492263    0.744239  5.8677e-05
1610     0.21117      0.4922    0.625301  0.000140075
1620    0.208467     0.49046     0.59178  0.000275251
1630    0.205665    0.488656    0.490124  0.000249816
1640    0.203471    0.487244     1.15045  0.000142813
1650    0.202809    0.486818    0.624988  0.000109357
1660    0.201283    0.485836    0.726446  0.00013885
1670    0.200032     0.48503   -0.204569  0.000237972
1680    0.196524    0.482772    0.100466  0.000224502
1690    0.195542     0.48214    0.150773  0.000163333
1700    0.193257    0.480669    0.573969  0.000199268
1710    0.191557    0.479574   -0.475239  0.000173403
1720    0.189789    0.478436    0.133773  0.000229724
1730    0.186962    0.476616    0.286381  0.000228664
1740    0.185216    0.475493    0.184841  0.000163901
1750    0.183684    0.474506   -0.272554  0.000164325
1760     0.18193    0.473377    -0.18775  0.000147582
1770    0.180732    0.472606    0.150179  0.000137005
1780    0.179189    0.471613   -0.543588   0.0001811
1790     0.17711    0.470275   -0.679097  0.000194039
1800    0.175309    0.469115   -0.459444  0.000174168
1810    0.173627    0.468032   -0.289984  0.000179306
1820    0.171723    0.466806      -0.256  0.000173426
1830    0.170158    0.465799   -0.815167  0.000195912
1840    0.167804    0.464284    -0.88269  0.000160107
1850    0.166956    0.463738    -1.01831  0.000116462
1860    0.165475    0.462784    -1.12023  0.000134065
1870    0.164275    0.462012   -0.477074  0.000189742
1880     0.16168    0.460342     -1.0355  0.000169545
1890    0.160884    0.459829    -0.69694  0.000133603
1900    0.159008    0.458622   -0.917336  0.000198946
1910    0.156905    0.457268   -0.883086  0.000169234
1920    0.155623    0.456443   -0.849118  6.31154e-05
1930    0.155643    0.456455   -0.765091  8.40701e-05
1940    0.153942     0.45536    -0.24052  0.000147954
1950    0.152684     0.45455   -0.257239  0.000140362
1960    0.151135    0.453553   -0.206535  0.000115121
1970    0.150381    0.453068   -0.748157  0.000120249
1980     0.14873    0.452005   -0.341796  0.000120496
1990    0.147971    0.451517   -0.308092  3.42101e-05
2000    0.148046    0.451565   -0.816208  0.000105049
2010    0.145871    0.450164   -0.799192  0.000116424
2020    0.145717    0.450066    -1.00237  5.88208e-05
2030    0.144694    0.449407   -0.494834  0.000104094
2040    0.143635    0.448725   -0.715296  0.000120535
2050    0.142283    0.447855   -0.461478  0.000141823
2060    0.140799    0.446899   -0.884872  0.000147022
2070    0.139343    0.445962   -0.968982  9.87738e-05
2080    0.138823    0.445628   -0.800117  0.000125038
2090    0.136842    0.444352   -0.783133  0.000105756
2100    0.136708    0.444266   -0.614119  0.000124072
2110    0.134361    0.442755    -0.63064  0.000155178
2120    0.133605    0.442268   -0.665055  0.00014751
2130    0.131411    0.440856   -0.428072  0.000152706
2140    0.130551    0.440302  -0.0218104  0.000130273
2150    0.128805    0.439179    0.180824  0.000200973
2160    0.126531    0.437715    0.113418  0.000194877
2170    0.124908     0.43667    0.434758  0.000129767
2180    0.123936    0.436044     0.24838  8.24805e-05
2190    0.123258    0.435608    0.282365  0.000107387
2200    0.121788    0.434661    0.197594  0.000133984
2210    0.120578    0.433883   -0.225867  0.000160734
2220    0.118573    0.432592     0.38379  6.85688e-05
2230    0.119207       0.433    0.112673  4.7414e-05
2240    0.117625    0.431982    0.349524  0.000140151
2250    0.116404    0.431195    0.383575  0.000165438
2260    0.114316    0.429852   -0.225685  0.000104364
2270    0.114317    0.429852  -0.0230501  5.98535e-05
2280    0.113119    0.429081    0.264488  0.000133195
2290    0.111653    0.428137    0.332375  0.000158523
2300    0.109949     0.42704    0.298291  0.00013723
2310    0.108908     0.42637     0.73852  9.08252e-05
2320    0.108132    0.425871    0.230371  4.58814e-05
2330     0.10799    0.425779      0.3825  2.25786e-05
2340    0.107681     0.42558    0.449627  7.8034e-05
2350     0.10643    0.424775    0.331317  0.000190759
2360    0.103866    0.423124    0.128385  0.000123832
2370    0.103953     0.42318    0.382104  1.48263e-05
2380    0.103569    0.422933   0.0266291  8.2323e-05
2390    0.102307    0.422121   -0.109028  0.000114575
2400    0.101277    0.421458   -0.227288  0.000138577
2410   0.0995351    0.420336    0.060399  0.000152447
2420   0.0982286    0.419495   0.0433651  9.35126e-05
2430   0.0976649    0.419132    0.110689  0.000131172
2440   0.0956051    0.417807    0.551134  0.000131431
2450   0.0950362     0.41744    0.788117  2.29049e-05
2460    0.095147    0.417512    0.398823  1.27755e-05
2470   0.0947807    0.417276  -0.0923582  7.76473e-05
2480   0.0935941    0.416512    0.246165  0.000134211
2490   0.0920965    0.415548    0.584457  0.000158526
2500   0.0904236    0.414471   -0.126326  7.15107e-05
2510   0.0906663    0.414627   -0.228346  6.15362e-05
2520   0.0891928    0.413679   -0.160691  0.000137195
2530   0.0879224    0.412861    -0.32959  0.00013929
2540    0.086407    0.411885   -0.261885  6.04089e-05
2550   0.0867142    0.412083   -0.211445  -1.86943e-05
2560   0.0867809    0.412126   -0.803886  0.000126362
2570    0.084187    0.410456    -0.31277  0.000128279
2580   0.0842153    0.410475   -0.753016  7.85708e-05
2590   0.0826155    0.409445    -1.12539  7.86565e-05
2600   0.0826422    0.409462   -0.617855  4.42263e-05
2610    0.081731    0.408875    0.042109  0.000133007
2620   0.0799821    0.407749   -0.126739   0.0001246
2630    0.079239    0.407271    -0.24533  4.12773e-05
2640   0.0791565    0.407218   -0.770562  6.41499e-05
2650    0.077956    0.406445   -0.296712  9.92302e-05
2660   0.0771719     0.40594   -0.601433  0.000104788
2670   0.0758603    0.405096   -0.364202  7.69738e-05
2680   0.0756324    0.404949   -0.702973  1.72444e-06
2690   0.0758258    0.405074   -0.788042  7.03439e-05
2700   0.0742256    0.404044   -0.415484  9.15498e-05
2710   0.0739948    0.403895   -0.635699  9.1904e-05
2720   0.0723875     0.40286   -0.872665  0.000139751
2730   0.0711998    0.402096   -0.838697  5.88071e-05
2740   0.0712113    0.402103    -0.78829  7.49875e-05
2750      0.0697     0.40113   -0.990975  3.07564e-05
2760   0.0705962    0.401707    -1.12698  5.58723e-05
2770   0.0685826    0.400411    -1.38062  9.67305e-05
2780   0.0686616    0.400462    -1.49944  8.11145e-05
2790   0.0669603    0.399367    -1.46564  0.000140058
2800   0.0658604    0.398659    -1.31314  5.47864e-05
2810   0.0658646    0.398661    -1.39816  3.89211e-05
2820    0.065082    0.398158    -1.17811  8.3733e-05
2830   0.0641899    0.397583    -1.19521  0.000152102
2840     0.06204    0.396199    -1.92278  0.00014345
2850   0.0613209    0.395736     -1.9399  0.000106202
2860   0.0599159    0.394832    -1.36421  8.84526e-05
2870   0.0595519    0.394598    -1.39838  1.66271e-05
2880   0.0595834    0.394618    -1.82144  7.81147e-05
2890   0.0579896    0.393592    -1.95688  8.9073e-05
2900   0.0578019    0.393471    -2.26159  0.000103895
2910   0.0559117    0.392254    -2.38001  0.000153021
2920   0.0547415    0.391501    -2.32921  3.00182e-05
2930   0.0553113    0.391868    -2.00775  1.93238e-05
2940    0.054355    0.391252    -2.34636  6.84552e-05
2950   0.0539422    0.390987    -2.17739  0.000106978
2960   0.0522155    0.389875    -2.38014  7.43069e-05
2970   0.0524561     0.39003    -2.04195  -1.85946e-05
2980   0.0525874    0.390114      -2.059  4.54439e-05
2990   0.0515472    0.389445    -1.94051  0.00012067
3000    0.050174    0.388561    -1.87297  6.95732e-05
3010   0.0501557    0.388549    -2.31299  6.06822e-05
3020   0.0489603     0.38778    -2.31325  3.49766e-05
3030   0.0494562    0.388099    -2.34733  1.48933e-05
3040   0.0486625    0.387588    -1.90714  4.62655e-05
3050   0.0485309    0.387503    -1.78875  1.50021e-05
3060   0.0483624    0.387395    -1.89073  5.57724e-05
3070   0.0474154    0.386785    -1.72127  0.000100411
3080   0.0463542    0.386102    -2.26329  7.47005e-05
3090   0.0459214    0.385823    -2.14491  8.79804e-05
3100   0.0445946    0.384969    -2.12765  9.37536e-05
3110   0.0440463    0.384616    -1.84029  9.96979e-05
3120   0.0426006    0.383686    -1.83991  9.43067e-05
3130   0.0421602    0.383402    -1.68785  4.2247e-05
3140   0.0417557    0.383142    -1.72192  5.73812e-05
3150   0.0410126    0.382663    -1.80639  8.37885e-05
3160   0.0400799    0.382063     -1.0448  8.8308e-06
3170    0.040836     0.38255    -1.51922  -1.73887e-05
3180   0.0404277    0.382287     -1.5022  7.29784e-05
3190   0.0393764     0.38161      -1.536  9.58368e-05
3200    0.038511    0.381053    -1.41777  0.000128248
3210   0.0368114    0.379959     -1.5363  0.000156959
3220   0.0353718    0.379032    -1.84069  7.40176e-05
3230   0.0353311    0.379006     -2.5009  3.06593e-05
3240   0.0347586    0.378637    -2.09489  0.00012389
3250   0.0328533    0.377411     -2.2132  0.000101293
3260   0.0327327    0.377333     -2.0272  3.49857e-05
3270   0.0321536     0.37696    -2.14592  0.000103839
3280    0.030656    0.375996    -2.12887  0.000117457
3290   0.0298044    0.375448    -2.38277  7.18555e-05
3300   0.0292189    0.375071    -1.97668  8.36217e-05
3310    0.028132    0.374372     -2.6028  6.84552e-05
3320   0.0278497     0.37419     -2.0782  5.90942e-05
3330   0.0269501    0.373611    -2.68766  4.95989e-05
3340   0.0268578    0.373551    -2.33222  0.000115443
3350   0.0246413    0.372124    -2.46738  9.24155e-05
3360   0.0250095    0.372361    -2.33251  3.6731e-05
3370   0.0239066    0.371652      -2.417  6.7777e-05
3380   0.0236539    0.371489    -2.58618  6.99899e-05
3390   0.0225068     0.37075    -2.48484  3.31731e-05
3400   0.0229905    0.371062    -2.67129  6.84713e-05
3410   0.0211374    0.369869    -2.29858  0.00011532
3420    0.020684    0.369577    -2.50166  3.76084e-05
3430   0.0203853    0.369385    -2.53591  3.77449e-05
3440   0.0199292    0.369091    -2.62081  5.35201e-05
3450   0.0193149    0.368696     -2.6378  8.70475e-05
3460   0.0181882     0.36797    -2.43483  0.000101034
3470   0.0172942    0.367395    -2.31642  0.000119091
3480   0.0158064    0.366437    -2.24855  4.84091e-05
3490    0.016326    0.366772    -2.62124  9.20361e-06
3500   0.0156223    0.366319    -2.57049  9.61817e-05
3510   0.0144024    0.365533    -2.33347   6.474e-05
3520   0.0143275    0.365485    -2.68926  2.93191e-05
3530    0.013816    0.365156    -2.85823  2.33978e-05
3540   0.0138596    0.365184    -2.53684  6.92978e-05
3550     0.01243    0.364264    -2.51997  6.14437e-05
3560   0.0126307    0.364393    -3.01067  6.37399e-05
3570   0.0111552    0.363443    -2.65521  0.000111806
3580   0.0103945    0.362953    -2.87547  0.00012223
3590  0.00871063    0.361869    -2.77362  6.43626e-05
3600  0.00910729    0.362125    -3.46797  1.85275e-05
3610  0.00834008    0.361631    -2.75698  5.26822e-05
3620  0.00805365    0.361446    -2.79092  6.49853e-05
3630  0.00704038    0.360794    -2.70621  9.74363e-05
3640  0.00610492    0.360192    -2.94311  6.53927e-05
3650  0.00573252    0.359952    -2.60464  3.72981e-05
3660  0.00535896    0.359712    -2.35085  2.52474e-05
3670  0.00522757    0.359627    -2.82507  6.3946e-05
3680  0.00408004    0.358888    -3.09569  1.93053e-05
3690  0.00484147    0.359379    -3.28227  -3.75412e-05
3700  0.00483087    0.359372    -3.13002  4.39045e-05
3710  0.00396338    0.358813    -3.01161  0.000154375
3720  0.00174336    0.357384    -2.89287  0.000126123
3730  0.00144091    0.357189    -2.94384  8.35869e-05
3740  7.16195e-05    0.356308    -3.38399  0.000180308
3750  -0.00216525    0.354868    -3.29913  0.000174667
3760  -0.00342172    0.354059    -3.33285  8.66864e-05
3770  -0.00389898    0.353752    -3.19779  0.000107658
3780  -0.00557488    0.352673    -3.21461  5.41475e-05
3790  -0.00498193    0.353055     -3.0454  3.58815e-05
3800  -0.00629251    0.352211    -3.11327  0.000110513
3810  -0.00719218    0.351632     -3.2826  0.000100515
3820  -0.00830281    0.350917    -3.21494  8.62675e-05
3830  -0.00891753    0.350521    -3.35047  9.90914e-05
3840  -0.0102846    0.349641    -3.48579  7.84736e-05
3850   -0.010487    0.349511    -2.84268  5.79044e-05
3860  -0.0114427    0.348896    -3.06284  0.00011039
3870  -0.0126948     0.34809    -3.45217  7.08741e-05
3880  -0.0128602    0.347983    -3.40155  6.28002e-05
3890  -0.0139508    0.347281    -3.43535  6.92399e-05
3900   -0.014245    0.347092    -3.35068  6.3196e-05
3910  -0.0152147    0.346468    -3.46925  0.000137253
3920  -0.0169901    0.345325    -3.48616  6.57422e-05
3930  -0.0165296    0.345621    -3.33414  4.92031e-05
3940  -0.0179741    0.344691    -3.14785  0.000104364
3950  -0.0186169    0.344278    -3.52032  5.37585e-05
3960  -0.0190493    0.343999    -3.04627  2.41456e-05
3970  -0.0190998    0.343967    -3.31729  5.83813e-05
3980  -0.0202169    0.343247    -3.28336  4.14069e-05
3990  -0.0199279    0.343434    -3.16481  9.56701e-06
4000  -0.0204083    0.343124    -3.09734  3.73884e-05
4010  -0.0206757    0.342952    -3.40215  2.89487e-05
4020  -0.0209872    0.342752    -3.08056  6.99089e-05
4030  -0.0220738    0.342052    -3.40221  0.000121769
4040  -0.0234226    0.341184    -3.58811  2.50553e-05
4050   -0.022575     0.34173    -3.21616  1.01943e-05
4060  -0.0236265    0.341053    -3.09764  6.63672e-05
4070  -0.0239023    0.340875    -3.45323  0.000105686
4080  -0.0257402    0.339692    -3.28375  0.00012764
4090  -0.0264551    0.339232    -3.31759  6.94274e-05
4100  -0.0271288    0.338798    -3.21618  7.39945e-05
4110   -0.027935    0.338279    -3.03002  9.60729e-05
4120  -0.0290502    0.337561    -3.08077  5.92168e-05
4130  -0.0291193    0.337517    -3.40241  -1.85184e-06
4140  -0.0290132    0.337585    -2.96264  3.76639e-05
4150  -0.0298726    0.337032    -3.45358  6.18974e-05
4160  -0.0302512    0.336788    -3.38604  0.000106184
4170  -0.0319963    0.335665    -3.38572  0.000135105
4180  -0.0329532    0.335049    -3.25058  7.81935e-05
4190  -0.0335601    0.334658     -3.5889  5.19438e-05
4200  -0.0339921     0.33438    -2.96289  0.000107559
4210  -0.0357113    0.333273    -3.23349  6.56173e-05
4220  -0.0353045    0.333535    -3.86007  -1.85089e-05
4230  -0.0353411    0.333511    -3.03076  2.59604e-05
4240  -0.0358237    0.333201    -3.42025  8.18184e-05
4250  -0.0369775    0.332458    -2.94637  0.00013348
4260  -0.0384933    0.331482    -3.01394  8.46263e-05
4270    -0.03867    0.331369    -3.03091  9.85289e-05
4280  -0.0404638    0.330214     -3.0646  7.62422e-05
4290  -0.0401949    0.330387    -3.26826  3.61245e-05
4300  -0.0411863    0.329749    -3.31884  5.87214e-05
4310  -0.0413693    0.329631    -3.31876  9.97001e-05
4320  -0.0431803    0.328465    -2.92953  0.000111219
4330  -0.0435937    0.328199    -3.11575  2.32544e-05
4340  -0.0436454    0.328166     -3.4543  1.65531e-05
4350  -0.0439247    0.327986     -3.4545  5.75872e-05
4360  -0.0447972    0.327424    -3.40348   6.002e-05
4370  -0.0451251    0.327213     -3.4713  -1.05508e-05
4380  -0.0445862     0.32756     -3.4205  2.83979e-05
4390  -0.0456931    0.326847    -3.06524  2.60621e-05
4400  -0.0451074    0.327225    -3.47175  1.48145e-05
4410  -0.0459894    0.326657    -3.52221  5.15526e-05
4420  -0.0461385    0.326561    -3.08224  3.39355e-06
4430  -0.0460573    0.326613    -3.60724  2.19002e-05
4440  -0.0465765    0.326279    -3.30252  6.35894e-05
4450   -0.047329    0.325794    -2.98107  9.85498e-05
4460  -0.0485475     0.32501     -2.9302  8.72489e-05
4470   -0.049074    0.324671    -3.21797  3.64508e-05
4480  -0.0492765    0.324541    -3.03195  0.000108851
4490   -0.051251     0.32327    -2.96395  7.63996e-05
4500  -0.0508045    0.323557    -3.01497  -1.19722e-05
4510  -0.0510116    0.323424    -3.04907  8.40036e-05
4520  -0.0524845    0.322476    -3.35364  3.48954e-05
4530  -0.0517095    0.322975    -2.79525  -2.3935e-06
4540  -0.0524367    0.322506    -2.89687  4.4569e-05
4550  -0.0526009    0.322401    -2.84612  3.77078e-05
4560  -0.0531908    0.322021    -2.96453  6.14623e-05
4570  -0.0538301    0.321609    -2.84609  7.3513e-05
4580  -0.0546611    0.321074    -2.72771  8.32697e-05
4590  -0.0554955    0.320537    -2.86305  0.000107353
4600  -0.0568081    0.319692    -2.88005  7.67212e-05
4610  -0.0570299     0.31955    -3.20168  5.08744e-05
4620  -0.0578256    0.319037    -2.74466  7.73139e-05
4630  -0.0585762    0.318554    -2.76176  6.08303e-05
4640  -0.0590422    0.318254    -3.13427  3.94901e-05
4650   -0.059366    0.318046    -3.21892  5.88812e-05
4660  -0.0602199    0.317496    -3.48973  4.2201e-05
4670    -0.06021    0.317502    -3.18539  4.96846e-05
4680  -0.0612135    0.316856    -2.88055  0.000100547
4690   -0.062221    0.316208    -3.10065  9.36538e-05
4700  -0.0630866    0.315651    -2.96544  0.000113427
4710  -0.0644895    0.314748    -3.03299  0.000121112
4720  -0.0655089    0.314091    -3.06671  0.000111869
4730  -0.0667269    0.313307    -2.76206  7.3212e-05
4740  -0.0669731    0.313149    -2.99922  3.69072e-05
4750   -0.067465    0.312832    -3.33781  5.90801e-05
4760  -0.0681547    0.312388     -3.1346  0.000101001
4770  -0.0694851    0.311532    -3.01627  7.18232e-05
4780  -0.0695912    0.311463    -3.13495  8.20849e-05
4790  -0.0711268    0.310475    -2.99939  0.000106939
4800  -0.0717299    0.310087    -3.16858  5.30176e-05
4810  -0.0721871    0.309792    -3.45624  -8.71755e-06
4820  -0.0715556    0.310199    -3.01659  6.3365e-05
4830  -0.0734544    0.308976     -3.1856  0.00011811
4840  -0.0739178    0.308678    -3.21952  4.03002e-06
4850   -0.073535    0.308925    -3.18568  9.10871e-06
4860     -0.0741    0.308561    -3.01652  5.66173e-05
4870  -0.0746674    0.308196    -3.08419  -5.85392e-06
4880  -0.0739829    0.308636    -3.15205  2.94212e-05
4890  -0.0752558    0.307817    -3.37201  8.97627e-05
4900  -0.0757781    0.307481    -3.45639  5.23463e-05
4910  -0.0763027    0.307143    -3.52424  4.49669e-05
4920  -0.0766775    0.306902    -2.98257  5.52911e-05
4930  -0.0774085    0.306431    -3.11808  5.80296e-05
4940  -0.0778381    0.306155    -3.18577  -1.54443e-05
4950  -0.0770996     0.30663    -3.45672  -7.75941e-06
4960  -0.0776829    0.306254    -3.54149  6.60989e-05
4970  -0.0784216    0.305779    -3.18623  9.70431e-05
4980  -0.0796237    0.305005    -3.50759  3.07612e-05
4990  -0.0790368    0.305383    -3.38936  -3.55206e-05
