Time   Number   
ps   
0          13           1
10          17           7
20          18           4
30          17           3
40          16           4
50          12           3
60          15           4
70          19           2
80          20           2
90          20           5
100          14           8
110          18           1
120          19           3
130          19           4
140          19           4
150          19           2
160          19           2
170          18           4
180          24           1
190          18           1
200          17           5
210          18           1
220          18           4
230          19           7
240          19           4
250          21           4
260          21           6
270          21           4
280          18           2
290          17           7
300          20           7
310          19           4
320          19           9
330          19           4
340          19           2
350          17           5
360          18           3
370          21           4
380          23           5
390          20           7
400          20           3
410          16           5
420          19           3
430          18           3
440          20           2
450          18           2
460          16           1
470          18           5
480          16           6
490          20           3
500          14           7
510          18           3
520          18           7
530          20           1
540          18           4
550          16           5
560          19           2
570          17           3
580          13           7
590          19           6
600          15           5
610          17           3
620          16          12
630          21           2
640          16           7
650          22           4
660          19           4
670          21           3
680          18           3
690          15           7
700          15           1
710          15           3
720          16           5
730          15           3
740          19           1
750          18           2
760          18           3
770          15           3
780          19           3
790          16           5
800          15           3
810          15           2
820          16           3
830          18           5
840          13           4
850          14           5
860          15           4
870          14           4
880          14           3
890          15           2
900          19           1
910          15           5
920          16           3
930          17           3
940          14           4
950          15           2
960          12           9
970          14           6
980          11          10
990          13           4
1000          10           6
1010          14           5
1020          15           4
1030          14           7
1040          13           5
1050          15           3
1060          14           4
1070          14           2
1080          13           3
1090          14           2
1100          15           1
1110          12           0
1120          12           4
1130          13           4
1140          12           1
1150          12           1
1160          12           3
1170          11           1
1180          11           4
1190          13           2
1200          14           2
1210          13           4
1220          16           2
1230          12           2
1240          14           1
1250           8           7
1260          14           0
1270          13           1
1280          11           3
1290          12           5
1300          13           1
1310          11           1
1320          13           6
1330          12           4
1340          13           3
1350          15           2
1360          12           3
1370          12           2
1380          10           3
1390          10           4
1400           9           6
1410          14           2
1420          13           1
1430           9           3
1440          14           4
1450          12           2
1460           9           2
1470          10           2
1480          12           3
1490          12           3
1500          11           6
1510          12           2
1520          12           3
1530          10           5
1540          10           0
1550          12           1
1560          10           3
1570          13           1
1580          12           2
1590          13           1
1600          14           1
1610          12           5
1620          11           3
1630          18           3
1640          16           2
1650          12           5
1660          16           3
1670          14           2
1680          11           6
1690          14           6
1700          11           3
1710          10           3
1720           9           2
1730          13           3
1740          15           4
1750          15           3
1760          13           2
1770          14           5
1780          16           5
1790          16           7
1800          14           5
1810          15           2
1820          15           0
1830          14           0
1840          12           2
1850          16           4
1860          13           1
1870          13           5
1880          13           6
1890          15           5
1900          14           3
1910          14           2
1920          14           7
1930          12           4
1940          14           3
1950          13           6
1960          10           6
1970          10           3
1980          12           2
1990          16           0
2000          10           2
2010           9           8
2020          12           3
2030          11           3
2040          12           0
2050          13           2
2060          11           3
2070          12           4
2080           9           4
2090          12           3
2100          14           1
2110          12           2
2120          15           3
2130          11           6
2140          16           1
2150          12           2
2160          14           4
2170          10           6
2180          14           7
2190          16           4
2200          13           1
2210          15           5
2220          17           3
2230          18           2
2240          17           8
2250          17           3
2260          15           6
2270          15           3
2280          18           2
2290          18           3
2300          16           2
2310          14           4
2320          14           6
2330          15           5
2340          14           4
2350          15           3
2360          13           3
2370          14           4
2380          17           5
2390          13           7
2400          11           4
2410          14           2
2420          15           0
2430          10           8
2440          14           2
2450          14           2
2460          13           2
2470          15           3
2480          14           4
2490          15           4
2500          13           6
2510          14           6
2520          11           5
2530          14           1
2540          12           4
2550          17           2
2560          12           2
2570          14           2
2580          13           4
2590          13           3
2600          13           2
2610          16           4
2620          13           3
2630          10           5
2640          14           3
2650          12           4
2660          12           4
2670          13           2
2680          12           3
2690          11           5
2700          11           3
2710          17           2
2720          11           9
2730          12           2
2740          16           5
2750          17           1
2760          15           2
2770          15           2
2780          15           1
2790          11           3
2800          12           1
2810          12           2
2820          13           3
2830          11           4
2840          13           4
2850          14           4
2860           9           3
2870          13           3
2880          16           3
2890          13           5
2900          12           2
2910          13           5
2920          14           3
2930          15           2
2940           9           3
2950           8           7
2960          17           1
2970          15           2
2980          15           2
2990          17           4
3000          15           2
3010          13           5
3020          13           4
3030          13           4
3040          11           1
3050          11           4
3060          11           5
3070          15           2
3080          12           4
3090          10           1
3100           8           4
3110          12           2
3120          10           4
3130          11           2
3140          11           4
3150          10           3
3160          10           5
3170          12           6
3180          12           4
3190          10           3
3200          14           3
3210          14           1
3220          13           1
3230          14           1
3240          13           6
3250          11           9
3260           9           5
3270          13           5
3280          13           4
3290          10           4
3300          11           3
3310          12           1
3320          12           0
3330          11           3
3340           9           5
3350          13           4
3360          14           7
3370          11           6
3380          14           3
3390          14           2
3400          11           4
3410          12           3
3420          17           2
3430          14           3
3440          11           8
3450          12           5
3460          13           2
3470          13           4
3480          15           3
3490          15           4
3500          15           1
3510          19           4
3520          16           1
3530          14           5
3540          15           5
3550          13           3
3560          15           9
3570          13           4
3580          13           3
3590          15           1
3600          11           1
3610          11           4
3620          15           2
3630          13           6
3640          13           2
3650          12           7
3660          15           3
3670          16           6
3680          16           1
3690          16           1
3700          16           3
3710          12           5
3720          13           3
3730          16           2
3740          11           3
3750          16           2
3760          15           4
3770          10           5
3780          13           7
3790          16           4
3800          16           4
3810          20           2
3820          12           7
3830          16           0
3840           9           3
3850          11           4
3860          11           7
3870          10           4
3880          14           2
3890          14           3
3900          12           1
3910          10           1
3920          10           3
3930          10           4
3940          10           4
3950          11           1
3960           9           3
3970          11           4
3980          11           4
3990          14           5
4000          15           5
4010          12           5
4020          15           2
4030          17           2
4040          17           2
4050          14           3
4060          16           2
4070          11           9
4080          13           3
4090          13           4
4100          12           2
4110          13           2
4120          11           1
4130          11           3
4140          12           2
4150          12           3
4160          12           4
4170          15           1
4180          14           0
4190          13           5
4200          13           1
4210          12           4
4220          16           2
4230          18           3
4240          16           1
4250          16           5
4260          17           4
4270          14           5
4280          18           2
4290          17           7
4300          14           5
4310          13           4
4320          15           4
4330          14           4
4340          17           3
4350          12           5
4360          17           5
4370          15           7
4380          15           3
4390          16           3
4400          16           3
4410          15           2
4420          15           3
4430          18           3
4440          14           3
4450          13           2
4460          13           2
4470          14           1
4480          17           1
4490          13           4
4500          15           5
4510          17           5
4520          17           5
4530          13           7
4540          18           4
4550          15           3
4560          15           5
4570          16           5
4580          16           4
4590          18           4
4600          18           1
4610          14           4
4620          18           1
4630          15           5
4640          17           3
4650          17           1
4660          17           4
4670          11           5
4680          16           3
4690          16           1
4700          18           1
4710          18           7
4720          14           7
4730          16           5
4740          17           5
4750          16           4
4760          17           3
4770          14           6
4780          20           1
4790          15           4
4800          15           3
4810          17           3
4820          16           3
4830          16           6
4840          20           2
4850          15           3
4860          16           5
4870          20           6
4880          15           4
4890          17           7
4900          18           3
4910          14           7
4920          17           2
4930          15           1
4940          15           2
4950          15           0
4960          19           5
4970          17           5
4980          15           4
4990          17           2
5000          16           6
5010          17           2
5020          13           1
5030          11           6
5040          16           3
5050          19           4
5060          17           2
5070          15           4
5080          18           5
5090          16           3
5100          18           2
5110          19           2
5120          20           4
5130          16           5
5140          16           8
5150          22           4
5160          21           4
5170          17           6
5180          20           3
5190          20           2
5200          17           4
5210          18           5
5220          20           4
5230          18           1
5240          20           2
5250          16           4
5260          19           1
5270          15           1
5280          12           6
5290          17           3
5300          17           0
5310          16           6
5320          14           7
5330          17           4
5340          18           5
5350          16           5
5360          18           1
5370          15           1
5380          18           0
5390          16           2
5400          15           5
5410          17           5
5420          17           0
5430          18           2
5440          17           3
5450          21           5
5460          20           1
5470          16           2
5480          16           5
5490          19           1
5500          19           0
5510          19           2
5520          20           4
5530          15           3
5540          16           3
5550          15           3
5560          18           3
5570          17           4
5580          18           3
5590          17           2
5600          16           4
5610          14           6
5620          14           5
5630          12           4
5640          14           4
5650          14           6
5660          13           4
5670          13           2
5680          17           1
5690          13           0
5700          13           6
5710          15           2
5720          16           2
5730           9           7
5740          14           8
5750          15           1
5760          14           4
5770          16           2
5780          13           3
5790          15           4
5800          16           3
5810          17           1
5820          15           4
5830          15           1
5840          12           4
5850          16           1
5860          15           4
5870          16           2
5880          18           2
5890          17           4
5900          17           3
5910          15           3
5920          19           2
5930          19           3
5940          16           6
5950          16           4
5960          17           1
5970          21           2
5980          18           4
5990          14           4
6000          15           6
6010          15           2
6020          15           2
6030          16           5
6040          17           1
6050          17           3
6060          16           1
6070          15           2
6080          15           4
6090          14           6
6100          19           6
6110          16           2
6120          16           4
6130          14           6
6140          10           4
6150          17           4
6160          15           3
6170          12           5
6180          14           4
6190           9           7
6200          16           0
6210          15           3
6220          14           4
6230          11           5
6240          15           2
6250          14           3
6260          11           5
6270          16           2
6280          14           4
6290          13           7
6300          15           3
6310          16           3
6320          14           3
6330          11           3
6340          17           4
6350          14           7
6360          14           2
6370          12           4
6380          12           9
6390          14           2
6400          14           5
6410          17           4
6420          15           4
6430          12           6
6440          10           5
6450          13           3
6460          13           2
6470          11           4
6480          11           5
6490           9           5
6500          13           5
6510          11           2
6520          17           4
6530          12           3
6540          16           2
6550          14           6
6560          17           2
6570          13           6
6580          16           5
6590          17           2
6600          13           2
6610          16           1
6620          14           1
6630          10           4
6640          14           3
6650          15           8
6660          20           1
6670          18           4
6680          14           1
6690          15           3
6700          13           3
6710          14           3
6720          11           5
6730          13           1
6740          11           3
6750          13           1
6760          14           5
6770          14           5
6780          14           3
6790          13           0
6800          15           1
6810          14           4
6820          17           3
6830          15           4
6840          15           4
6850          14           1
6860          13           4
6870          15           3
6880          14           2
6890          11           1
6900           8           2
6910          13           2
6920          10           0
6930           8           2
6940          10           2
6950           9           5
6960          10           2
6970           8           3
6980          10           4
6990           7           3
7000          12           1
7010          10           6
7020          12           2
7030          10           5
7040           9           3
7050          10           0
7060          11           3
7070           8           5
7080          11           5
7090           8           2
7100           8           3
7110           8           4
7120          12           6
7130          10           6
7140          12           5
7150          13           5
7160          13           3
7170          14           4
7180          13           3
7190          14           6
7200          16           6
7210          13           3
7220          18           1
7230          16           1
7240          15           3
7250          15           2
7260          17           4
7270          18           2
7280          20           3
7290          17           4
7300          12           2
7310          12           3
7320          13           2
7330          12           4
7340          15           3
7350          14           2
7360          15           3
7370          14           5
7380          13           7
7390          13           2
7400          13           4
7410          11           3
7420          15           3
7430          13           2
7440          15           5
7450          10           3
7460           9           4
7470          10           5
7480          10           2
7490          12           1
7500          13           1
7510          10           3
7520          11           2
7530          10           2
7540          13           1
7550          13           2
7560           8           2
7570           8           0
7580           9           2
7590           7           7
7600          11           2
7610          13           3
7620          11           1
7630          10           3
7640          12           4
7650          10           1
7660          15           1
7670          12           4
7680          10           6
7690          13           2
7700          11           2
7710          14           2
7720          13           3
7730          18           1
7740          14           2
7750          13           5
7760          13           6
7770          14           5
7780          14           2
7790          16           2
7800          13           8
7810          14           4
7820          16           1
7830          12           9
7840          13           8
7850          19           5
7860          20           4
7870          15           6
7880          16           5
7890          15           4
7900          16           3
7910          17           3
7920          14          10
7930          13           5
7940          16           3
7950          12           5
7960          18           2
7970          12           4
7980          13           4
7990          12           2
8000          12           2
8010          14           2
8020          13           3
8030          14           3
8040          13           4
8050          15           5
8060          12           6
8070          11           5
8080          10           3
8090          10           9
8100          15           2
8110          12           3
8120           8           3
8130          10           6
8140          11           6
8150          12           4
8160          14           2
8170          10           3
8180          10           5
8190          12           5
8200          12           5
8210          13           3
8220          12           3
8230          14           2
8240          11           6
8250          13           3
8260           9           5
8270          13           1
8280          14           0
8290           8           3
8300          11           0
8310          12           3
8320          11           6
8330          11           3
8340          11           3
8350          10           6
8360          12           3
8370          10           3
8380          10           4
8390          10           2
8400          12           0
8410          13           2
8420          14           4
8430          16           3
8440          13           4
8450          12           3
8460          16           2
8470          14           2
8480          16           0
8490          14           2
8500          17           1
8510          17           2
8520          14           4
8530          18           1
8540          12           4
8550          16           1
8560          16           2
8570          15           1
8580          17           3
8590          14           6
8600          17           3
8610          16           4
8620          14           7
8630          17           2
8640          17           3
8650          15           1
8660          12           6
8670          14           4
8680          15           3
8690          14           4
8700          15           2
8710          15           0
8720          12           4
8730          12           3
8740          13           5
8750          12           0
8760          14           1
8770          15           1
8780          13           6
8790          14           2
8800          19           4
8810          14           3
8820          18           0
8830          16           2
8840          18           4
8850          17           0
8860          17           3
8870          17           8
8880          15           4
8890          18           2
8900          21           1
8910          19           2
8920          19           1
8930          16           2
8940          16           1
8950          18           2
8960           9           5
8970          14           3
8980          17           3
8990          17           3
9000          16           4
9010          16           5
9020          12           6
9030          16           5
9040          15           5
9050          15           3
9060          14           4
9070          10           4
9080          10           6
9090          11           3
9100          11           8
9110          15           2
9120          14           1
9130          13           2
9140          10           3
9150           9           4
9160          12           3
9170          16           0
9180          17           0
9190          13           3
9200          14           3
9210          12           2
9220          16           3
9230          15           3
9240          11           3
9250          12           4
9260          14           3
9270          17           4
9280          14           5
9290          13           3
9300          17           3
9310          14           4
9320          15           5
9330          17           1
9340          15           3
9350          16           1
9360          17           3
9370          12           4
9380          16           5
9390          16           1
9400          11           3
9410          12           3
9420          13           6
9430          12           1
9440          12           2
9450          15           2
9460          13           4
9470          12           4
9480          15           4
9490          15           2
9500          15           3
9510          13           0
9520          17           5
9530          17           4
9540          15           7
9550          17           4
9560          17           3
9570          15           3
9580          14           4
9590          18           3
9600          16           1
9610          12           8
9620          12           7
9630          14           3
9640          18           1
9650          14           4
9660          16           2
9670          16           1
9680          16           2
9690          14           2
9700          14           3
9710          12           3
9720          14           3
9730          13           2
9740          16           4
9750          15           1
9760          14           3
9770          16           2
9780          14           0
9790          13           4
9800          14           0
9810          13           5
9820          15           1
9830          16           0
9840          16           0
9850          13           4
9860          15           3
9870          16           5
9880          19           3
9890          17           5
9900          14           4
9910          15           3
9920          17           3
9930          15           4
9940          12           3
9950          13           5
9960          13           3
9970          13           4
9980          14           4
9990          14           3
10000          15           2
