Time   C(t)   
ps   
0           1           1  6.65578e-10   0.0224981
10     0.77359    0.818741    0.708189   0.0123574
20    0.752853    0.802138     1.70351  0.00221669
30    0.729257    0.783248   0.0245303  0.00188166
40    0.715219     0.77201   -0.288832  0.00141278
50    0.701001    0.760627    0.459056  0.00135453
60    0.688129    0.750322     2.14004  0.00133818
70    0.674237    0.739201     1.32981  0.00124131
80    0.663302    0.730446    -1.15971  0.00102176
90    0.653802    0.722841    -1.40768  0.000843626
100     0.64643    0.716938     1.45358  0.000906879
110    0.635665     0.70832     2.57469  0.00108145
120    0.624801    0.699623    0.955195  0.000875923
130    0.618146    0.694295   -0.353243  0.000808614
140    0.608629    0.686676     1.07946  0.000817808
150     0.60179    0.681201    0.332057  0.000572622
160    0.597176    0.677507     0.33078  0.000515974
170     0.59147    0.672939     0.57809  0.000787658
180    0.581423    0.664895    -1.72348   0.0006497
190    0.578476    0.662536    0.514165  0.000496408
200    0.571495    0.656947    0.950635  0.000823015
210    0.562016    0.649358   -0.542161  0.000789624
220    0.555702    0.644304     2.00945  0.000643671
230    0.549143    0.639052     2.94364  0.000574982
240    0.544203    0.635097    0.576874  0.00072037
250    0.534735    0.627518    0.640008  0.000713786
260    0.529927    0.623668     1.19843  0.000539884
270    0.523938    0.618874    0.451395  0.000505793
280    0.519811     0.61557    -0.23433  0.000463915
290    0.514659    0.611445     2.50365  0.000484401
300    0.510123    0.607814     2.12922  0.000403145
310    0.506597     0.60499     1.00818  0.000525622
320    0.499611    0.599398     1.50669  0.000573637
330    0.495124    0.595806    0.260228  0.000496332
340    0.489684    0.591451     0.75886  0.000556339
350    0.483997    0.586898     1.38121  0.000380246
360    0.482079    0.585362     2.12782  0.000349689
370    0.477003    0.581299     2.81209  0.000527851
380    0.471522    0.576911     4.68016  0.000627707
390    0.464449    0.571248     3.18542  0.00054588
400    0.460605     0.56817     2.50043  0.000277974
410     0.45889    0.566797     1.87552  0.000373793
420    0.453129    0.562185     2.68594  0.000509226
430    0.448705    0.558644     1.62621  0.000550082
440    0.442127    0.553377     4.61496  0.000411975
450    0.440466    0.552047     2.99468  0.000341456
460    0.435298     0.54791     3.49349  0.00042965
470    0.431873    0.545168     4.61502  0.000374797
480    0.427802    0.541909     3.74257  0.000235815
490    0.427156    0.541392     5.42221  0.00029245
500    0.421953    0.537226     3.05702  0.000392844
510    0.419299    0.535102     4.36419  0.000313717
520    0.415679    0.532203     3.61703  0.000254185
530    0.414216    0.531032     4.36309  0.000351147
540    0.408656    0.526581     2.61958  0.000383826
550    0.406539    0.524886     3.30543  0.000332528
560    0.402005    0.521257     2.86999  0.000377396
570    0.398991    0.518844     1.93458  0.000370225
580    0.394601    0.515329   -0.741717  0.000261988
590    0.393752    0.514649     1.80929  0.000343528
600     0.38773    0.509828     4.54909  0.000380373
610    0.386144    0.508559     4.85941  0.000316647
620    0.381397    0.504758     3.73953  0.000398213
630     0.37818    0.502182     2.49404  0.000374801
640    0.373901    0.498757     4.42391  0.00026589
650    0.372862    0.497925     3.98787  0.000201599
660    0.369869    0.495529     4.60937  0.000397263
670    0.364917    0.491564     5.79148  0.000190243
680    0.366064    0.492483     5.66515  0.000284792
690    0.359221    0.487004     4.48389  0.000415611
700    0.357752    0.485828     7.09827  0.000126605
710    0.356689    0.484977     5.54088  0.00024555
720    0.352841    0.481897     6.41188  0.00032376
730    0.350214    0.479793     3.98368  0.000164616
740    0.349549    0.479261     5.53851  0.000140439
750    0.347405    0.477545     3.17314  0.000296801
760    0.343613    0.474509     4.48042  0.000404336
770    0.339318    0.471071     5.78728  0.000265175
780    0.338309    0.470263     6.28439  0.000315382
790     0.33301    0.466021     5.04006  0.000233291
800    0.333643    0.466527     4.60153  9.77814e-05
810    0.331055    0.464455     5.53529  0.000312905
820    0.327385    0.461517     4.85066  0.000334217
830     0.32437    0.459104     5.59806  0.000343283
840     0.32052    0.456021     6.03386  0.000202903
850    0.320312    0.455855     6.40598  0.000257547
860    0.315369    0.451897     4.78728  0.000207952
870    0.316153    0.452525     6.65414  0.000142094
880    0.312527    0.449622      6.0318  0.00020887
890    0.311976    0.449181     5.59526  0.000272077
900    0.307085    0.445266     6.52994  0.000381027
910    0.304355     0.44308     6.71649  0.000202191
920    0.303041    0.442028     4.78601  0.000206894
930    0.300218    0.439767     4.72366   0.0002827
940    0.297387    0.437502     5.78193  0.000253956
950    0.295138    0.435701     4.91033  0.00020835
960     0.29322    0.434166     5.22071  0.000204636
970    0.291046    0.432425     5.15849  0.000247174
980    0.288277    0.430208     5.96775  0.00017603
990    0.287525    0.429606     5.96641  0.000168093
1000    0.284915    0.427517     6.15283  0.00017682
1010    0.283989    0.426775     5.96562  7.16045e-05
1020    0.283483     0.42637     4.78217  0.000198779
1030    0.280013    0.423592     5.59192  0.000224485
1040    0.278993    0.422776     4.72026  0.000225119
1050    0.275511    0.419988     4.15983   0.0003359
1060    0.272275    0.417397     4.47167  9.00656e-05
1070    0.273709    0.418546     5.90157  9.47982e-05
1080    0.270379    0.415879     4.53219  0.000214057
1090    0.269428    0.415118     4.34522  0.000112271
1100    0.268134    0.414082     4.71807  0.000227824
1110    0.264872     0.41147     2.72585  0.000215399
1120    0.263826    0.410633     3.28664  5.33491e-05
1130    0.263805    0.410616     4.34303  0.000224943
1140    0.259327    0.407031     4.65536  0.000255238
1150      0.2587    0.406529     3.65949  0.000127175
1160    0.256784    0.404995     3.03636  0.000140285
1170    0.255894    0.404283     2.66217  6.31824e-05
1180     0.25552    0.403983     3.03496  9.35242e-05
1190    0.254024    0.402786     2.35106  0.000240365
1200    0.250713    0.400135     1.23044  0.000158733
1210    0.250849    0.400244     3.40787  0.000133351
1220    0.248046    0.397999     1.60207  0.000276349
1230    0.245322    0.395819     2.03921  0.000307335
1240    0.241899    0.393079     2.53645  0.000112738
1250    0.243067    0.394014    0.605295  9.58733e-05
1260    0.239981    0.391543     4.27898  0.000213273
1270    0.238802    0.390599     4.34005  0.00017032
1280    0.236575    0.388816     4.02985  0.00017938
1290    0.235214    0.387727     4.33944  0.000197304
1300    0.232629    0.385657     3.65524  0.000210796
1310    0.230999    0.384352     3.90413  0.000202592
1320    0.228577    0.382413     3.96684  0.000172354
1330    0.227551    0.381592     3.90395  9.82881e-05
1340    0.226611     0.38084     3.96623  0.00021704
1350    0.223211    0.378117      5.0245  0.000234981
1360    0.221912    0.377077     4.21488  7.28562e-05
1370    0.221754    0.376951     6.57952  0.000156784
1380    0.218776    0.374567     4.27576  0.000218721
1390    0.217379    0.373449     2.84312  0.000117784
1400     0.21642    0.372681     2.47027  0.000149024
1410    0.214399    0.371062     3.65317  0.000158162
1420    0.213257    0.370149     3.96349  0.000278195
1430    0.208835    0.366608     3.02997  0.000336306
1440    0.206531    0.364764     4.77324  0.000217333
1450    0.204488    0.363128     4.27497  4.44703e-05
1460    0.205642    0.364052      4.3364  0.000178286
1470    0.200922    0.360274     5.08447  0.000294228
1480    0.199757    0.359341     5.39498  0.000165743
1490    0.197607     0.35762     6.26549  0.000233069
1500    0.195096    0.355609     3.96289  0.000220182
1510    0.193204    0.354094     5.27005  0.000171497
1520    0.191666    0.352863     4.89702  7.32958e-05
1530    0.191738    0.352921     4.21092  0.000149855
1540    0.188669    0.350463     4.02493  0.00025337
1550    0.186671    0.348864     4.70968  0.000114586
1560    0.186377    0.348629     4.21062  9.69566e-05
1570    0.184731    0.347311     2.03198  5.65015e-05
1580    0.185247    0.347724     3.27631  8.38533e-05
1590    0.183054    0.345969     2.84045  0.000147182
1600    0.182303    0.345367     2.34102  0.00025169
1610    0.178021    0.341939     1.71934  0.000261147
1620     0.17708    0.341186     2.83978  0.000139506
1630     0.17523    0.339705     2.15472  0.000276028
1640     0.17156    0.336766     2.96483  0.000262933
1650    0.169972    0.335495     2.21761  8.15846e-05
1660    0.169928     0.33546     2.40458  0.000118334
1670    0.167605      0.3336     1.53189  0.000150437
1680    0.166919    0.333051     2.27923  0.000137185
1690    0.164861    0.331404    0.909417  0.000160302
1700    0.163713    0.330485     1.59387  0.000201975
1710    0.160822     0.32817    0.598669  6.93642e-05
1720    0.162326    0.329374   -0.460331  0.000143262
1730    0.157957    0.325876     1.59417  0.000212201
1740    0.158082    0.325976    0.597453  9.79319e-05
1750    0.155998    0.324308    -1.20798  0.000199413
1760    0.154094    0.322783   0.0370845  0.000172222
1770    0.152554     0.32155    -1.14654  0.000149564
1780    0.151102    0.320389    -2.08019  0.000228552
1790    0.147983    0.317891    -1.33315  0.000164197
1800    0.147818     0.31776     -1.3958  8.59655e-05
1810    0.146263    0.316514    -1.45796  0.000164985
1820    0.144519    0.315118    -1.83257  0.000249037
1830    0.141282    0.312527    -2.82741  0.000123933
1840     0.14204    0.313134     -2.5172  9.18642e-05
1850    0.139445    0.311056    -1.58307  0.000157186
1860    0.138896    0.310617    -2.14405  0.000153032
1870    0.136385    0.308606    -1.76993  0.000242132
1880    0.134054     0.30674   -0.961943  0.000238045
1890    0.131624    0.304794   -0.961091  0.000243318
1900    0.129187    0.302844     -2.8906  0.000103129
1910    0.129561    0.303143    -2.20743  0.000211633
1920    0.124955    0.299455    -2.33072  0.000240079
1930     0.12476    0.299299    -2.01985  3.83873e-05
1940    0.124187    0.298841    -2.95404  0.000118637
1950    0.122387    0.297399    -3.64001  0.000227467
1960    0.119638    0.295199    -3.07818  0.000227983
1970    0.117827    0.293749    -2.76774  0.000162333
1980    0.116391    0.292599     -2.3323  8.69185e-05
1990    0.116089    0.292357    -4.13779  0.000101446
2000    0.114362    0.290975    -2.83032  0.000158634
2010    0.112916    0.289817     -3.0173  0.000140014
2020    0.111562    0.288733    -3.32896  0.000116549
2030    0.110585    0.287951    -3.95179  0.000169341
2040    0.108175    0.286022    -3.32841  0.000112366
2050    0.108338    0.286152    -3.26728  0.000146288
2060    0.105249    0.283679    -4.07605  0.000203903
2070     0.10426    0.282887    -4.32488  0.000118252
2080    0.102884    0.281786    -4.32531  0.000156926
2090    0.101121    0.280375    -4.57335  0.000147697
2100   0.0999302    0.279421    -3.51605  7.11087e-05
2110    0.099699    0.279236    -3.82686  0.000138796
2120   0.0971543    0.277199    -3.14217  0.000139018
2130   0.0969187     0.27701    -2.95647  7.18869e-05
2140   0.0957165    0.276048    -3.33023  5.26562e-05
2150   0.0958655    0.276167    -3.57906  0.000101299
2160   0.0936906    0.274426    -3.57906  0.000217792
2170   0.0915097     0.27268    -3.51672  0.00018437
2180   0.0900031    0.271474    -3.51684  5.36256e-05
2190   0.0904372    0.271821    -3.14399  0.000238856
2200    0.085226    0.267649    -4.01419  0.000234229
2210   0.0857526    0.268071    -3.82844  3.51153e-05
2220   0.0845237    0.267087    -3.20579  0.000142597
2230   0.0829007    0.265788    -3.76591  8.42236e-05
2240   0.0828393    0.265738    -3.51793  1.10522e-05
2250   0.0826796    0.265611    -3.64238  7.48444e-05
2260   0.0813424     0.26454    -4.51386  0.000187939
2270   0.0789209    0.262601    -5.75843  0.000114587
2280   0.0790506    0.262705    -4.70035  4.60967e-05
2290   0.0779989    0.261863    -5.01152  0.000105312
2300   0.0769444    0.261019    -4.94899  1.6718e-05
2310   0.0776646    0.261596    -6.19448  3.66453e-05
2320   0.0762115    0.260432     -3.8285  0.000115806
2330   0.0753484    0.259741    -5.07326  8.14501e-05
2340   0.0745825    0.259128    -4.70083  4.69271e-05
2350   0.0744099     0.25899    -4.82479  9.18176e-05
2360   0.0727461    0.257658    -4.45097  8.69837e-05
2370   0.0726702    0.257597    -5.07344  5.74209e-05
2380   0.0715977    0.256739    -4.45085  0.00014232
2390   0.0698238    0.255319     -5.0117  9.26886e-05
2400   0.0697439    0.255255    -5.26084  3.80244e-05
2410   0.0690633     0.25471    -4.76305  0.000103203
2420   0.0676799    0.253602    -5.26072  7.83455e-05
2430   0.0674964    0.253455    -4.70156  0.000113796
2440    0.065404     0.25178    -4.95003  0.000179345
2450   0.0639095    0.250584    -4.32798  0.000144602
2460   0.0625119    0.249465     -3.6428  7.94467e-05
2470   0.0623206    0.249312    -5.13669  0.00011508
2480   0.0602103    0.247622    -4.63897   7.481e-05
2490   0.0608244    0.248114    -5.13761  0.000171388
2500   0.0567826    0.244878    -5.38559  0.000222223
2510   0.0563799    0.244556    -3.89145  5.04782e-05
2520    0.055773     0.24407    -5.32415  8.6177e-05
2530   0.0546564    0.243176    -3.83014  0.000137267
2540   0.0530277    0.241872    -3.51915  0.00018857
2550    0.050885    0.240157    -4.14101  0.000194143
2560   0.0491448    0.238763     -3.4562  0.000112932
2570   0.0486264    0.238348    -3.95501  8.77367e-05
2580   0.0473901    0.237359     -4.5155  0.000118666
2590   0.0462531    0.236448    -4.82631  5.22846e-05
2600   0.0463444    0.236521    -4.08043  0.000103893
2610   0.0441752    0.234785    -4.01754  0.000140043
2620   0.0435435    0.234279    -5.26272  0.000119916
2630   0.0417769    0.232865    -3.76859  -2.94494e-05
2640   0.0441325    0.234751    -4.39264  -6.02361e-05
2650   0.0429816    0.233829    -4.33029  0.000130758
2660   0.0415174    0.232657    -3.20919  0.000141449
2670   0.0401526    0.231564    -3.20968  4.3289e-05
2680   0.0406516    0.231964    -3.89394  1.75642e-05
2690   0.0398014    0.231283    -2.58757  0.000116346
2700   0.0383247    0.230101    -3.95659  4.3704e-05
2710   0.0389273    0.230583    -2.96103  -2.38329e-05
2720   0.0388013    0.230483    -2.64992  2.82787e-05
2730   0.0383617    0.230131    -4.26844  0.000122469
2740   0.0363519    0.228522    -4.14381  0.000117462
2750   0.0360125     0.22825     -4.2067  0.000175592
2760   0.0328401     0.22571    -3.33412  0.000170632
2770   0.0325998    0.225518    -2.71202  -2.32745e-05
2780   0.0333056    0.226083    -3.64627  9.25818e-05
2790   0.0307482    0.224035    -2.65004  0.000203356
2800   0.0292385    0.222827    -3.52122  8.25344e-05
2810   0.0290975    0.222714    -3.21029  0.000104009
2820   0.0271583    0.221161    -3.64566   5.652e-05
2830   0.0279671    0.221809    -3.45918  -6.50922e-05
2840   0.0284601    0.222204    -3.70898  2.49739e-05
2850   0.0274676    0.221409    -4.64207  0.000179154
2860    0.024877    0.219335    -4.20579  0.000136945
2870   0.0247287    0.219216    -4.51757  9.51495e-06
2880   0.0246867    0.219183    -4.08213  4.69325e-05
2890   0.0237901    0.218465    -4.51763  5.23545e-05
2900   0.0236397    0.218344    -4.39349  6.32589e-05
2910   0.0225249    0.217452    -4.08244  0.000111635
2920    0.021407    0.216557    -4.76755  2.06548e-05
2930   0.0221118    0.217121    -2.40188  -5.44512e-05
2940    0.022496    0.217429    -2.33996  3.15424e-05
2950    0.021481    0.216616    -2.33959   0.0001394
2960    0.019708    0.215197    -2.09095  3.17248e-05
2970   0.0208465    0.216108    -2.40224  5.90682e-05
2980   0.0185266    0.214251    -1.46836  5.89881e-05
2990   0.0196667    0.215164    -2.34038  2.14319e-05
3000    0.018098    0.213908    -1.84175  4.30285e-05
3010   0.0188061    0.214475    -2.27847  -9.26748e-05
3020   0.0199515    0.215392    -2.46501  -2.75406e-05
3030   0.0193569    0.214916      -2.216  3.77182e-05
3040   0.0191971    0.214788    -3.02526  5.0785e-06
3050   0.0192554    0.214834    -3.21223  5.10924e-06
3060   0.0190949    0.214706    -1.71834  2.7025e-05
3070   0.0187149    0.214402    -1.96723  0.000120358
3080   0.0166878    0.212779    -2.02879  8.21259e-05
3090   0.0170724    0.213087   -0.846495  2.20135e-05
3100   0.0162475    0.212426     -2.5273  9.36258e-05
3110   0.0151998    0.211588    -2.40255  1.66204e-05
3120   0.0159151     0.21216    -1.96784  -5.31212e-06
3130   0.0153061    0.211673    -2.52724  1.67182e-05
3140   0.0155807    0.211893    -1.78075  -1.08812e-05
3150   0.0155237    0.211847    -3.52371  0.000105629
3160   0.0134682    0.210201    -3.52316  0.000189182
3170   0.0117401    0.208818    -3.64773  0.000111818
3180   0.0112318    0.208411    -3.52328  -1.04279e-05
3190   0.0119486    0.208985    -2.71421  1.75511e-05
3200   0.0108808     0.20813    -3.52292  9.57626e-05
3210   0.0100334    0.207451    -2.96273  1.76572e-05
3220   0.0105276    0.207847    -3.02532  2.3416e-05
3230  0.00956506    0.207077    -2.77607  7.95442e-05
3240  0.00893674    0.206574    -3.27427  4.60531e-05
3250  0.00864399    0.206339    -4.14569  4.62196e-05
3260  0.00801235    0.205833    -2.83829  1.81187e-05
3270  0.00828162    0.206049    -3.02556  3.51877e-05
3280  0.00730859     0.20527    -2.65211  -7.23057e-05
3290  0.00972773    0.207207     -3.1508  3.54027e-05
3300  0.00660054    0.204703    -2.21655  0.000159952
3310  0.00652869    0.204646    -2.65259  -3.2595e-05
3320  0.00725244    0.205225    -2.84011  2.99854e-05
3330  0.00592898    0.204166    -3.27506  0.000121139
3340  0.00482966    0.203285    -3.33722  2.44556e-05
3350  0.00543987    0.203774    -4.45826  4.7529e-05
3360  0.00387908    0.202524    -3.95975  3.60588e-05
3370  0.00471869    0.203197    -3.96042  -3.24758e-05
3380   0.0045286    0.203044    -2.96395  0.000133922
3390  0.00204026    0.201052    -4.02167  0.000162923
3400  0.00127015    0.200436    -3.64876  6.56041e-05
3410  0.000728175    0.200002    -5.57803  2.54197e-05
3420  0.000761753    0.200029    -4.89346  1.39839e-05
3430  0.000448497    0.199778    -5.20524  -9.14732e-06
3440  0.000944699    0.200175    -4.27129  3.72603e-05
3450  -0.000296709    0.199181    -5.08013  9.53029e-05
3460  -0.000961358    0.198649    -4.52024  7.81873e-05
3470  -0.00186046    0.197929    -3.71062  0.000107523
3480  -0.00311182    0.196928    -3.89753  6.11742e-05
3490  -0.00308394     0.19695    -4.64505  -3.78438e-05
3500  -0.00235495    0.197534    -4.20943  -2.80497e-06
3510  -0.00302784    0.196995    -4.77011  -2.04956e-05
3520  -0.00194503    0.197862     -3.9614  -7.32437e-05
3530  -0.00156297    0.198168    -4.02423  3.22683e-05
3540  -0.0025904    0.197345    -5.01997  9.11298e-05
3550  -0.00338556    0.196709    -3.77442  7.9641e-05
3560  -0.00418322     0.19607    -3.83659  8.57935e-05
3570  -0.00510143    0.195335    -4.39695  3.28211e-05
3580  -0.00483964    0.195544    -3.77467  3.89392e-05
3590  -0.00588022    0.194711    -4.39738  9.82837e-05
3600  -0.00680532    0.193971    -4.83294  3.91793e-05
3610  -0.0066638    0.194084    -4.52158  4.53411e-05
3620  -0.00771214    0.193245      -4.833  5.7312e-05
3630  -0.00781004    0.193166    -4.52182  6.35334e-05
3640  -0.00898281    0.192227    -4.39744  4.57162e-05
3650  -0.00872437    0.192434    -4.52237  7.59175e-05
3660  -0.0105012    0.191012    -4.83379  0.00011798
3670   -0.011084    0.190545    -5.45589  2.83335e-05
3680  -0.0110678    0.190558    -4.64639  -1.36498e-05
3690   -0.010811    0.190764    -5.33175  2.85113e-05
3700  -0.0116381    0.190102    -5.08268  -7.70204e-06
3710  -0.0106569    0.190887    -5.58046  -7.40888e-05
3720  -0.0101563    0.191288    -5.26892  -9.25276e-05
3730  -0.00880637    0.192369    -5.14472  -8.06247e-05
3740  -0.00854378    0.192579      -3.962  -2.02239e-05
3750  -0.0084019    0.192693    -5.70484  4.05492e-05
3760  -0.00935477     0.19193    -4.33534  2.84108e-05
3770  -0.00897011    0.192238    -4.58453  1.02957e-05
3780  -0.00956068    0.191765    -3.02812  -1.98693e-06
3790  -0.00893037    0.192269    -3.65113  -8.01566e-06
3800  -0.00940037    0.191893    -4.27336  -2.03961e-05
3810  -0.00852245    0.192596    -5.26898  -6.33602e-05
3820  -0.00813316    0.192908    -5.08359  -3.89894e-05
3830  -0.00774266     0.19322    -4.58539  2.86844e-05
3840  -0.00870685    0.192448    -5.20779  4.10173e-05
3850  -0.00856301    0.192564    -5.45656  4.13675e-06
3860  -0.00878958    0.192382    -5.58155  3.50845e-05
3870  -0.0092647    0.192002    -4.77187  7.86117e-05
3880  -0.0103618    0.191123    -5.83002  4.15329e-05
3890  -0.0100954    0.191337    -5.33181  1.68829e-05
3900  -0.0106995    0.190853    -5.95416  5.42763e-05
3910  -0.0111809    0.190468    -3.71311  -7.99145e-06
3920  -0.0105396    0.190981    -4.83391  -3.29393e-05
3930  -0.0105221    0.190995    -5.45608  -8.03056e-06
3940   -0.010379     0.19111    -4.89644  4.49689e-06
3950   -0.010612    0.190923     -4.5852  1.7056e-05
3960  -0.0107202    0.190837    -3.96249  -1.43627e-05
3970  -0.0103248    0.191153    -4.14928  -8.06684e-06
3980  -0.0105588    0.190966    -4.08779  -6.50001e-05
3990  -0.00902478    0.192194    -5.14636  4.88394e-05
4000  -0.0115356    0.190184    -4.21272  0.000137405
4010  -0.0117729    0.189994    -4.21235  3.64683e-05
4020   -0.012265      0.1896    -3.46459  -1.43115e-05
4030  -0.0114867    0.190223     -5.1463  -9.70739e-05
4040  -0.0103235    0.191154    -5.83105  -3.99312e-05
4050   -0.010688    0.190862    -4.64815  0.000106821
4060  -0.0124599    0.189444    -4.46137  0.000119862
4070  -0.0130853    0.188943    -4.83458  9.47129e-05
4080  -0.0143542    0.187927    -5.14545  3.07365e-05
4090     -0.0137    0.188451    -5.51915  -0.000123445
4100  -0.0118853    0.189904    -5.45735  5.15855e-06
4110  -0.0138032    0.188368    -5.58143  5.65163e-05
4120  -0.0130156    0.188999     -5.9555  -0.000117702
4130  -0.0114491    0.190253     -7.0145  -9.21219e-05
4140  -0.0111732    0.190474    -5.89413  6.97082e-05
4150  -0.0128433    0.189137    -6.45425  0.000167311
4160  -0.0145194    0.187795    -6.57845  0.000122298
4170  -0.0152893    0.187179    -6.88981  1.18834e-05
4180   -0.014757    0.187605    -6.82759  -5.33102e-05
4190  -0.0142231    0.188032     -7.0148  1.19709e-05
4200  -0.0149965    0.187413    -7.13919  2.50083e-05
4210  -0.0147232    0.187632    -7.63776  -1.42305e-05
4220  -0.0147118    0.187641    -8.13584  5.44521e-06
4230  -0.0148321    0.187545    -8.26041  5.45545e-06
4240   -0.014821    0.187554    -7.82437  -0.000119977
4250  -0.0124326    0.189466    -7.76287  -7.38887e-05
4260  -0.0133432    0.188737    -7.69998  5.80891e-05
4270  -0.0135944    0.188536    -6.70345  -6.7765e-05
4280  -0.0119879    0.189822    -6.89115  1.19514e-05
4290  -0.0138334    0.188344    -6.51812  0.000184882
4300  -0.0156855    0.186861    -5.64584  5.36703e-06
4310  -0.0139407    0.188258    -7.45146  -6.11481e-05
4320  -0.0144626     0.18784    -8.38455  2.54895e-05
4330  -0.0144505     0.18785    -7.51337  -8.84114e-05
4340  -0.0126943    0.189256    -7.32713  -7.92821e-06
4350   -0.014292    0.187977     -6.6425  0.000126386
4360   -0.015222    0.187232    -6.14442  -1.47303e-05
4370  -0.0139974    0.188213    -6.76719  -2.13444e-05
4380  -0.0147952    0.187574    -5.02374  1.90066e-05
4390  -0.0143775    0.187909    -6.45577  -0.000116424
4400  -0.0124667    0.189438    -5.27342  -9.63266e-05
4410   -0.012451    0.189451    -6.26953  5.28588e-05
4420  -0.0135239    0.188592    -6.51812  3.93142e-05
4430  -0.0132372    0.188821    -6.20743  -4.23686e-05
4440  -0.0126765     0.18927    -5.83361  -2.88119e-05
4450   -0.012661    0.189283    -6.01997  -1.55326e-06
4460  -0.0126454    0.189295    -6.26904  -2.90222e-05
4470  -0.0120806    0.189747    -7.26558  1.90699e-05
4480  -0.0130268     0.18899    -7.57663  8.79126e-05
4490  -0.0138388     0.18834    -6.26917  -6.36311e-05
4500  -0.0117542    0.190009    -6.39428  -0.000112014
4510  -0.0115985    0.190133    -5.14946  1.21189e-05
4520  -0.0119966    0.189815    -6.33206  -4.34212e-05
4530  -0.0107301    0.190829    -6.89255  -6.42891e-05
4540  -0.0107108    0.190844    -6.51885  1.89647e-05
4550  -0.0111094    0.190525    -6.08347  -2.28753e-05
4560  -0.0102533     0.19121     -5.3368  -6.48009e-05
4570  -0.00981337    0.191563    -5.89729  0.000117048
4580  -0.0125943    0.189336    -5.58545  0.000131227
4590  -0.0124379    0.189461    -5.08779  4.76138e-05
4600  -0.0135465    0.188574    -4.83896  0.000118113
4610  -0.0148002     0.18757    -5.77242  6.91386e-05
4620  -0.0149293    0.187467    -5.39914  2.00015e-05
4630  -0.0152002     0.18725    -5.02532  5.89751e-06
4640  -0.0150473    0.187372    -5.89692  2.72531e-05
4650  -0.0157453    0.186814    -5.14995  0.000141032
4660  -0.0178679    0.185114    -4.90069  0.00015568
4670  -0.0188589    0.184321    -5.71013  0.000113553
4680  -0.0201389    0.183296    -5.70971  9.24997e-05
4690  -0.0207089     0.18284    -5.46106  6.94636e-06
4700  -0.0202779    0.183185    -6.14612  6.44845e-05
4710  -0.0219985    0.181807    -5.95945  9.32992e-05
4720  -0.0221439    0.181691    -6.58204  7.34376e-06
4730  -0.0221454     0.18169    -6.39562  6.51266e-05
4740  -0.0234464    0.180648    -6.14618  0.000159271
4750  -0.0253308     0.17914    -5.89698  0.000109103
4760  -0.0256285    0.178901    -6.70643  2.25533e-05
4770  -0.0257819    0.178778    -5.71099  5.90225e-05
4780  -0.0268089    0.177956       -5.96  0.000102892
4790  -0.0278398    0.177131    -5.02654  5.2173e-05
4800  -0.0278524    0.177121    -6.64499  -2.06817e-05
4810  -0.0274261    0.177462    -7.01851  -2.80497e-05
4820  -0.0272914     0.17757    -6.39592  -2.08456e-05
4830  -0.0270092    0.177796    -5.52523   6.739e-05
4840  -0.0286392    0.176491    -5.83622  0.000111701
4850  -0.0292432    0.176007    -6.14703  7.52967e-05
4860  -0.0301451    0.175285     -5.6498  0.000127375
4870  -0.0317907    0.173968    -5.96036  8.33059e-05
4880  -0.0318112    0.173951    -6.08505  3.92091e-05
4890  -0.0325749     0.17334    -5.83664  4.67325e-05
4900  -0.0327459    0.173203    -5.15147  4.69754e-05
4910  -0.0335144    0.172588    -6.02344  2.46799e-05
4920  -0.0332395    0.172808    -5.40103  2.4878e-05
4930   -0.034012     0.17219    -5.58836  0.000122422
4940  -0.0356879    0.170848    -5.71226  5.5152e-05
4950   -0.035115    0.171307    -5.83713  1.03936e-05
4960  -0.0358958    0.170681    -6.45972  4.04878e-05
4970  -0.0359248    0.170658    -5.71281  0.000131491
4980  -0.0385256    0.168576    -6.02362  4.08219e-05
4990  -0.0367412    0.170005    -6.33564  -4.98472e-05
