Time   C(t)   
ps   
0           1           1  8.57304e-10   0.0413585
10    0.591669    0.830783    0.994298   0.0214611
20    0.570777    0.822126    0.122825  0.00156375
30    0.560394    0.817823    0.760855  0.000729731
40    0.556183    0.816078   0.0551859  0.000417596
50    0.552042    0.814362    0.524201  0.000677043
60    0.542642    0.810466      1.3978  0.000729829
70    0.537445    0.808313     1.29692  0.000663754
80    0.529367    0.804965     0.52584  0.000293896
90    0.531567    0.805877    0.188104  0.000287041
100    0.523626    0.802586   0.0215466  0.000654945
110    0.518468    0.800449     2.20203  0.00038026
120    0.516021    0.799434     1.63151  0.000593516
130    0.506598    0.795529     2.00193  0.000734663
140    0.501327    0.793345     2.27003  0.000266704
150    0.501264    0.793319   -0.314976  0.000215271
160    0.497022    0.791561      2.2358  0.000336225
170    0.494539    0.790532     1.59735  0.00020815
180    0.492859    0.789836     2.30223  0.000333528
190    0.487869    0.787768     1.79803  0.000519638
200    0.482466    0.785529     1.76508  0.000391427
210     0.48004    0.784524    0.757677  0.000226669
220    0.477933     0.78365    0.287416  0.000409211
230    0.471856    0.781132     1.05925  0.000369334
240    0.470546    0.780589     1.69571  0.000252795
250      0.4668    0.779037     1.69669  0.000504859
260    0.460449    0.776405     1.49554  0.000477272
270    0.457255    0.775081     0.48912  0.000140795
280    0.457633    0.775238     1.96485  -6.63847e-05
290    0.458582    0.775631     1.29381  8.84265e-05
300    0.455864    0.774505    0.219417   0.0004108
310    0.450366    0.772226      1.6284  0.000260296
320    0.450659    0.772348     1.09132  0.00016706
330    0.447025    0.770842    0.386597  0.000388284
340    0.442893    0.769129     1.29315  0.000294822
350    0.441129    0.768398     2.16548  0.000369371
360    0.435505    0.766068    0.520924  0.000312471
370    0.434879    0.765808      1.4604  0.000124319
380    0.433019    0.765038    0.486728  0.000145096
390    0.431977    0.764606      1.4263  0.000322561
400    0.426568    0.762364      1.2585  0.000479674
410    0.422384     0.76063    0.654629  9.27344e-05
420    0.424713    0.761595     1.69368  9.73865e-05
430    0.420436    0.759823     1.15764  0.000382639
440     0.41706    0.758424     1.89525  0.00030899
450    0.414256    0.757262     3.74147  0.000301395
460    0.411032    0.755926      1.2581  0.000223139
470    0.409794    0.755413     2.43305  -3.38003e-05
480    0.411708    0.756206     2.53262  0.000153387
490    0.406726    0.754141     1.86194  0.000307344
500    0.405562    0.753659     1.66076  0.000333233
510    0.400061    0.751379     1.32561  0.000225259
520    0.401056    0.751792     2.12984   0.0003388
530    0.393285    0.748571      1.6943  0.00019694
540    0.397118     0.75016     3.00164  -0.000153518
550    0.396356    0.749844     1.86043  0.000516084
560    0.386796    0.745882      2.0301  0.000357389
570    0.389208    0.746882     1.86069  3.9798e-05
580       0.386    0.745552    0.417581  0.000258075
590    0.384046    0.744743     2.43167  0.000157724
600    0.382845    0.744245    0.685318  0.000276017
610    0.378526    0.742455    0.987842  4.45798e-05
620    0.381954    0.743876     1.62476  -5.52386e-06
630    0.378636    0.742501     2.09407  0.000348918
640    0.374976    0.740984     2.69951  0.000235465
650    0.373927    0.740549     2.49761  9.22099e-05
660    0.373131    0.740219     1.62489  0.000160198
670    0.370723    0.739222     3.20216  0.000164714
680    0.369837    0.738854     2.90036  0.000101458
690    0.368694    0.738381     2.56534  0.000471489
700    0.360407    0.734946     2.73305  0.000527468
710    0.358145    0.734009     2.59875  8.58888e-05
720    0.358689    0.734235     3.20223  7.33823e-05
730    0.356677    0.733401     2.93325  0.000141716
740    0.355855     0.73306     2.46328  0.000355822
750    0.349561    0.730452     3.60508  0.000279224
760    0.350271    0.730746     3.73878  0.00015177
770    0.346525    0.729194     2.86649  0.000331968
780    0.343631    0.727994     3.83996  0.00024679
790    0.341589    0.727148     4.14046  0.000135653
800    0.340918     0.72687     3.83944  0.000131771
810    0.338954    0.726056     3.77134  0.000287043
820    0.335177    0.724491     2.43013  2.45228e-05
830    0.338464    0.725853     3.16751  5.52014e-05
840    0.334073    0.724033     3.56941  0.00023202
850    0.333823     0.72393     3.77082  0.000111634
860    0.331841    0.723108     3.67059  0.000259131
870     0.32864    0.721782     3.77111  0.00041562
880    0.323528    0.719664     3.80508  0.000264497
890    0.323351     0.71959     3.63679  -5.178e-05
900    0.324564    0.720093     5.21353  -8.66652e-05
910    0.325084    0.720308     4.00518  0.000387767
920    0.316809    0.716879     3.40183  0.000514603
930    0.314792    0.716043     3.23315  -3.24398e-06
940    0.316873    0.716906     3.46774  1.43826e-05
950    0.314504    0.715924     2.59669  0.000442795
960    0.308018    0.713236     3.46875  0.000474244
970    0.305019    0.711993     4.14009  4.59045e-05
980    0.307099    0.712855     1.82482  -0.0001468
990    0.307955     0.71321     4.54203  -0.000155956
1000    0.310219    0.714148     5.21281  6.36667e-05
1010    0.306682    0.712682     3.03144  0.000261569
1020    0.304987     0.71198     3.66941  0.000227022
1030    0.302141    0.710801     2.49449  2.01151e-05
1040    0.304585    0.711813     2.62797  0.000236873
1050    0.297404    0.708837     3.43357  0.000427011
1060    0.296045    0.708274     3.83711  9.18567e-05
1070    0.295567    0.708076     2.89784  7.87973e-05
1080    0.294469    0.707621     2.93075  3.89636e-05
1090    0.294788    0.707753     4.74203  -0.000147405
1100    0.297417    0.708843     2.35915  -0.000103191
1110    0.296851    0.708608     3.26528  0.000234811
1120    0.292721    0.706896     4.40596  0.00031096
1130    0.290632    0.706031     2.89584  0.000222519
1140     0.28827    0.705052     3.53347  0.000406185
1150    0.282509    0.702664     3.86941  0.000178723
1160    0.284696    0.703571     5.14416  0.000130352
1170    0.279901    0.701584     2.96367  0.000202024
1180    0.280655    0.701896     3.66754  9.50798e-05
1190       0.278    0.700796     4.64114  0.000126521
1200    0.278125    0.700848     4.54039  0.000239433
1210    0.273211    0.698812     3.26456  0.000257757
1220     0.27297    0.698712     3.86895  -0.000138171
1230    0.275975    0.699957     2.49259  0.000155057
1240    0.269869    0.697426     4.57364  0.000100704
1250    0.273961    0.699122      4.2036  -2.55406e-06
1260     0.26992    0.697448     2.89423  0.000291349
1270    0.268134    0.696707     3.53207  0.000156172
1280    0.266796    0.696153     4.23695  -3.41371e-05
1290    0.268816     0.69699     5.31065  -6.78897e-06
1300    0.266932    0.696209     5.31013  0.000370671
1310    0.261403    0.693918     3.80111  0.000312105
1320     0.26069    0.693623      4.6059  5.76913e-05
1330    0.260249     0.69344     5.54557  0.000199355
1340    0.256703     0.69197     5.91435  -0.000175165
1350    0.263752    0.694892     4.57121  3.55542e-05
1360    0.255992    0.691676     4.20206  0.000447118
1370     0.25481    0.691186     4.16888  2.19628e-05
1380    0.255552    0.691494     4.00059  3.12611e-05
1390    0.254185    0.690927     4.60524  0.000270329
1400    0.250146    0.689253     5.34295  4.52846e-05
1410    0.253279    0.690552     4.57042  0.000133345
1420    0.247479    0.688148     4.10187  0.000423803
1430    0.244803    0.687039      5.2755  0.000184728
1440    0.243784    0.686617     5.27521  0.000319397
1450    0.238415    0.684392      4.7057  0.000213451
1460    0.239515    0.684848     5.61117  -0.000249214
1470    0.243399    0.686457     3.93328  -0.000142895
1480    0.242373    0.686032     3.63082  0.000427952
1490     0.23484     0.68291     3.83328  0.000237809
1500    0.237617    0.684061     5.54406  -9.63449e-05
1510    0.236767    0.683709     3.99964  0.000108434
1520    0.235448    0.683162     6.41602  5.96941e-06
1530    0.236648    0.683659     3.79807  0.000146326
1540    0.232522     0.68195     5.67773  0.000272666
1550    0.231195    0.681399     5.77862  0.000123565
1560    0.230051    0.680925     5.87908  -2.71872e-06
1570    0.231249    0.681422     5.07331  0.000199305
1580    0.226065    0.679274     5.17406  0.000293407
1590    0.225381     0.67899     5.37583  2.14018e-05
1600    0.225636    0.679096     6.24737  0.000120472
1610    0.222971    0.677992     5.20718  0.000111131
1620    0.223414    0.678175     5.07288  3.12828e-05
1630    0.222346    0.677732     4.36882  -1.82688e-06
1640     0.22345     0.67819     5.57642  -0.000139033
1650    0.225126    0.678885     5.70993  7.87541e-05
1660    0.221875    0.677538     4.33452  0.000349191
1670    0.218143    0.675991     5.57721  -3.969e-05
1680    0.222669    0.677866     4.33456  -6.3055e-05
1690    0.219404    0.676513     5.44219  0.000274529
1700    0.217179    0.675591     6.01222  6.06388e-05
1710    0.218191    0.676011     6.38127  -1.06581e-05
1720    0.217392    0.675679     6.21337  3.53828e-06
1730     0.21812    0.675981     5.67678  0.000185548
1740    0.213681    0.674142     5.54226  0.000353405
1750    0.211052    0.673052     4.53662  7.12968e-05
1760    0.212255    0.673551     4.50219  -0.000226144
1770    0.215575    0.674927     4.60147  3.31603e-05
1780    0.211592    0.673276     3.79712  0.000182089
1790    0.211933    0.673417     5.44121  -0.000130648
1800    0.214205    0.674359     4.70239  7.19227e-05
1810    0.210495    0.672821     5.30701  0.000260275
1820    0.208999    0.672201     3.99807  0.000120702
1830    0.208081    0.671821     3.66243  7.25552e-05
1840    0.207548      0.6716     3.49423  0.000208604
1850    0.203909    0.670092      6.1453  0.000325523
1860    0.201038    0.668902     4.43472  -8.21918e-05
1870    0.205552    0.670773     3.86302  -0.000189057
1880    0.204819    0.670469     4.13167  0.000122213
1890    0.203108     0.66976      4.7019  6.38604e-05
1900    0.203541     0.66994     4.43328  0.000215666
1910    0.198795    0.667973     4.53439  0.000157163
1920    0.200398    0.668637     5.30606  -5.76682e-05
1930    0.199948    0.668451     3.19207  0.000260908
1940     0.19518    0.666475     3.96367  0.000236766
1950    0.195213    0.666488     4.66839  -0.000141004
1960       0.198    0.667643      4.5338  0.000129613
1970    0.192621    0.665414     4.29918  0.000405515
1980     0.18989    0.664282      3.4264  0.000288229
1990    0.186856    0.663025     4.80269  0.000175257
2000    0.186385     0.66283     5.67452  -0.00015569
2010     0.18997    0.664316     4.43295  -9.14328e-05
2020    0.188213    0.663588     6.11039  9.15341e-05
2030    0.188139    0.663557     2.85502  0.000146563
2040    0.185282    0.662373     3.79479  0.000390448
2050     0.18033    0.660321     3.52708  0.000231911
2060    0.180644    0.660451      3.7619  -1.51023e-06
2070     0.18036    0.660333     4.19728  2.84284e-05
2080    0.180075    0.660215     4.49882  0.000238463
2090    0.175591    0.658357        4.03  0.000383919
2100    0.172397    0.657033     4.60062  0.000134431
2110    0.172902    0.657243     3.99577  -8.58024e-05
2120    0.174113    0.657744     4.43161  8.48167e-05
2130    0.171206     0.65654      4.5658  0.000175358
2140    0.170606    0.656291     4.83374  -0.000131302
2150    0.173832    0.657628      5.4379  9.80869e-06
2160     0.17041     0.65621     3.86053  0.000261893
2170    0.168594    0.655457     3.55732  0.000399172
2180    0.162426    0.652901     4.12862  0.00041513
2190    0.160292    0.652017     4.06135  -6.00345e-05
2200    0.163627    0.653399     4.29571  -4.46089e-05
2210    0.161184    0.652386     4.69849  0.000325905
2220    0.157109    0.650698     3.86049  0.000270624
2230    0.155771    0.650143     3.79272  0.000189949
2240     0.15331    0.649123     4.53131  -3.91722e-05
2250    0.156555    0.650468     5.06731  5.81868e-05
2260    0.152146    0.648641         4.9  0.000190791
2270    0.152739    0.648887      3.3224  0.000160881
2280    0.148928    0.647308     2.85338  0.00019179
2290    0.148903    0.647297     4.16102  -2.82981e-05
2300    0.149494    0.647542     2.08106  0.00022362
2310    0.144431    0.645444     3.62515  0.000249638
2320    0.144502    0.645473     3.22109  -2.77735e-05
2330    0.144986    0.645674     3.38922  0.000261196
2340    0.139278    0.643308     2.95312  0.000178817
2350     0.14141    0.644192     3.22102  -6.34432e-05
2360    0.140547    0.643834     3.58977  0.000138257
2370    0.138645    0.643046     3.45587  0.000226791
2380    0.136011    0.641954     3.92587  0.000367666
2390    0.131292    0.639999      4.0939  1.98625e-05
2400    0.135613     0.64179     3.89141  -1.07728e-05
2410    0.131507    0.640088     4.66387  0.000108707
2420    0.133439    0.640889     2.11329  -4.73276e-05
2430    0.132454     0.64048     3.62358  0.000318404
2440    0.127071     0.63825     3.32164  0.000250905
2450    0.127435    0.638401     3.42181  4.22001e-05
2460    0.126227      0.6379      3.0864  1.07221e-05
2470    0.127221    0.638312     2.07863  0.00031058
2480    0.120016    0.635326     3.82525  0.000389837
2490    0.119424    0.635081     3.28745  9.60927e-05
2500    0.118094    0.634529     2.58296  9.62727e-05
2510    0.117499    0.634283     2.21322  0.000160025
2520    0.114893    0.633203     2.75047  0.000102098
2530    0.115457    0.633437      2.9182  0.00020329
2540    0.110827    0.631518     3.32115  0.000261893
2550    0.110219    0.631266     3.72332  -0.000247359
2560    0.115775    0.633568     2.17867  2.49557e-06
2570    0.110169    0.631245      2.7163  0.000316196
2580    0.109451    0.630948      1.5087  0.000189302
2590    0.106383    0.629676     3.22024  0.000237722
2600    0.104696    0.628977      1.8105  0.000136783
2610    0.103647    0.628543     2.54857  0.000126513
2620    0.102166    0.627929     1.40723  0.000266323
2630   0.0983209    0.626335      2.3807  7.34612e-05
2640    0.100697     0.62732      2.0445  4.18261e-05
2650   0.0974844    0.625989     2.11076  -2.84493e-05
2660    0.101266    0.627556     2.01067  -6.58169e-05
2670   0.0988007    0.626534     2.44647  0.000398086
2680   0.0933041    0.624256     3.41974  0.000160982
2690   0.0955811      0.6252     1.74185  -0.000195523
2700   0.0972145    0.625877     2.51326  -7.13758e-05
2710   0.0970086    0.625791     1.90857  0.000221614
2720   0.0927823     0.62404     2.14424  0.000173021
2730   0.0935482    0.624357     2.04352  0.000299044
2740   0.0868014    0.621562     2.24457  0.000473884
2750   0.0840705     0.62043     1.70785  0.000169684
2760   0.0834077    0.620155     2.57981  6.09119e-05
2770   0.0828522    0.619925     2.07722  6.30692e-06
2780   0.0832816    0.620103     1.90841  -8.13503e-05
2790   0.0844792    0.620599     2.71365  0.000121688
2800   0.0808478    0.619094     2.17683  0.000655089
2810   0.0713775     0.61517     2.31214  0.000392146
2820   0.0730049    0.615844     1.40585  -0.000107764
2830   0.0735328    0.616063      2.2108  0.000283935
2840   0.0673262    0.613491     2.00995  0.000251034
2850   0.0685121    0.613982      1.4729  -0.000107671
2860   0.0694796    0.614383     1.33814  -2.58163e-06
2870   0.0685637    0.614004     1.80739  -0.000113784
2880   0.0717553    0.615326     1.74005  2.91243e-06
2890   0.0685055     0.61398       1.841  0.000180694
2900   0.0681414    0.613829     2.57893  0.000209295
2910   0.0643196    0.612245     1.90827  0.000282224
2920    0.062497     0.61149     2.61306  -3.00247e-05
2930   0.0649201    0.612494     2.34385  0.000250229
2940   0.0574924    0.609416      1.6731  0.000424091
2950   0.0564382    0.608979     2.44509  -0.000175192
2960   0.0609962    0.610868     2.27729  -0.000119019
2970   0.0588186    0.609965     2.34427  0.000330737
2980   0.0543815    0.608126     3.11598  2.69394e-05
2990   0.0582798    0.609742     1.20247  -2.32428e-05
3000   0.0548463    0.608319     1.57244  0.000162845
3010    0.055023    0.608392      2.1087  -7.4346e-05
3020   0.0563333    0.608935     1.70631  -0.000170949
3030   0.0584419    0.609809    0.832967  3.8827e-05
3040   0.0555567    0.608613    0.195428  0.00041979
3050   0.0500461     0.60633     1.97424  0.000192883
3060    0.051699    0.607015     1.33693  -0.000171201
3070   0.0534702    0.607749     2.44388  0.000153992
3080   0.0486192    0.605738     2.34378  0.000274119
3090   0.0479878    0.605477     1.97424  7.47053e-05
3100   0.0471251    0.605119   -0.173783  1.7504e-05
3110   0.0476377    0.605332     2.44365  6.13444e-06
3120   0.0470024    0.605068     1.33598  0.000155696
3130   0.0445238    0.604041     1.57054  0.000271336
3140   0.0415757     0.60282     1.57093  0.00031826
3150   0.0381586    0.601403     1.73998  0.000128354
3160   0.0390086    0.601756     2.10814  -0.000229848
3170   0.0427555    0.603308     2.14106  -8.53704e-05
3180    0.040716    0.602463     1.80549  0.000244893
3190   0.0378577    0.601279     2.37568  0.000175796
3200   0.0372001    0.601006     1.93995  0.00011825
3210   0.0354927    0.600299     2.47713  -0.000103083
3220   0.0392618    0.601861     2.00673  -3.29155e-05
3230    0.036151    0.600572     1.57057  0.000393455
3240   0.0313927      0.5986     2.40972  8.40327e-05
3250   0.0344703    0.599875     2.17408  1.44406e-05
3260   0.0311039     0.59848     2.57729  0.000190302
3270   0.0306643    0.598298     2.30886  -2.66085e-05
3280    0.031636      0.5987     1.77165  0.000120717
3290     0.02825    0.597297     2.20759  0.000203333
3300   0.0275694    0.597015     3.11345  0.000133244
3310   0.0255851    0.596193     2.30831  0.00015725
3320   0.0244244    0.595712     3.11355  0.000122198
3330   0.0231411     0.59518     3.01273  -2.09268e-06
3340   0.0244662    0.595729     1.93844  -9.11237e-05
3350   0.0249636    0.595935       2.509  -0.000180787
3360    0.028082    0.597228     3.34791  0.000134963
3370   0.0222643    0.594817     2.13975  0.000481098
3380     0.01846     0.59324     2.40877  -2.57168e-05
3390   0.0227787     0.59503     2.24031  -0.000144995
3400   0.0213599    0.594442     2.07257  -7.87471e-06
3410   0.0229362    0.595095     3.68283  0.000316793
3420   0.0150241    0.591816      3.1804  0.000226748
3430   0.0184012    0.593216     2.91204  -0.000283971
3440   0.0207035     0.59417     2.84411  -4.95351e-05
3450   0.0193919    0.593626     1.97165  0.000131418
3460   0.0180751    0.593081     1.90493  0.000149993
3470    0.016392    0.592383     2.00555  0.000192855
3480    0.014218    0.591482     3.38142  2.33867e-05
3490   0.0159243    0.592189     2.60909  -4.9269e-05
3500   0.0152034    0.591891     3.11283  1.73891e-05
3510   0.0155765    0.592045     3.44768  4.8068e-05
3520   0.0142421    0.591492     1.66975  0.000133661
3530   0.0129033    0.590937     2.40831  -6.7931e-05
3540   0.0156007    0.592055      2.0046  1.18444e-05
3550   0.0126664    0.590839     2.50808  -6.92545e-06
3560   0.0157392    0.592113     3.34706  0.000128778
3570   0.0100908    0.589772     3.34699  -3.16714e-05
3580   0.0163726    0.592375      3.9847  -0.000302209
3590    0.016135    0.592277     3.04437  0.000369752
3600  0.00897759    0.589311     3.17952  0.000302288
3610   0.0100893    0.589771     2.57519  4.97796e-05
3620    0.007982    0.588898     1.87047  -4.34151e-05
3630   0.0109576    0.590131     3.21267  -0.000130152
3640    0.010585    0.589977     3.44771  7.46191e-05
3650  0.00946518    0.589513     2.27306  0.000162082
3660  0.00734339    0.588633     3.04535  0.000137545
3670  0.00671428    0.588373     2.37395  8.80744e-05
3680  0.00558191    0.587903     2.60867  0.000176034
3690  0.00319361    0.586914      3.2466  0.000270638
3700  0.000169144     0.58566     3.38066  3.25919e-05
3710  0.00254177    0.586644     2.94473  -0.000407658
3720   0.0083223    0.589039     2.17215  -0.000150101
3730  0.00554379    0.587888     2.03788  0.000278232
3740  0.00275766    0.586733     3.34647  0.000171532
3750  0.00211315    0.586466     2.50837  -0.000239564
3760  0.00754893    0.588719     2.90972  -0.000189043
3770  0.00589402    0.588033     2.77641  0.000203858
3780  0.00347177    0.587029     3.07821  -2.47532e-05
3790  0.00638908    0.588238     4.08473  0.000154157
3800  0.000388629    0.585751     3.44719  0.000415806
3810  -0.00192704    0.584792     3.07821  2.0841e-05
3820  -2.81907e-05    0.585579     3.01073  -1.72237e-05
3830  -0.00158256    0.584934     2.70909  1.66843e-06
3840  -6.15593e-05    0.585565     3.74883  0.000111245
3850  -0.00380747    0.584012     1.87024  0.000285035
3860  -0.00576227    0.583202     3.38063  -1.70726e-05
3870  -0.00346602    0.584154     1.66887  -0.000197659
3880  -0.0018091     0.58484     2.47375  7.99408e-05
3890  -0.00506484    0.583491      2.4067  0.000358511
3900  -0.00897932    0.581869     2.23942  2.50982e-06
3910  -0.00511503     0.58347     2.07067  7.4691e-05
3920  -0.0104731     0.58125     2.64152  0.000119811
3930  -0.00751124    0.582477     2.57395  0.000133913
3940  -0.0131514     0.58014     3.01119  0.000140184
3950  -0.0103149    0.581316      1.8691  -1.57279e-05
3960  -0.0128368     0.58027      1.9367  0.000141119
3970  -0.0131373    0.580146      2.5407  -2.24447e-05
3980   -0.012388    0.580456     1.96982  0.000174955
3990  -0.0166364    0.578696     1.90356  0.000280591
4000  -0.0179998    0.578131     2.13772  3.75109e-05
4010  -0.0173866    0.578385      3.7486  0.000117121
4020  -0.0203422     0.57716     3.17844  0.000163607
4030  -0.0206588    0.577029     3.37935  -2.13731e-05
4040  -0.0199147    0.577337     3.41293  0.00011154
4050  -0.0228896    0.576105     2.74201  0.000204778
4060  -0.0240103     0.57564     2.67483  -0.000101098
4070  -0.0208676    0.576942     3.17726  -2.75866e-05
4080  -0.0234586    0.575869     3.44601  0.000105629
4090  -0.0229802    0.576067     2.67372  -9.63639e-07
4100  -0.0234393    0.575877     2.94178  0.000173452
4110  -0.0264492    0.574629     3.61332  6.62194e-05
4120  -0.0247637    0.575328     4.68682  8.03867e-05
4130   -0.028057    0.573963     3.74732  0.000154445
4140  -0.0278526    0.574048     3.68024  6.0646e-05
4150  -0.0292699     0.57346     3.10959  0.000169022
4160   -0.031233    0.572647      3.9487  -3.38935e-05
4170   -0.028592    0.573741     4.38489  -0.000183103
4180   -0.027571    0.574165     3.51158  0.000299296
4190  -0.0345779    0.571261     4.75338  0.00040197
4200  -0.0356103    0.570833     3.17677  0.000246806
4210   -0.039514    0.569215     4.01558  0.000131065
4220  -0.0382316    0.569747     3.91463  2.23368e-05
4230  -0.0399608     0.56903     2.97486  9.76751e-05
4240  -0.0401851    0.568937     3.17604  0.000393829
4250  -0.0478373    0.565766     3.31116  0.000153452
4260  -0.0432542    0.567665     3.14277  -0.000100278
4270  -0.0458318    0.566597     2.67342  0.000313536
4280  -0.0495249    0.565067     3.51181  -2.47676e-05
4290  -0.0453364    0.566802     2.77378  -6.58168e-05
4300  -0.0482086    0.565612     3.10916  0.000211308
4310  -0.0495626    0.565051     2.84093  0.000260915
4320  -0.0534269     0.56345     3.47857  0.000387119
4330   -0.057305    0.561842     2.94195  5.31668e-05
4340  -0.0544902    0.563009     3.41126  -0.000435906
4350  -0.0485868    0.565455     3.51132  -0.000163779
4360  -0.0512146    0.564366     3.47778  0.000108793
4370  -0.0507627    0.564554     3.10916  0.000116488
4380  -0.0535444    0.563401     3.34411  3.83314e-06
4390  -0.0508394    0.564522     2.40415  -8.03651e-05
4400  -0.0519371    0.564067     3.64532  0.000513143
4410  -0.0611022    0.560269     3.98112  0.000315837
4420  -0.0582538    0.561449     4.35007  -7.94733e-05
4430  -0.0595128    0.560928     5.08856  -4.45513e-05
4440  -0.0573628    0.561818     3.61185  -0.000165506
4450  -0.0562027    0.562299     3.74542  0.000133561
4460   -0.060034    0.560712     4.31647  0.000262296
4470  -0.0614486    0.560125     4.01417  8.4378e-05
4480  -0.0617216    0.560012     4.78597  1.30311e-05
4490  -0.0617092    0.560017     4.98722  -8.03722e-05
4500  -0.0601141    0.560678     3.17447  0.000293975
4510  -0.0675887    0.557581      3.2425  0.000380855
4520  -0.0677312    0.557522     4.24889  -0.000195365
4530  -0.0636814      0.5592     3.40916  -6.53781e-05
4540  -0.0664237    0.558064     4.34919  0.000332766
4550  -0.0703367    0.556442     4.34893  -2.2186e-05
4560  -0.0659799    0.558247      5.1541  -6.95437e-06
4570  -0.0701976      0.5565     3.17444  0.000247474
4580  -0.0709294    0.556196     3.10765  8.06529e-05
4590  -0.0718107    0.555831     3.91299  0.000205433
4600  -0.0750381    0.554494     3.94634  9.59348e-05
4610  -0.0737294    0.555036     3.17431  4.5285e-05
4620  -0.0759438    0.554118     3.57745  -3.58712e-05
4630  -0.0730119    0.555333     3.37585  -2.07834e-05
4640  -0.0755281    0.554291      3.7785  5.25266e-05
4650  -0.0740625    0.554898     3.44234  8.64416e-06
4660   -0.075701    0.554219     3.67736  7.5173e-05
4670  -0.0755659    0.554275     3.94532  -1.35344e-05
4680  -0.0754303    0.554331     4.51607  0.000291695
4690  -0.0813998    0.551857     3.87916  0.00039664
4700  -0.0833631    0.551044     4.91886  0.000338727
4710  -0.0881744     0.54905      5.0203  -8.70675e-05
4720  -0.0816218    0.551765     4.68424  -0.000281404
4730  -0.0825463    0.551382     4.44893  0.000107685
4740  -0.0837755    0.550873     4.64998  0.000266222
4750  -0.0878708    0.549176     3.20785  0.000183945
4760  -0.0874544    0.549348     4.61666  0.000154855
4770  -0.0909678    0.547892     4.01342  -0.00011003
4780  -0.0852538     0.55026     4.81817  -0.000306876
4790  -0.0848303    0.550436     5.52266  0.000269308
4800  -0.0906399    0.548028     5.05345  0.000201175
4810  -0.0888538    0.548768     4.54981  -3.39296e-05
4820  -0.0899613    0.548309     4.07985  4.21207e-05
4830  -0.0896963    0.548419     4.07922  -1.8885e-05
4840  -0.0895836    0.548466     4.41489  0.000111555
4850  -0.0919273    0.547495      4.9186  8.86787e-05
4860  -0.0913572    0.547731     5.22047  -0.000172747
4870  -0.0884724    0.548926     4.48201  9.70781e-05
4880  -0.0932988    0.546926     4.48184  0.00025148
4890   -0.093502    0.546842     3.91175  0.000291666
4900  -0.0991321    0.544509     4.01276  0.000245648
4910   -0.098415    0.544806     2.53546  -0.000266424
4920  -0.0938036    0.546717     4.14591  -0.000150116
4930  -0.0954126     0.54605     4.74981  7.52736e-05
4940  -0.0953091    0.546093     4.04549  -4.95136e-05
4950  -0.0944224    0.546461     5.42174  0.000130785
4960  -0.0979248    0.545009      5.2203  0.00021732
4970  -0.0987688    0.544659     4.78368  -2.07126e-06
4980  -0.0978834    0.545026     5.01863  -0.000191294
4990  -0.0949429    0.546245     3.54188  -0.000380517
