Time   Number   
ps   
0          46          60
10          47          71
20          45          62
30          42          67
40          36          71
50          44          54
60          43          58
70          38          57
80          52          52
90          47          59
100          49          61
110          52          61
120          49          62
130          55          56
140          50          55
150          51          61
160          49          57
170          51          62
180          48          65
190          51          64
200          46          64
210          47          70
220          52          73
230          51          63
240          49          56
250          45          57
260          48          67
270          45          69
280          48          46
290          42          58
300          44          60
310          44          56
320          46          52
330          41          45
340          44          54
350          44          56
360          49          47
370          44          53
380          43          49
390          45          58
400          43          56
410          38          55
420          40          50
430          39          57
440          45          69
450          38          61
460          41          72
470          43          58
480          42          66
490          44          61
500          44          71
510          47          59
520          50          79
530          43          67
540          47          67
550          48          70
560          49          72
570          45          61
580          43          61
590          43          80
600          50          64
610          45          73
620          50          64
630          49          63
640          40          73
650          41          61
660          42          76
670          41          63
680          33          72
690          42          60
700          44          73
710          38          65
720          44          46
730          39          59
740          44          65
750          41          51
760          45          54
770          41          60
780          39          65
790          39          55
800          38          64
810          40          66
820          42          47
830          45          61
840          49          64
850          45          73
860          41          60
870          45          64
880          44          67
890          38          58
900          43          68
910          47          59
920          43          65
930          42          59
940          43          68
950          42          57
960          47          57
970          45          58
980          43          54
990          47          67
1000          47          52
1010          46          54
1020          41          50
1030          43          61
1040          45          62
1050          42          57
1060          41          61
1070          40          62
1080          42          55
1090          43          65
1100          43          61
1110          48          52
1120          51          73
1130          42          54
1140          48          66
1150          44          61
1160          44          61
1170          43          71
1180          43          55
1190          47          61
1200          51          56
1210          48          68
1220          45          66
1230          45          75
1240          54          72
1250          44          62
1260          43          63
1270          46          63
1280          48          68
1290          45          65
1300          48          69
1310          58          54
1320          53          60
1330          55          58
1340          47          72
1350          50          57
1360          46          59
1370          42          67
1380          45          60
1390          42          57
1400          50          60
1410          46          58
1420          47          62
1430          48          54
1440          40          63
1450          43          64
1460          52          62
1470          50          57
1480          48          63
1490          48          73
1500          43          54
1510          48          66
1520          49          62
1530          46          68
1540          41          64
1550          55          70
1560          52          64
1570          48          56
1580          49          59
1590          46          65
1600          45          46
1610          47          52
1620          43          56
1630          51          54
1640          44          55
1650          44          64
1660          42          51
1670          44          47
1680          52          60
1690          45          57
1700          47          52
1710          48          63
1720          44          58
1730          47          60
1740          48          62
1750          49          52
1760          44          75
1770          46          60
1780          46          51
1790          42          64
1800          48          58
1810          48          68
1820          49          70
1830          53          63
1840          48          62
1850          54          78
1860          47          71
1870          53          70
1880          50          70
1890          52          71
1900          51          70
1910          50          59
1920          49          60
1930          49          53
1940          48          46
1950          47          64
1960          41          54
1970          41          66
1980          48          71
1990          47          62
2000          47          66
2010          45          68
2020          44          52
2030          46          66
2040          49          59
2050          44          65
2060          48          65
2070          48          64
2080          50          54
2090          48          56
2100          47          68
2110          46          61
2120          45          68
2130          46          62
2140          41          63
2150          40          62
2160          37          41
2170          36          46
2180          37          34
2190          28          53
2200          41          43
2210          40          54
2220          39          53
2230          39          54
2240          40          42
2250          42          56
2260          36          39
2270          38          53
2280          39          58
2290          38          64
2300          40          53
2310          38          59
2320          34          67
2330          38          65
2340          38          44
2350          35          64
2360          36          46
2370          37          42
2380          34          44
2390          39          45
2400          39          55
2410          36          63
2420          43          67
2430          42          58
2440          36          50
2450          32          58
2460          41          64
2470          43          58
2480          36          48
2490          35          72
2500          37          58
2510          32          67
2520          39          62
2530          40          55
2540          31          43
2550          35          50
2560          36          63
2570          38          54
2580          41          55
2590          43          57
2600          43          62
2610          41          51
2620          39          54
2630          36          62
2640          36          55
2650          42          56
2660          39          53
2670          40          57
2680          37          53
2690          41          59
2700          35          52
2710          43          51
2720          40          60
2730          43          61
2740          39          53
2750          39          55
2760          43          49
2770          41          55
2780          43          63
2790          43          48
2800          46          52
2810          41          48
2820          44          53
2830          37          51
2840          42          60
2850          41          43
2860          45          55
2870          41          59
2880          46          49
2890          45          52
2900          44          51
2910          41          53
2920          44          63
2930          41          46
2940          40          47
2950          40          56
2960          42          61
2970          44          53
2980          42          51
2990          42          47
3000          37          58
3010          42          57
3020          42          59
3030          40          62
3040          41          60
3050          46          55
3060          43          60
3070          41          55
3080          48          59
3090          42          55
3100          44          56
3110          47          53
3120          47          63
3130          48          68
3140          47          63
3150          42          56
3160          41          52
3170          45          56
3180          43          57
3190          45          58
3200          45          62
3210          42          46
3220          42          53
3230          45          53
3240          45          51
3250          50          57
3260          53          57
3270          49          54
3280          48          61
3290          49          54
3300          49          58
3310          51          65
3320          46          59
3330          53          56
3340          54          57
3350          46          54
3360          47          59
3370          50          59
3380          46          58
3390          48          62
3400          46          54
3410          45          59
3420          46          64
3430          44          62
3440          49          72
3450          44          66
3460          45          59
3470          45          66
3480          50          61
3490          50          60
3500          53          66
3510          53          76
3520          51          79
3530          56          70
3540          49          87
3550          52          74
3560          52          69
3570          49          72
3580          51          63
3590          53          62
3600          48          78
3610          44          61
3620          42          64
3630          51          60
3640          47          64
3650          49          59
3660          51          60
3670          49          71
3680          48          73
3690          41          70
3700          48          74
3710          44          60
3720          47          63
3730          49          67
3740          51          60
3750          51          70
3760          52          75
3770          54          70
3780          49          75
3790          45          73
3800          43          71
3810          45          74
3820          49          72
3830          45          80
3840          48          73
3850          47          65
3860          40          66
3870          44          60
3880          45          61
3890          42          84
3900          44          77
3910          54          72
3920          45          61
3930          44          63
3940          50          83
3950          45          73
3960          50          71
3970          50          68
3980          53          62
3990          50          73
4000          55          72
4010          55          75
4020          54          65
4030          55          67
4040          55          70
4050          53          63
4060          59          84
4070          56          70
4080          54          74
4090          52          73
4100          53          72
4110          48          66
4120          54          66
4130          55          76
4140          57          63
4150          55          73
4160          49          60
4170          52          70
4180          55          62
4190          51          66
4200          55          55
4210          54          61
4220          55          67
4230          51          69
4240          53          73
4250          55          75
4260          49          61
4270          53          52
4280          52          54
4290          50          60
4300          55          65
4310          58          63
4320          59          66
4330          55          62
4340          54          60
4350          57          65
4360          50          51
4370          54          72
4380          54          62
4390          51          63
4400          52          58
4410          48          65
4420          53          71
4430          56          69
4440          52          79
4450          54          69
4460          56          74
4470          59          66
4480          48          73
4490          56          73
4500          53          60
4510          55          70
4520          51          69
4530          58          76
4540          55          63
4550          58          60
4560          51          79
4570          61          70
4580          59          66
4590          51          60
4600          54          73
4610          52          72
4620          48          62
4630          52          69
4640          53          71
4650          48          64
4660          53          64
4670          52          64
4680          48          58
4690          47          68
4700          50          65
4710          53          69
4720          54          73
4730          52          52
4740          50          66
4750          53          52
4760          51          65
4770          50          60
4780          47          69
4790          50          71
4800          55          71
4810          51          62
4820          56          71
4830          53          73
4840          54          68
4850          55          84
4860          52          75
4870          48          70
4880          48          62
4890          52          75
4900          49          68
4910          50          71
4920          50          71
4930          55          68
4940          52          66
4950          53          80
4960          59          79
4970          51          67
4980          54          73
4990          52          68
5000          49          65
5010          47          66
5020          52          68
5030          53          63
5040          48          73
5050          55          68
5060          51          59
5070          52          68
5080          52          69
5090          48          70
5100          51          67
5110          46          67
5120          46          67
5130          46          63
5140          52          72
5150          51          65
5160          47          56
5170          47          70
5180          47          53
5190          46          64
5200          51          59
5210          50          56
5220          49          57
5230          47          73
5240          53          79
5250          51          65
5260          49          57
5270          48          65
5280          50          81
5290          54          84
5300          67          66
5310          57          82
5320          63          91
5330          54          55
5340          58          66
5350          54          65
5360          56          72
5370          56          72
5380          54          77
5390          60          65
5400          61          64
5410          56          61
5420          60          62
5430          60          59
5440          51          69
5450          54          55
5460          55          65
5470          52          61
5480          54          65
5490          53          72
5500          53          68
5510          51          62
5520          52          61
5530          54          54
5540          54          61
5550          54          53
5560          53          61
5570          58          60
5580          52          65
5590          57          76
5600          53          71
5610          51          67
5620          57          71
5630          57          66
5640          51          71
5650          54          70
5660          52          66
5670          55          64
5680          51          84
5690          54          62
5700          54          68
5710          51          72
5720          54          65
5730          51          69
5740          56          76
5750          54          70
5760          48          63
5770          51          60
5780          50          64
5790          48          70
5800          49          66
5810          49          70
5820          52          69
5830          47          61
5840          44          58
5850          50          69
5860          41          66
5870          48          60
5880          46          68
5890          46          67
5900          53          78
5910          52          67
5920          39          56
5930          50          56
5940          42          62
5950          43          61
5960          47          57
5970          45          59
5980          48          59
5990          51          64
6000          46          69
6010          45          74
6020          48          72
6030          55          73
6040          47          58
6050          52          62
6060          55          59
6070          54          58
6080          53          65
6090          57          59
6100          54          62
6110          55          51
6120          57          67
6130          52          64
6140          50          59
6150          54          63
6160          53          59
6170          62          70
6180          56          76
6190          53          80
6200          57          75
6210          56          69
6220          60          69
6230          54          74
6240          54          61
6250          51          74
6260          53          68
6270          53          52
6280          61          71
6290          54          56
6300          55          62
6310          48          69
6320          58          72
6330          54          68
6340          56          70
6350          56          66
6360          58          67
6370          58          77
6380          50          67
6390          50          84
6400          54          63
6410          54          63
6420          55          79
6430          58          69
6440          55          78
6450          58          68
6460          51          64
6470          53          64
6480          62          70
6490          62          64
6500          56          70
6510          62          73
6520          59          75
6530          59          73
6540          61          70
6550          61          65
6560          57          84
6570          55          70
6580          49          65
6590          55          70
6600          53          74
6610          56          88
6620          59          74
6630          52          63
6640          51          77
6650          54          68
6660          55          70
6670          59          71
6680          56          64
6690          51          67
6700          56          73
6710          51          73
6720          49          71
6730          55          70
6740          57          71
6750          54          72
6760          53          63
6770          54          67
6780          51          78
6790          55          63
6800          56          73
6810          59          62
6820          61          67
6830          58          71
6840          50          70
6850          53          67
6860          50          63
6870          60          74
6880          56          62
6890          64          70
6900          55          71
6910          53          83
6920          53          72
6930          58          77
6940          52          86
6950          50          71
6960          53          73
6970          55          67
6980          59          71
6990          54          70
7000          56          86
7010          51          66
7020          55          71
7030          58          70
7040          55          61
7050          49          63
7060          54          70
7070          53          77
7080          51          63
7090          52          78
7100          55          75
7110          49          61
7120          48          61
7130          49          71
7140          54          74
7150          62          67
7160          58          68
7170          55          70
7180          54          55
7190          53          73
7200          51          72
7210          51          80
7220          55          61
7230          51          62
7240          54          59
7250          53          66
7260          47          59
7270          47          73
7280          49          72
7290          52          60
7300          55          56
7310          55          57
7320          53          72
7330          53          64
7340          56          65
7350          56          69
7360          58          62
7370          54          65
7380          48          80
7390          52          69
7400          52          75
7410          52          65
7420          52          65
7430          59          68
7440          58          76
7450          48          94
7460          54          65
7470          57          74
7480          57          69
7490          53          70
7500          56          65
7510          57          74
7520          59          64
7530          61          64
7540          58          71
7550          58          77
7560          60          65
7570          52          66
7580          56          73
7590          51          78
7600          58          73
7610          56          65
7620          53          63
7630          57          70
7640          58          63
7650          50          65
7660          51          67
7670          48          76
7680          54          81
7690          56          72
7700          50          58
7710          55          75
7720          52          75
7730          57          72
7740          56          58
7750          54          79
7760          56          75
7770          60          71
7780          54          72
7790          57          72
7800          61          73
7810          55          62
7820          56          69
7830          52          78
7840          56          66
7850          56          70
7860          57          59
7870          61          81
7880          56          85
7890          52          76
7900          52          70
7910          50          81
7920          56          69
7930          55          78
7940          51          60
7950          56          79
7960          51          70
7970          52          74
7980          55          62
7990          54          66
8000          55          75
8010          53          74
8020          50          73
8030          50          82
8040          50          75
8050          52          81
8060          50          74
8070          50          80
8080          52          79
8090          53          77
8100          49          74
8110          49          62
8120          56          81
8130          56          54
8140          53          72
8150          53          64
8160          49          79
8170          55          76
8180          55          81
8190          55          70
8200          57          59
8210          56          70
8220          55          83
8230          50          86
8240          54          81
8250          56          87
8260          54          81
8270          55          70
8280          58          81
8290          54          86
8300          51          64
8310          54          73
8320          54          65
8330          54          85
8340          55          64
8350          54          69
8360          50          61
8370          51          68
8380          52          64
8390          48          63
8400          54          62
8410          51          66
8420          49          50
8430          45          62
8440          45          63
8450          44          61
8460          47          66
8470          49          63
8480          50          77
8490          51          60
8500          45          82
8510          42          58
8520          48          64
8530          50          64
8540          48          75
8550          46          70
8560          46          70
8570          51          68
8580          54          72
8590          50          64
8600          53          74
8610          51          73
8620          48          76
8630          52          69
8640          50          88
8650          49          76
8660          49          76
8670          55          74
8680          48          74
8690          48          60
8700          52          75
8710          47          87
8720          46          62
8730          50          72
8740          48          84
8750          48          66
8760          55          73
8770          50          76
8780          55          79
8790          53          65
8800          52          80
8810          52          71
8820          50          71
8830          51          66
8840          44          64
8850          41          66
8860          39          71
8870          46          53
8880          49          72
8890          46          59
8900          49          69
8910          49          73
8920          47          70
8930          50          77
8940          55          74
8950          46          71
8960          54          81
8970          49          72
8980          49          85
8990          49          73
9000          52          74
9010          45          78
9020          54          78
9030          52          81
9040          47          86
9050          54          84
9060          50          74
9070          56          74
9080          53          83
9090          49          66
9100          48          66
9110          50          71
9120          49          66
9130          53          79
9140          51          67
9150          55          62
9160          53          72
9170          50          62
9180          51          71
9190          56          78
9200          50          63
9210          52          70
9220          48          61
9230          50          62
9240          49          65
9250          50          63
9260          46          66
9270          52          70
9280          50          56
9290          49          60
9300          48          62
9310          49          60
9320          49          66
9330          51          55
9340          44          61
9350          51          54
9360          43          70
9370          54          58
9380          49          59
9390          49          67
9400          47          60
9410          44          52
9420          46          55
9430          45          58
9440          43          52
9450          46          70
9460          45          74
9470          48          69
9480          53          59
9490          52          64
9500          41          83
9510          51          78
9520          44          65
9530          47          68
9540          50          63
9550          47          62
9560          41          60
9570          40          64
9580          48          62
9590          43          56
9600          41          73
9610          43          73
9620          45          71
9630          46          74
9640          41          72
9650          38          68
9660          44          72
9670          46          58
9680          46          63
9690          40          80
9700          37          58
9710          41          73
9720          43          62
9730          43          65
9740          40          65
9750          35          76
9760          45          72
9770          38          70
9780          42          71
9790          48          69
9800          49          75
9810          44          59
9820          42          67
9830          45          71
9840          47          73
9850          43          69
9860          48          79
9870          42          59
9880          42          64
9890          41          68
9900          42          67
9910          41          65
9920          41          76
9930          42          68
9940          40          71
9950          50          74
9960          51          81
9970          49          61
9980          49          68
9990          39          71
10000          47          65
