Time   Number   
ps   
0           9          17
10          14          11
20          13          11
30          13           7
40          11           5
50          10           7
60          11          13
70          10          12
80          16          14
90          11          15
100          10           9
110          12           7
120          12           5
130           7          14
140          15          10
150          12          14
160          11          12
170           7          19
180          12           8
190           7           9
200          13          16
210           8           8
220           7           7
230           9          16
240          11           2
250          10           5
260           9           7
270          11           9
280           8          12
290          10          14
300           8          11
310          13           8
320          15           9
330          12          12
340          13          16
350          11          14
360           9          13
370          11          12
380          11          12
390          11          12
400          12          11
410          12           9
420          13          14
430          12          11
440          14          12
450          12          11
460          13          14
470          13          12
480          14          12
490          10          12
500          11           8
510           7           7
520           9          12
530          10          10
540          12          10
550          13           8
560           9          11
570          12          11
580          10          11
590          10          10
600          14           9
610           9           9
620          11          11
630          10           7
640          14           7
650          11          13
660           7          14
670          10           9
680          13          12
690          12          13
700           8          11
710           8          14
720          11          13
730          10          14
740          10          10
750          10          16
760           9           9
770           6          16
780          14           9
790          12           9
800          12          13
810          12          12
820          14           8
830          13          15
840          16          12
850          14          12
860          14          13
870          12           6
880          12           8
890           8           7
900           9          16
910          11          10
920           9          15
930          13          11
940          14           9
950          15          13
960          16           7
970          17           7
980          15          12
990          10          13
1000          11           6
1010          13          16
1020          15          21
1030          17           7
1040          10          13
1050          10          14
1060          10           7
1070          12          13
1080          15          13
1090          12           7
1100          14          11
1110          11          12
1120          11           7
1130          15          12
1140          15           7
1150          11           8
1160          14          10
1170          12          11
1180           8           6
1190          13          11
1200          10          11
1210           9          11
1220           6          13
1230          11          11
1240          12          11
1250           6          18
1260           8           6
1270           8          15
1280          12          12
1290          11          10
1300          12          16
1310          16          11
1320           9          13
1330          14           6
1340           9          19
1350           9           6
1360          13           9
1370          14          15
1380          14          11
1390          12          11
1400          15          19
1410          16          13
1420          15          12
1430          12          12
1440          12          14
1450          16           8
1460           9           9
1470           7          16
1480           8          12
1490           9          10
1500           8          11
1510          10           9
1520           7          16
1530          10          11
1540          10          11
1550           7          14
1560           8          15
1570          11          16
1580           9          12
1590          11           9
1600          10          19
1610           9          24
1620          10          12
1630           5          14
1640           8          12
1650           7          13
1660           7          10
1670           7          12
1680           9          11
1690          11          10
1700           8           9
1710          13           7
1720          10          14
1730           6          13
1740          12          14
1750           7          11
1760           9           9
1770           9           7
1780           5           8
1790           6          12
1800           8          16
1810          12           7
1820          11           8
1830          13           5
1840           9           5
1850           9          11
1860          11          10
1870           9          11
1880          10           9
1890           7           7
1900          10          10
1910           6          15
1920          11          17
1930          11          11
1940          11           9
1950          15          10
1960          13          17
1970          10           8
1980          15          13
1990          10          16
2000          10          16
2010          10          11
2020          14          10
2030          11           7
2040          13           5
2050          11          11
2060           9          13
2070           6          13
2080           9          12
2090          13          12
2100          11          11
2110          11          16
2120          16          15
2130          11          14
2140          15           6
2150          15           6
2160          16          12
2170          17          10
2180          17          13
2190          12           4
2200          10           8
2210          14          11
2220          15           8
2230          12           4
2240          11           7
2250          11           7
2260          12           5
2270           9          10
2280          12           5
2290          14           8
2300          10          11
2310          10          16
2320           9          11
2330          14           7
2340          14          13
2350          11          12
2360          13          13
2370          13          12
2380          14          10
2390          13           7
2400          10          15
2410          16           4
2420          10           8
2430          13           9
2440          15           9
2450          16          12
2460          12          17
2470          11           5
2480          12          14
2490          14           5
2500          11          14
2510          17           7
2520          11           8
2530          12          13
2540           8           6
2550          12          10
2560           9          10
2570          11          10
2580          14           8
2590           9           8
2600          10           6
2610           7           6
2620           9          15
2630          13           7
2640          13          13
2650          11           8
2660           8           9
2670          11          10
2680           5          13
2690          10           4
2700           8           9
2710           6          11
2720          13          11
2730           8           8
2740           9           9
2750          13          10
2760           4          10
2770          10          12
2780          14          10
2790          12          10
2800          11          11
2810          13           6
2820           9           9
2830          11           8
2840           9           4
2850           7          16
2860          11          12
2870          12          11
2880          14          10
2890           8           7
2900           8           9
2910          13          14
2920          13          17
2930          15          18
2940          11          17
2950           9          12
2960           7          13
2970          11           6
2980           9           9
2990          10          10
3000          11           7
3010           6          13
3020           9           3
3030          11           8
3040          12          20
3050          13          13
3060          17           8
3070          10           9
3080          15          11
3090          11          12
3100          12          14
3110          13          16
3120          15           8
3130          13          15
3140          11          12
3150           9           9
3160           8           9
3170           8           9
3180          12          15
3190          12          11
3200           6          13
3210           8          16
3220          12          18
3230           9          14
3240          11           9
3250           9          12
3260          10          15
3270          10           8
3280           7          12
3290          11           9
3300           8           8
3310           8          12
3320          12          12
3330           8           8
3340           8          11
3350          10          11
3360           7          13
3370          12           9
3380          12          10
3390          12          15
3400          12          15
3410          14           8
3420          10           4
3430          13          12
3440          12          17
3450          12          20
3460          14          19
3470          10          11
3480          15          18
3490           9          12
3500          13          10
3510          15           7
3520          11           9
3530          11          19
3540          18          12
3550          14           8
3560          14           7
3570          11          12
3580           8           8
3590          12          10
3600          12           8
3610          17          10
3620          15          14
3630           9          11
3640          10          14
3650          14          14
3660          15          11
3670          17          17
3680          10          11
3690          14          15
3700          20           7
3710          17          12
3720          14          17
3730          21           8
3740          13          14
3750          13           8
3760          10          12
3770          12          11
3780          11          17
3790          14           5
3800          10          11
3810          14           7
3820          13          12
3830          12           9
3840          10           7
3850          14           7
3860          13          14
3870          14           8
3880          10           8
3890          16          10
3900          11          13
3910           9          11
3920          12          10
3930          12          12
3940          15           9
3950           8          22
3960           9          12
3970          14          13
3980          12          11
3990           6          10
4000          12          18
4010          12          11
4020          18           9
4030          14          12
4040          13          12
4050           8          12
4060           8           8
4070          12          12
4080          10          10
4090          12          12
4100          15           6
4110          14          10
4120          15           9
4130          13           6
4140           8          14
4150          11           9
4160          11           7
4170          12          12
4180          10          10
4190          11           9
4200          12          11
4210          14           6
4220          16           8
4230          13          13
4240          11           8
4250          15           7
4260          11          11
4270           8           7
4280          13          10
4290          11          12
4300          12          11
4310           7           9
4320          10           9
4330          10           9
4340           9           6
4350          10          11
4360          16           9
4370           9          12
4380          10          13
4390           8           9
4400          12          10
4410          14          14
4420          12          11
4430          13          10
4440           9          19
4450          12          12
4460          11          12
4470          10          12
4480          14          11
4490          11           8
4500           8          10
4510          11          14
4520          11          13
4530           9          11
4540          11          16
4550          12          10
4560          11          11
4570           9           9
4580          10           8
4590          11          12
4600          11           4
4610          11          14
4620          10           9
4630          10          15
4640          15          12
4650          12          13
4660          14          12
4670          15           8
4680           9          10
4690          13          12
4700          13          11
4710          12          11
4720           9          13
4730          15          16
4740          16          14
4750          17          12
4760          13           8
4770          12          11
4780          11          18
4790          13          16
4800          11          16
4810          16          14
4820          17          14
4830          17          19
4840          16          11
4850          14           5
4860          15           9
4870          15           9
4880          15          10
4890          13          15
4900          13          11
4910          18           6
4920          13          14
4930          17          10
4940          15          13
4950          11          10
4960          17          10
4970          13           8
4980          14          13
4990          16          16
5000          13          17
5010          16          14
5020          16          14
5030          18           9
5040          12          12
5050          16          12
5060          17          17
5070          14          10
5080          18          10
5090          15          14
5100          12          11
5110          16           9
5120          14          14
5130          15          13
5140          14          16
5150          13           7
5160          17           8
5170          15           7
5180          14          14
5190          14           7
5200          12           6
5210          10           8
5220          14          10
5230          11          15
5240          13           8
5250          15          14
5260          12          18
5270          11          10
5280           8          13
5290           8          10
5300          11          13
5310          14          14
5320          13          15
5330          12          12
5340           9          18
5350          10          17
5360          10          12
5370          11          11
5380          11          19
5390           9          17
5400          10           8
5410          12          13
5420          11          12
5430          15           8
5440          11          10
5450           7          12
5460           8          13
5470          13          10
5480          12           4
5490          13          14
5500          10          10
5510           9           4
5520          14          14
5530          14          10
5540          14           8
5550          14           9
5560          12           9
5570          13          12
5580          10           6
5590           9          12
5600          14           7
5610          11           8
5620          12          10
5630          14          11
5640          16          12
5650          15          10
5660          14           8
5670          13          14
5680          10          12
5690          11          11
5700          11          18
5710           8          18
5720          12           9
5730          12          10
5740          12          11
5750           9           7
5760          11          15
5770          16           9
5780          10          20
5790          12          14
5800          14           8
5810           9          17
5820           9          17
5830          15          13
5840           9           8
5850           7          10
5860           9          11
5870           4          14
5880          10          12
5890          12          14
5900           4          10
5910          10          11
5920          11          10
5930          10           6
5940          11          10
5950           9           8
5960          12          10
5970          12           7
5980          11          14
5990          10          10
6000          13           8
6010           9          14
6020          12          16
6030          15          12
6040          13          12
6050          12          11
6060           9          10
6070          12           5
6080          12          11
6090          11          16
6100          14          13
6110          15          15
6120          17           5
6130          11          17
6140          14          10
6150          13           9
6160          14          11
6170          12          13
6180          12          15
6190          13          17
6200          10          12
6210          11          10
6220          13          13
6230           9          13
6240          12           8
6250           9          12
6260          13          14
6270          13          13
6280          17           5
6290          10          15
6300           7          14
6310          11          14
6320          10          10
6330          10           9
6340          10           9
6350          13           7
6360          13           7
6370           9           5
6380          14           5
6390          12          11
6400          11           8
6410          12           8
6420          11          11
6430          13          12
6440           8          12
6450           9          13
6460          13          12
6470          13           6
6480          12          11
6490          11          17
6500          17          13
6510          11          12
6520          10          16
6530          18          19
6540           9          18
6550          14           8
6560          11          12
6570          18           7
6580          11          10
6590          13          12
6600          19          12
6610          17          14
6620          16           9
6630          13           9
6640          20           8
6650          12          12
6660          15          11
6670          14          12
6680          14          10
6690          19          19
6700          19           7
6710          16          15
6720          10           9
6730          10          14
6740          12          11
6750          16          10
6760          15          17
6770          15          10
6780          15          13
6790          11          12
6800          11          12
6810          17          18
6820          15          19
6830          15          16
6840          14          22
6850          14          17
6860          16          20
6870          16           8
6880          11          11
6890          14          19
6900          15           8
6910          14          10
6920          14          11
6930          11           6
6940          10          13
6950          11           9
6960           6          14
6970           7          15
6980          12          14
6990          13          11
7000          12          15
7010          10           8
7020          14          17
7030          14          16
7040          14          12
7050          10          11
7060          11          13
7070          12          11
7080          11          15
7090          11          20
7100           9          12
7110          12          17
7120          15          11
7130          17           9
7140          15          10
7150          13           6
7160          11          13
7170          10          10
7180           7          10
7190          14          15
7200           8          11
7210          11          11
7220          10           6
7230           7           5
7240          12          11
7250          14           9
7260           8          10
7270          15          11
7280          10          10
7290          17           7
7300          11          13
7310          11          14
7320          13          20
7330          11          12
7340          11          10
7350          10          11
7360           9          14
7370          12           8
7380          10          12
7390           9           9
7400          11          13
7410          12          10
7420          13          11
7430          18          11
7440          16          15
7450          14           4
7460           8           5
7470          10           7
7480          13          13
7490          16          15
7500          13           7
7510           9           2
7520          13           6
7530           9           7
7540          11           8
7550          13          11
7560          14           7
7570          13           8
7580          10          15
7590          15           6
7600          10           7
7610          12           8
7620          11          10
7630          11          18
7640          13          11
7650          14          12
7660          10          11
7670          11          11
7680          11           5
7690          14          12
7700          13           9
7710          10           6
7720          10           7
7730          17           9
7740          13          10
7750          15           9
7760          15          11
7770          16          11
7780          10          12
7790          11          14
7800          13           6
7810          13           8
7820          19           7
7830          12          10
7840           8          12
7850          13          12
7860          14           9
7870          15           8
7880          12           5
7890          11           4
7900          12          15
7910          12          11
7920          14           7
7930          16          16
7940          10          11
7950          11          10
7960          12          11
7970          13           9
7980          11          11
7990           9           8
8000          14          10
8010          15           6
8020          10           5
8030          12           6
8040          13          15
8050          14           7
8060          14           8
8070           6          10
8080          11          13
8090          12          13
8100           8          12
8110          13           8
8120           9           4
8130           8           9
8140           5          14
8150           8           2
8160           5          12
8170           7           9
8180          11           7
8190          13          10
8200          13          13
8210          14          17
8220          10          15
8230          10          11
8240          12          15
8250          13          10
8260           9          12
8270           8          10
8280          10           7
8290           8          11
8300           9           9
8310          11           5
8320          10          11
8330          13           7
8340          11           3
8350          10           8
8360          13           8
8370          14          14
8380          13          13
8390           9          12
8400          12           9
8410          10          15
8420          13          12
8430           9          10
8440          14          16
8450           9          14
8460           9          13
8470          14          10
8480          11           6
8490          12          11
8500          12           8
8510          13          18
8520          16          13
8530           9          11
8540          10          15
8550          11          10
8560          16          14
8570          12          14
8580          13          15
8590          15          13
8600          18          10
8610          16          13
8620          17           6
8630          10          11
8640          12          11
8650           8          12
8660          11          10
8670           8           7
8680          13          10
8690          11           7
8700          11           8
8710          13          15
8720          10          16
8730          12          10
8740          11           7
8750          11          10
8760          15          11
8770          13          15
8780          11           6
8790          15           5
8800          10          10
8810          14          11
8820          14          10
8830          10          16
8840          11          13
8850          12          16
8860          15          15
8870          14          13
8880          15          17
8890          19          14
8900          15          14
8910          14           9
8920          13          17
8930          13          10
8940          13           7
8950           7          10
8960           8          13
8970           9           9
8980          10          18
8990          11          13
9000          11           8
9010           8          10
9020          10          10
9030           9           5
9040          11           5
9050          11           4
9060          12           7
9070           9           8
9080           9          12
9090          12           5
9100          15           4
9110          15          12
9120          15           9
9130           6           8
9140          11           6
9150          13           8
9160           7          12
9170           8          13
9180          11          14
9190          12          11
9200          13          16
9210           9          12
9220          10          12
9230          16          11
9240          13          11
9250          10          11
9260          11           9
9270          11           9
9280           9          16
9290          12          11
9300           5          15
9310          16          13
9320          10          14
9330           7          14
9340          15           8
9350           9           9
9360          13           9
9370          17           9
9380          14           9
9390          16          13
9400          14          12
9410          16           9
9420          12          14
9430          11          16
9440          12          13
9450          12          12
9460          13          15
9470           9           6
9480          15           6
9490          13          10
9500          11          14
9510          11          10
9520           9          11
9530          11          15
9540          13          10
9550          15          13
9560          11           3
9570           8          12
9580          12           9
9590           8          15
9600          10           9
9610          10          11
9620          13           7
9630           9          13
9640          11           6
9650          11           6
9660          11          10
9670           9           7
9680          11          13
9690          16           7
9700          11           8
9710           6           5
9720           9          12
9730           9          16
9740          10          11
9750          13          12
9760           9           7
9770          12          14
9780           9          13
9790          13           7
9800          10           5
9810           9          10
9820          13          11
9830          13          10
9840          12           9
9850          11           6
9860          14          10
9870          11          11
9880          13          10
9890          15          18
9900          12           9
9910          11          14
9920           9           9
9930          10          10
9940          15          18
9950          15          14
9960          13          15
9970          13          19
9980          16           9
9990          13          14
10000          11          13
