Time   C(t)   
ps   
0           1           1  1.92819e-10   0.0330178
10    0.671037    0.856482    0.680451   0.0172734
20    0.654532    0.849281    -0.16107  0.00152897
30    0.640458    0.843141  0.00425626  0.00125016
40    0.629529    0.838373  -0.0405737  0.000946957
50    0.621519    0.834879   -0.100851  0.000796664
60    0.613595    0.831422    0.424642  0.000838825
70    0.604742    0.827559   0.0189843  0.000670919
80    0.600177    0.825568   -0.296925  0.000587624
90     0.59299    0.822432   -0.251626  0.000697413
100    0.586229    0.819482    0.424642  0.000486356
110    0.583263    0.818188     0.33419  0.000514773
120    0.575933    0.814991    0.544889  0.000556427
130    0.572134    0.813333   -0.522426  0.000382057
140    0.568292    0.811657     0.85961  0.000490439
150    0.562325    0.809054   -0.869201  0.00049639
160    0.558364    0.807326   -0.703464  0.000488901
170    0.552547    0.804788    0.829434  0.000484693
180     0.54867    0.803097    0.559059  0.000401828
190    0.544511    0.801282    0.859844  0.000346017
200     0.54175    0.800078    0.483599  0.000267676
210    0.539157    0.798946  -0.0277682  0.000515926
220    0.531432    0.795576   -0.372738  0.000399628
230    0.531165    0.795459   -0.268555  0.000183606
240    0.527759    0.793974    0.318346  0.000216737
250     0.52683    0.793568   -0.598914  0.000217304
260    0.523413    0.792078    0.182153  0.00024865
270    0.521857    0.791399  -0.0734203  0.000162771
280    0.520158    0.790658    0.588295  0.000341517
290    0.515027    0.788419    -0.34447  0.000385404
300     0.51245    0.787295    0.887804  0.000315201
310    0.508723    0.785669   -0.524921   0.0002619
320    0.507212     0.78501  -0.0892639  0.000255606
330     0.50361    0.783438   -0.345145  0.000283879
340    0.501534    0.782533     1.06809  0.000279303
350    0.498024    0.781001   -0.435026   0.0003304
360    0.494926     0.77965   0.0758712  0.000376585
370    0.490493    0.777715    0.286101  0.000365061
380    0.487625    0.776464    0.646459  0.000339541
390    0.483702    0.774753    0.300727  0.000256146
400    0.482502    0.774229     0.16537  0.000144567
410    0.480811    0.773491    0.195237  0.000109693
420    0.480308    0.773272   -0.556535  8.36387e-05
430    0.479138    0.772761   -0.436728  0.000333646
440    0.473635    0.770361    0.284868  0.000283089
450    0.473476    0.770291   -0.632303  0.000162245
460     0.47039    0.768945   -0.737793  0.000233036
470    0.468815    0.768258    0.163785  0.000152341
480    0.467344    0.767616   -0.211638  0.000288798
490    0.463039    0.765738   -0.181698  0.000199004
500    0.463364     0.76588   -0.677911  0.00017668
510    0.459506    0.764197    -1.32433  0.000384414
520    0.455675    0.762525    0.209232  0.000339007
530    0.452726    0.761239   -0.226616  9.96992e-05
540    0.453681    0.761656    0.298378  0.000158864
550    0.449548    0.759852    -0.19691  0.000281906
560    0.448043    0.759196   -0.152447  9.71377e-05
570    0.447605    0.759005    0.688912  0.000159895
580    0.444845    0.757801    0.192977  0.000215535
590    0.443295    0.757124     0.74916  0.000266141
600    0.439523    0.755478   0.0133926  0.00030421
610    0.437211     0.75447  -0.0922875  0.000150755
620    0.436507    0.754163    0.222844  0.000176249
630    0.433686    0.752932    0.628781  0.000146002
640    0.433587    0.752889  -0.0477655  0.000112255
650    0.431441    0.751952   -0.138057  0.000258182
660    0.428424    0.750636   -0.378388  0.000249718
670    0.426446    0.749774   -0.168673  0.000221485
680    0.423994    0.748704     0.80816  0.000292405
690    0.420598    0.747222   0.0572247   0.0002188
700    0.419618    0.746795    0.958846  1.66267e-05
710    0.420265    0.747077   -0.183885  0.000179891
720     0.41602    0.745225    0.823314  0.000299743
730    0.414271    0.744462     0.68806  0.000305979
740    0.409901    0.742555   -0.454143  0.000168318
750    0.410904    0.742993    0.657371  7.42733e-05
760    0.408415    0.741907   -0.680318  0.000134423
770    0.408216     0.74182     0.62699  7.27862e-05
780    0.406959    0.741272    0.265972  0.00020619
790    0.404092    0.740021   -0.109511  0.000261439
800    0.401731    0.738991    -0.19923  0.00015592
810    0.400974    0.738661   -0.409988  6.10158e-05
820     0.40051    0.738458    0.596932  0.000112474
830    0.398724    0.737679   -0.560351  9.7999e-05
840     0.39855    0.737603   -0.395759  0.000155285
850    0.395618    0.736324    0.130587  0.000269583
860    0.393159    0.735251    0.160541  0.000200246
870    0.391614    0.734577   -0.485742  0.000171235
880    0.389734    0.733757   -0.515712  0.000175163
890     0.38811    0.733049    -1.08727  0.000284652
900    0.384041    0.731273   0.0098405  0.000325912
910    0.381592    0.730205   -0.666207  8.02457e-05
920    0.382436    0.730573   -0.546474  6.95005e-05
930    0.380202    0.729598   -0.381265  0.000164253
940    0.379151     0.72914   -0.531423  0.000175798
950    0.376686    0.728064    0.129544  0.000209565
960     0.37496    0.727311   -0.170713  0.000273408
970    0.371218    0.725679    0.385411  0.00034851
980    0.367989     0.72427    0.234769  0.000145838
990    0.368301    0.724406   -0.547061  0.000222987
1000     0.36353    0.722325    0.190673  0.00022503
1010    0.363801    0.722443    0.505188  0.000160258
1020    0.360325    0.720926    0.100073  0.00010235
1030    0.361754     0.72155   -0.141975  0.000110303
1040    0.358119    0.719964     0.56501  0.000219238
1050    0.357369    0.719637   -0.201607  4.68612e-05
1060    0.357181    0.719555   -0.322382  0.00011669
1070    0.355035    0.718619   -0.262163  0.00036004
1080    0.349981    0.716414    0.910465  0.000364487
1090    0.347745    0.715438    0.534732  0.000136827
1100    0.347244     0.71522    0.669046  0.00017312
1110    0.344283    0.713928    0.324312  0.000281352
1120    0.341617    0.712765    0.624422  0.000151153
1130     0.34126    0.712609   -0.141975  0.000189564
1140    0.337826    0.711111    0.534512  0.000246896
1150    0.336322    0.710455     1.09021  0.000213315
1160    0.333559    0.709249    0.954913  0.000291818
1170    0.330485    0.707908    0.534248  0.000195213
1180    0.329655    0.707546      1.9165  0.000149943
1190    0.327487      0.7066    0.488684  0.000182691
1200    0.326001    0.705952     1.55551  0.00022143
1210    0.323058    0.704668     1.66127  0.000279324
1220    0.320415    0.703515    0.969861  4.21211e-05
1230    0.322216      0.7043    0.773846  3.6718e-05
1240     0.31968    0.703194     0.54855  0.000207721
1250    0.318061    0.702488     1.05939  0.000179316
1260    0.316094     0.70163    0.488126  0.000154628
1270    0.314969    0.701139    0.608285  0.000189802
1280    0.312298    0.699974    0.262391  0.000238393
1290    0.310201    0.699059     1.28438  0.000146186
1300    0.309374    0.698698     1.79513  0.000307269
1310    0.304055    0.696378    0.338248  0.000193423
1320    0.305506     0.69701     1.70494  3.12731e-05
1330     0.30343    0.696105     1.16384  0.000200042
1340    0.301505    0.695265     1.07341  0.000144163
1350    0.300547    0.694847      1.3141  0.000127086
1360    0.298963    0.694156     2.21523  0.000158441
1370    0.297378    0.693464     1.56923  0.000188087
1380    0.295202    0.692515    0.907851  0.00024717
1390    0.292434    0.691308     1.50883  0.000157717
1400    0.292047    0.691139     1.38856  4.26531e-05
1410    0.291581    0.690936     2.10972  0.000109427
1420    0.289859    0.690184     1.44825  0.000333379
1430    0.284914    0.688027     1.40377  0.000345777
1440    0.282943    0.687167     1.70388  0.000124422
1450    0.282425    0.686941     1.22263  4.5988e-05
1460    0.282023    0.686766     1.98879  0.000227578
1470    0.277874    0.684955     1.41787  0.000399633
1480    0.274031    0.683279      2.3499  0.00010802
1490    0.275713    0.684013     3.04071  6.1138e-05
1500    0.272808    0.682745     2.66528  0.00033439
1510    0.269026    0.681095     2.93579  0.000245853
1520    0.267891      0.6806     3.28101  8.77932e-05
1530     0.26727    0.680329     1.44752  0.000129735
1540    0.265296    0.679468     3.01024  5.03317e-05
1550    0.266263     0.67989     1.98769  0.000142299
1560     0.26245    0.678226     3.25057  0.00025008
1570    0.261262    0.677708     2.28855  0.000121033
1580     0.26003     0.67717     2.78411  0.000235318
1590    0.256555    0.675655     2.28811  0.000219716
1600    0.255635    0.675253     2.78396  0.000146247
1610     0.25363    0.674378     2.45336  0.000156535
1620    0.252505    0.673887     2.76835  0.000209196
1630    0.249446    0.672553     1.76205  0.000211607
1640    0.248272    0.672041     2.27262  6.71498e-05
1650    0.248103    0.671967     2.91867  0.00017226
1660    0.244827    0.670538     2.87376  0.000257314
1670    0.242957    0.669722     3.06912  0.000219654
1680    0.240434    0.668621     3.33966  0.000234321
1690    0.238271    0.667677     2.81325  8.07986e-05
1700    0.238818    0.667916     3.05329  3.25158e-05
1710     0.23762    0.667394     3.06872  0.000162492
1720    0.235568    0.666499     2.72287  0.000160736
1730    0.234406    0.665991     2.52699  0.000112358
1740    0.233321    0.665518     2.51182  0.000120754
1750    0.231991    0.664938     1.94066  7.82229e-05
1760    0.231757    0.664836      2.7217  0.00022971
1770    0.227396    0.662933     1.83563  0.00023611
1780    0.227035    0.662775     1.98537  0.000204243
1790    0.223311    0.661151     2.07611  0.000235263
1800    0.222329    0.660723      1.6998  0.00017847
1810    0.219742    0.659594     2.60185  0.000139744
1820    0.219534    0.659503     1.57991  2.49676e-05
1830    0.219243    0.659376     3.06745  1.67772e-05
1840    0.219199    0.659357     2.10517  0.000198416
1850    0.215274    0.657645     2.88769  9.12435e-05
1860    0.217374    0.658561     2.46585  1.73576e-05
1870    0.214927    0.657493     2.60087  0.000168304
1880    0.214008    0.657092     2.24021  0.000129429
1890    0.212339    0.656364     2.36033  0.000154615
1900    0.210916    0.655743     3.32229  0.000115514
1910    0.210028    0.655356     3.23175  7.61673e-06
1920    0.210763    0.655677     2.05909  0.00010981
1930    0.207832    0.654398     2.96096  0.000262199
1940    0.205519    0.653389     2.08925  3.5166e-05
1950    0.207129    0.654091     1.60795  8.99181e-05
1960    0.203721    0.652604     2.31431  0.000165224
1970    0.203824    0.652649     2.55457  0.000167895
1980    0.200363    0.651139     2.13461  0.000165989
1990    0.200505    0.651201     2.34454  3.84316e-05
2000    0.199594    0.650804     2.31397  0.000366899
2010    0.193167       0.648     2.66063  0.000253578
2020    0.194523    0.648591     2.26924  -3.86707e-05
2030     0.19394    0.648337     1.48758  4.35621e-05
2040    0.193652    0.648211     2.61429  6.69584e-05
2050    0.192601    0.647753     2.47876  2.04995e-05
2060    0.193242    0.648032     1.63735  8.85382e-05
2070     0.19083     0.64698     1.63687  0.000114039
2080    0.190961    0.647037     1.78672  0.000208054
2090    0.186669    0.645165     2.52363  0.000350948
2100    0.183942    0.643975     2.26836  0.000111061
2110    0.184448    0.644196     2.16312  8.80256e-05
2120    0.182181    0.643207     2.38818  8.37967e-05
2130    0.182772    0.643465     2.38761  0.000167683
2140    0.178828    0.641744     2.25283  0.000227777
2150    0.178216    0.641477     3.12438  0.000155661
2160    0.175714    0.640386      3.1842  9.14611e-05
2170    0.176387    0.640679     3.01879  -5.64791e-05
2180    0.176844    0.640879     2.52241  0.000115678
2190    0.174074     0.63967     2.97347  0.000197678
2200    0.172891    0.639154     2.67304  0.000189645
2210    0.170281    0.638015      3.4692  0.000196504
2220     0.16896    0.637439     3.24417  0.000138665
2230    0.167507    0.636805     2.50739  0.000108669
2240    0.166787    0.636491     2.86833  0.000180607
2250    0.163895    0.635229     3.03375  0.000241849
2260     0.16195    0.634381     2.91274  8.80256e-05
2270    0.162135    0.634461     3.16827  7.96162e-05
2280    0.160358    0.633686     2.91284  9.0649e-05
2290    0.160322     0.63367     3.10809  0.000165252
2300    0.157053    0.632244     3.04804  0.00013264
2310    0.157669    0.632513      3.5587  0.000181441
2320    0.153424    0.630661     2.65667  0.000269309
2330    0.152283    0.630163      2.8824  3.52412e-05
2340    0.152719    0.630354     2.56654  6.63027e-05
2350    0.150957    0.629585     2.82252  0.000143372
2360    0.149852    0.629103      2.8524  2.24404e-05
2370    0.150508    0.629389     2.98676  0.000146282
2380    0.146926    0.627826     3.00225  0.000283483
2390    0.144838    0.626915     3.10751  0.000109427
2400    0.144737    0.626871     3.51315  9.20907e-05
2410    0.142996    0.626112     2.80669  0.000187677
2420    0.140984    0.625234     2.71668  0.000137052
2430    0.140255    0.624916     2.38591  3.73736e-05
2440    0.140236    0.624908     2.89672  1.90586e-06
2450    0.140217    0.624899     2.77615  3.53709e-05
2460    0.139529    0.624599     2.86613  0.000209606
2470    0.136025     0.62307     2.53547  0.00021893
2480     0.13515    0.622689     3.00175  1.59033e-05
2490    0.135707    0.622932     2.50538  -8.67546e-06
2500    0.135324    0.622765     2.49066  -4.22895e-06
2510    0.135792    0.622969     3.19646  0.000142033
2520    0.132483    0.621525      2.9408  0.000202864
2530    0.131734    0.621198     2.98612  9.6865e-06
2540     0.13229    0.621441     3.24132  0.000152074
2550    0.128693    0.619872     3.12106  0.000125071
2560    0.129788    0.620349     2.76019  6.91108e-05
2570    0.127311    0.619269     2.73045  4.86441e-05
2580    0.128815    0.619925     3.58669  6.95065e-05
2590    0.125921    0.618662     3.00065  0.000151234
2600    0.125791    0.618605     2.82011  8.12627e-05
2610    0.124295    0.617953     4.05248  0.000152026
2620     0.12275    0.617279     3.19582  0.000225461
2630    0.119786    0.615986     3.91737  6.82909e-05
2640    0.121384    0.616683     3.46635  -5.02154e-05
2650     0.12079    0.616424     3.60134  0.000130556
2660    0.118773    0.615544     3.34599  0.00017211
2670    0.117348    0.614922     4.29271  0.000262226
2680    0.113529    0.613256     3.40621  0.000202959
2690    0.113289    0.613151     4.12751  7.93159e-05
2700    0.111942    0.612564     3.43594  9.33129e-05
2710    0.111423    0.612337      3.5857  6.59406e-05
2720    0.110623    0.611988      3.7814  9.8484e-05
2730    0.109453    0.611478     4.05148  7.55113e-05
2740    0.109113    0.611329     4.39715  0.000147736
2750    0.106498    0.610189     3.67589  0.000127106
2760    0.106571     0.61022        3.45  0.000122926
2770     0.10404    0.609116     3.58548  0.000181325
2780    0.102945    0.608638     3.17955  0.000104994
2790     0.10194      0.6082     3.48008  2.49334e-06
2800    0.102895    0.608617     3.69028  4.94093e-05
2810    0.100952    0.607769     3.52474  0.000175846
2820   0.0993778    0.607082     3.34462  0.000103648
2830   0.0988788    0.606864      3.7503  0.000188573
2840   0.0956064    0.605437     3.56998  0.000174781
2850   0.0953831    0.605339     3.50961  4.12188e-05
2860    0.094782    0.605077     3.29862  0.000171085
2870   0.0919614    0.603847     3.16372  0.000131246
2880   0.0921571    0.603932     2.92274  7.2683e-05
2890   0.0905078    0.603212     2.59212  0.000148542
2900   0.0891862    0.602636     2.74219  0.000274686
2910   0.0850141    0.600816     3.04333  0.000249151
2920   0.0842032    0.600462     3.11815  0.000119257
2930   0.0826289    0.599775     3.38882  9.81085e-05
2940   0.0822411    0.599606     3.61384  9.84635e-05
2950   0.0806597    0.598916     3.37355  8.19527e-05
2960    0.080602    0.598891     3.28292  9.66329e-05
2970    0.078727    0.598073     2.92252  0.000245326
2980   0.0756955     0.59675     3.67388  9.71723e-05
2990   0.0767835    0.597225     3.29793  -2.96265e-05
3000    0.076288    0.597009     3.25253  0.000191626
3010    0.072951    0.595553     3.28278  0.000134108
3020   0.0736059    0.595839       3.628  0.000154069
3030   0.0698696    0.594209     4.00374  0.000144526
3040   0.0707153    0.594577     2.96694  1.21322e-05
3050    0.069627    0.594103     3.52237  0.000142948
3060   0.0678564     0.59333     2.92136  0.000177315
3070   0.0660807    0.592556     3.79329  6.11313e-05
3080   0.0666338    0.592797     3.70259  5.41572e-05
3090   0.0649976    0.592083     3.55245  0.000141903
3100   0.0637957    0.591559      3.5223  0.000115521
3110   0.0626871    0.591075     3.56712  0.000191667
3120   0.0599624    0.589886     3.50768  0.000170033
3130   0.0592865    0.589591     3.88298  2.84994e-05
3140   0.0593924    0.589638     3.05619  0.000136684
3150   0.0565528    0.588399     3.38662  0.000102391
3160   0.0573445    0.588744     4.27305  -5.36256e-06
3170   0.0566601    0.588446     3.70196  0.000201675
3180    0.053311    0.586984     3.20633  0.000253926
3190   0.0515815     0.58623     3.37159  0.000133623
3200   0.0506386    0.585819     3.61183  0.000183613
3210   0.0479093    0.584628     4.00267  0.000134395
3220   0.0479507    0.584646     3.14576  -2.64842e-05
3230    0.048439    0.584859     4.24284  5.30776e-05
3240   0.0468891    0.584183     4.79866  7.7977e-05
3250   0.0468794    0.584179     4.58822  9.32993e-05
3260   0.0450231    0.583369      3.5966  0.000230939
3270   0.0422606    0.582163     3.58126  0.00012143
3280   0.0425945    0.582309     3.59613  0.000202207
3290   0.0382165    0.580399     3.05532  0.000157259
3300   0.0394494    0.580937     2.55892  -1.28014e-05
3310   0.0384725    0.580511     3.23501  5.24765e-05
3320   0.0383998    0.580479     2.91954  0.000110691
3330   0.0362587    0.579545     3.67087  0.000254834
3340   0.0333031    0.578256     2.93459  0.000161945
3350   0.0330198    0.578132     3.15967  1.0643e-05
3360   0.0330903    0.578163     3.41526  6.65007e-05
3370   0.0316898    0.577552      2.8591  0.000137756
3380   0.0303352    0.576961     3.67083  0.000224696
3390   0.0271959    0.575591     3.06958  0.000125843
3400   0.0278183    0.575863     2.72335  -9.29714e-05
3410   0.0290553    0.576402     3.32458  9.59019e-05
3420   0.0259003    0.575026      2.5583  0.000188053
3430   0.0252942    0.574761      3.2645  0.000127339
3440   0.0233535    0.573915     3.02394  1.45639e-05
3450   0.0250029    0.574634     3.38426  -3.14228e-06
3460   0.0234163    0.573942     3.27902  0.000133159
3470   0.0223398    0.573472      2.6177  0.00021617
3480   0.0190929    0.572056      2.6483  0.000110725
3490   0.0201253    0.572506     3.00801  1.30543e-05
3500   0.0188319    0.571942     2.33214  0.000204715
3510    0.016031     0.57072     3.00819  8.3237e-05
3520   0.0171671    0.571216     3.60901  -4.62056e-05
3530   0.0169551    0.571123     2.87236  -7.40495e-06
3540   0.0173152     0.57128     3.48853  0.00017517
3550   0.0134517    0.569595     3.24855  0.000193696
3560   0.0134413     0.56959     2.99243  7.16378e-05
3570   0.0120189     0.56897     3.03728  0.000176523
3580  0.00991084     0.56805       2.752  0.000163906
3590  0.00874081     0.56754      3.0674  0.000182923
3600  0.00625237    0.566454      2.8722  0.000112317
3610  0.00649447     0.56656     2.64655  -5.3269e-05
3620  0.00731775    0.566919      2.9164  6.54557e-05
3630  0.00518536    0.565988     3.54813  0.000176543
3640  0.00378689    0.565378     2.76665  4.73464e-05
3650  0.00423843    0.565575     3.15679  0.000151125
3660  0.000764401     0.56406     3.20255  2.37381e-05
3670  0.00376367    0.565368     2.81147  -6.88371e-05
3680  0.00214114     0.56466     3.24736  0.00012518
3690  0.00126007    0.564276     2.63105  9.35998e-05
3700  0.000269146    0.563844     1.99968  0.000115275
3710  -0.00104543     0.56327     2.25527  7.54154e-05
3720  -0.00123916    0.563186     2.73592  7.04014e-05
3730  -0.00245346    0.562656     2.40511  5.44166e-05
3740  -0.00232749    0.562711     3.09688  0.000100451
3750  -0.00446249    0.561779     2.66065  0.000146438
3760  -0.00525626    0.561433     2.46547  0.000136199
3770  -0.00718646    0.560591     2.66092  5.54344e-05
3780  -0.00636495    0.560949     2.94573  2.33145e-05
3790  -0.00765275    0.560388     2.87134  9.63185e-06
3800  -0.00655759    0.560865     3.02091  -2.81646e-05
3810  -0.00708946    0.560633      3.0358  3.69495e-05
3820  -0.00729658    0.560543     3.24638  0.000121607
3830  -0.00952161    0.559572      3.1862  8.63383e-05
3840  -0.00902334     0.55979     2.84015  5.67392e-05
3850  -0.0106564    0.559077     2.63001  0.000223862
3860  -0.0135006    0.557836     3.27644  4.61237e-05
3870  -0.0115789    0.558675     3.14057  3.01935e-05
3880  -0.0141045    0.557573     2.67504  0.000129053
3890  -0.0141599    0.557549     3.11054  0.000107604
3900  -0.0162565    0.556634      2.9301  -1.65245e-05
3910  -0.0138294    0.557693     3.04989  1.97487e-05
3920  -0.0166515    0.556462     3.26047  0.000329785
3930  -0.0204251    0.554815     3.39574  6.98754e-05
3940   -0.018049    0.555852      2.8094  -0.000135153
3950  -0.0177221    0.555995     3.71096  0.000100971
3960  -0.0200684    0.554971     3.12484  0.000229409
3970  -0.0223103    0.553993     2.73425  0.000112802
3980  -0.0223245    0.553987      2.2231  9.80953e-06
3990  -0.0225064    0.553907     2.94427  9.67285e-05
4000   -0.024259    0.553143     2.73357  0.000141875
4010  -0.0253439    0.552669     2.50803  0.000148044
4020  -0.0272199    0.551851     2.58334  4.13829e-05
4030  -0.0261716    0.552308     2.49261  0.00014053
4040  -0.0300305    0.550625     2.34282  0.00023956
4050  -0.0309628    0.550218     3.10879  9.05122e-05
4060  -0.0318407    0.549835     2.95838  0.00013904
4070  -0.0337436    0.549005     2.58299  0.000147975
4080  -0.0348003    0.548544     2.70312  0.000111525
4090  -0.0359741    0.548032     2.71804  0.00019457
4100  -0.0386917    0.546846      2.9136  0.000135119
4110  -0.0386765    0.546853     2.68795  0.000118649
4120  -0.0410646    0.545811     2.97367  0.000130337
4130  -0.0412832    0.545715     2.76278  0.000128104
4140  -0.0436267    0.544693     3.15355  2.48173e-05
4150  -0.0417796    0.545499     3.21315  -4.67384e-05
4160   -0.042692    0.545101     3.04791  0.000114455
4170  -0.0440687      0.5445     2.65741  8.87701e-05
4180  -0.0444674    0.544326      2.8827  0.000141281
4190  -0.0468943    0.543267     2.65776  0.000124196
4200  -0.0469513    0.543243     3.24331  5.2176e-05
4210  -0.0479378    0.542812     2.89778  5.2299e-05
4220  -0.0479973    0.542786     2.62726  7.59209e-05
4230  -0.0494562     0.54215      2.5369  0.000125672
4240  -0.0505107     0.54169     3.00269  0.000129067
4250  -0.0520376    0.541024     2.73202  8.84559e-05
4260  -0.0522798    0.540918     2.92752  0.000118206
4270  -0.0544017    0.539992     3.37827  0.000294919
4280  -0.0581782    0.538345     2.20608  0.000136745
4290  -0.0571366    0.538799     2.56682  -5.41842e-05
4300  -0.0570945    0.538817     3.31791  7.26625e-05
4310  -0.0585898    0.538165     2.83685  0.000173469
4320  -0.0605639    0.537304     2.46142  0.000129545
4330  -0.0611808    0.537035     2.43128  6.17668e-05
4340  -0.0617992    0.536765     2.31087  0.000142333
4350  -0.0640274    0.535793     2.73183  0.000130782
4360  -0.0644149    0.535624     2.52145  9.8573e-05
4370  -0.0659989    0.534933     2.29598  -5.94333e-06
4380   -0.064296    0.535676     2.59585  0.000165217
4390  -0.0693032    0.533491      3.0022  0.000195247
4400  -0.0682009    0.533972     2.53609  -0.000113424
4410  -0.0670347    0.534481     2.44555  -3.84729e-05
4420  -0.0674315    0.534308     2.80585  0.000242067
4430  -0.0718761    0.532369      2.7763  0.000345456
4440  -0.0743406    0.531293     3.28716  7.46623e-06
4450  -0.0720254    0.532303     3.16678  -5.88704e-05
4460  -0.0731632    0.531807     3.30186  0.000168708
4470  -0.0753996    0.530831     3.34763  0.000153946
4480  -0.0762421    0.530464     3.15205  0.000160736
4490  -0.0786143    0.529429     2.68591  0.000188743
4500   -0.080017    0.528817     2.34053  -9.84773e-05
4510  -0.0766447    0.530288     2.94128  -0.000116832
4520  -0.0776803    0.529836     3.04637  0.000149874
4530  -0.0796422     0.52898     2.58061  0.000165723
4540  -0.0809948     0.52839     2.68585  0.000144772
4550  -0.0825377    0.527717     2.82096  5.87542e-05
4560  -0.0821699    0.527878     2.36991  0.000117987
4570  -0.0848974    0.526688     2.70079  0.000180198
4580  -0.0857738    0.526305     2.46009  0.000134443
4590  -0.0875863    0.525515     2.05427  4.13693e-05
4600  -0.0866012    0.525944     3.18118  5.42458e-05
4610  -0.0886712    0.525041     2.61016  5.10488e-05
4620  -0.0876222    0.525499     1.87345  9.53898e-05
4630   -0.090579    0.524209     1.93379  0.00027112
4640  -0.0930446    0.523133     1.42317  8.66659e-05
4650  -0.0923123    0.523453     2.20409  -9.22009e-07
4660  -0.0930261    0.523141     2.59497  5.57624e-05
4670  -0.0934275    0.522966     2.42949  0.000116081
4680  -0.0953478    0.522129     2.15896  0.00010054
4690  -0.0954383    0.522089      1.9485  3.76053e-05
4700  -0.0960999      0.5218     2.57969  -5.13565e-05
4710  -0.0944112    0.522537     2.18836  6.05918e-06
4720   -0.096221    0.521748       1.858  0.000245127
4730  -0.0993138    0.520398     2.48947  0.000306648
4740   -0.102354    0.519072     2.36938  4.19021e-05
4750   -0.100152    0.520033     2.53426  -9.86479e-05
4760   -0.100381    0.519933     2.33896  0.000103368
4770   -0.102219    0.519131     2.21833  0.000122946
4780    -0.10284     0.51886      2.1286  4.92729e-05
4790   -0.103205    0.518701     1.76761  4.62465e-05
4800   -0.103765    0.518456     1.67749  2.04798e-05
4810   -0.103614    0.518522     1.88771  4.65952e-05
4820   -0.104697     0.51805     2.24845  6.94174e-05
4830   -0.105003    0.517916     1.82731  0.000134976
4840   -0.107396    0.516872      1.4518  1.44478e-05
4850   -0.105292     0.51779     2.12764  2.47423e-05
4860   -0.107891    0.516656     1.88763  6.37479e-05
4870   -0.106566    0.517234     1.99239  -4.61787e-06
4880   -0.107799    0.516696     2.05234  0.000199215
4890   -0.110551    0.515496     1.84234  0.00016355
4900    -0.11107    0.515269     1.61673  9.83067e-05
4910   -0.112517    0.514638     1.96226  4.23256e-05
4920   -0.111916      0.5149     1.97688  6.26069e-05
4930   -0.113769    0.514092     1.90185  0.000135761
4940   -0.114632    0.513716     1.84176  7.64404e-05
4950   -0.115298    0.513425     1.82654  -2.33825e-05
4960   -0.114164     0.51392     1.70639  -6.59898e-06
4970   -0.115166    0.513482     1.67619  0.000187527
4980   -0.117914    0.512283     1.67608  0.000178066
4990   -0.118727    0.511929     1.94658  0.000168605
