Time   Number   
ps   
0          43          53
10          43          53
20          51          55
30          48          52
40          44          52
50          43          53
60          45          57
70          46          52
80          43          53
90          41          55
100          43          49
110          46          50
120          43          45
130          42          44
140          42          46
150          42          54
160          44          50
170          44          54
180          45          53
190          45          49
200          43          47
210          43          49
220          38          48
230          45          45
240          43          49
250          42          54
260          46          48
270          41          49
280          41          51
290          39          47
300          41          51
310          39          47
320          43          49
330          41          53
340          44          50
350          41          49
360          41          49
370          40          46
380          44          46
390          45          55
400          42          52
410          41          51
420          41          45
430          42          50
440          43          51
450          41          49
460          43          47
470          41          53
480          42          46
490          45          53
500          42          46
510          44          50
520          43          49
530          44          52
540          42          48
550          42          48
560          42          52
570          46          48
580          44          50
590          43          49
600          44          50
610          43          51
620          43          53
630          43          55
640          44          48
650          42          50
660          46          50
670          44          54
680          45          53
690          46          56
700          46          50
710          44          50
720          46          52
730          44          50
740          41          51
750          44          52
760          41          51
770          45          49
780          46          46
790          44          52
800          45          53
810          46          52
820          41          47
830          45          51
840          45          49
850          44          48
860          44          58
870          41          55
880          46          58
890          43          49
900          45          47
910          48          56
920          43          51
930          39          51
940          41          55
950          44          48
960          41          53
970          47          49
980          43          51
990          43          51
1000          41          53
1010          42          50
1020          45          51
1030          45          57
1040          42          50
1050          44          52
1060          46          50
1070          42          48
1080          45          51
1090          44          54
1100          45          57
1110          45          53
1120          45          51
1130          45          55
1140          43          51
1150          44          58
1160          44          54
1170          42          54
1180          43          57
1190          44          62
1200          44          50
1210          45          53
1220          43          53
1230          40          56
1240          47          55
1250          47          55
1260          42          56
1270          43          49
1280          49          55
1290          45          59
1300          47          55
1310          46          50
1320          42          52
1330          47          59
1340          49          57
1350          46          50
1360          43          51
1370          47          57
1380          50          56
1390          46          54
1400          46          50
1410          48          50
1420          41          55
1430          48          56
1440          43          55
1450          48          58
1460          49          57
1470          48          56
1480          46          52
1490          41          53
1500          45          55
1510          46          50
1520          45          53
1530          44          48
1540          45          53
1550          45          55
1560          44          58
1570          44          52
1580          45          55
1590          48          60
1600          47          51
1610          45          55
1620          43          49
1630          46          54
1640          46          54
1650          47          53
1660          44          54
1670          44          52
1680          42          60
1690          41          57
1700          40          52
1710          45          57
1720          40          56
1730          43          55
1740          44          52
1750          44          54
1760          45          51
1770          47          53
1780          45          57
1790          44          50
1800          40          52
1810          42          52
1820          43          49
1830          41          51
1840          43          47
1850          45          49
1860          45          49
1870          43          49
1880          42          50
1890          43          53
1900          45          51
1910          45          45
1920          47          51
1930          43          47
1940          44          52
1950          42          48
1960          44          50
1970          43          45
1980          42          48
1990          41          49
2000          41          53
2010          44          54
2020          50          54
2030          45          51
2040          46          54
2050          43          49
2060          43          49
2070          42          54
2080          43          61
2090          46          50
2100          43          49
2110          48          58
2120          42          52
2130          44          52
2140          43          47
2150          44          46
2160          43          49
2170          47          51
2180          42          56
2190          43          57
2200          43          55
2210          42          54
2220          42          50
2230          48          52
2240          40          52
2250          45          53
2260          44          50
2270          44          52
2280          43          47
2290          41          45
2300          42          48
2310          46          54
2320          44          52
2330          43          55
2340          44          52
2350          44          54
2360          40          46
2370          46          54
2380          43          51
2390          45          53
2400          42          50
2410          41          53
2420          41          47
2430          43          47
2440          41          53
2450          42          52
2460          40          46
2470          39          51
2480          42          52
2490          44          54
2500          45          49
2510          45          57
2520          43          49
2530          42          48
2540          41          53
2550          45          53
2560          42          50
2570          45          51
2580          40          50
2590          42          50
2600          40          56
2610          42          50
2620          41          51
2630          42          52
2640          41          47
2650          46          52
2660          44          50
2670          45          53
2680          39          49
2690          45          53
2700          42          52
2710          43          53
2720          43          55
2730          44          50
2740          44          52
2750          41          47
2760          45          63
2770          41          55
2780          44          52
2790          42          52
2800          43          55
2810          45          49
2820          45          55
2830          41          47
2840          43          49
2850          47          53
2860          42          54
2870          48          52
2880          43          57
2890          45          55
2900          41          53
2910          40          48
2920          45          59
2930          44          50
2940          45          59
2950          44          58
2960          48          54
2970          43          49
2980          44          52
2990          43          49
3000          42          50
3010          45          53
3020          40          56
3030          43          49
3040          46          54
3050          46          58
3060          45          51
3070          43          47
3080          48          60
3090          45          57
3100          44          50
3110          45          51
3120          47          55
3130          46          52
3140          42          52
3150          45          53
3160          42          48
3170          49          51
3180          46          54
3190          45          57
3200          44          50
3210          45          45
3220          43          51
3230          42          50
3240          45          55
3250          46          52
3260          41          57
3270          43          61
3280          46          52
3290          45          57
3300          48          54
3310          45          51
3320          45          53
3330          49          59
3340          42          50
3350          41          49
3360          45          57
3370          47          57
3380          46          52
3390          40          56
3400          44          56
3410          44          52
3420          45          53
3430          45          59
3440          42          50
3450          45          61
3460          40          50
3470          48          54
3480          41          59
3490          45          61
3500          43          51
3510          40          58
3520          44          50
3530          42          56
3540          43          53
3550          45          63
3560          42          52
3570          40          52
3580          44          50
3590          43          53
3600          43          55
3610          43          53
3620          44          54
3630          42          46
3640          42          54
3650          41          47
3660          43          49
3670          42          52
3680          47          55
3690          43          51
3700          44          54
3710          46          54
3720          41          51
3730          42          54
3740          42          50
3750          42          48
3760          45          49
3770          43          55
3780          42          46
3790          46          50
3800          40          52
3810          41          51
3820          46          48
3830          46          52
3840          40          54
3850          39          55
3860          39          47
3870          43          55
3880          40          54
3890          43          55
3900          41          57
3910          37          45
3920          36          52
3930          42          56
3940          41          51
3950          41          47
3960          41          49
3970          44          54
3980          40          52
3990          41          49
4000          36          58
4010          38          54
4020          41          53
4030          44          58
4040          43          57
4050          44          54
4060          44          56
4070          41          51
4080          41          57
4090          42          56
4100          42          58
4110          40          56
4120          39          57
4130          41          51
4140          38          50
4150          38          48
4160          37          45
4170          42          42
4180          38          50
4190          41          47
4200          41          55
4210          42          52
4220          41          49
4230          40          54
4240          42          48
4250          43          55
4260          46          48
4270          43          49
4280          41          49
4290          48          54
4300          44          50
4310          40          50
4320          40          62
4330          40          50
4340          39          53
4350          41          53
4360          44          50
4370          36          52
4380          40          52
4390          43          49
4400          42          58
4410          42          48
4420          44          60
4430          44          62
4440          42          52
4450          46          54
4460          45          55
4470          40          56
4480          43          55
4490          43          53
4500          44          52
4510          43          51
4520          45          53
4530          44          56
4540          43          63
4550          42          54
4560          41          59
4570          41          57
4580          44          62
4590          45          49
4600          45          51
4610          45          55
4620          44          58
4630          42          48
4640          43          51
4650          46          52
4660          43          57
4670          45          53
4680          47          57
4690          40          54
4700          46          52
4710          45          55
4720          40          50
4730          40          48
4740          43          55
4750          43          51
4760          44          50
4770          43          53
4780          40          62
4790          44          56
4800          46          56
4810          44          58
4820          44          58
4830          37          49
4840          43          51
4850          43          53
4860          46          50
4870          43          47
4880          41          47
4890          44          52
4900          49          57
4910          47          61
4920          42          50
4930          43          55
4940          48          70
4950          45          57
4960          42          58
4970          43          55
4980          45          51
4990          44          52
5000          47          57
5010          43          51
5020          48          58
5030          41          57
5040          43          55
5050          42          46
5060          43          57
5070          38          58
5080          41          51
5090          44          52
5100          42          60
5110          43          59
5120          45          57
5130          41          51
5140          42          52
5150          40          56
5160          43          55
5170          41          49
5180          41          55
5190          40          50
5200          43          49
5210          45          51
5220          42          50
5230          40          48
5240          40          48
5250          40          50
5260          36          52
5270          37          45
5280          41          47
5290          42          42
5300          41          47
5310          40          48
5320          41          47
5330          40          46
5340          37          51
5350          37          43
5360          37          45
5370          37          53
5380          39          45
5390          40          48
5400          40          46
5410          39          49
5420          39          53
5430          35          45
5440          42          50
5450          37          49
5460          35          45
5470          38          48
5480          39          43
5490          37          41
5500          36          42
5510          41          49
5520          39          57
5530          40          46
5540          40          50
5550          41          49
5560          43          49
5570          40          48
5580          39          53
5590          39          53
5600          43          45
5610          39          49
5620          38          50
5630          38          46
5640          37          51
5650          39          47
5660          38          48
5670          37          45
5680          38          42
5690          38          50
5700          42          46
5710          42          46
5720          41          43
5730          41          57
5740          38          46
5750          38          46
5760          38          48
5770          40          54
5780          40          50
5790          41          49
5800          44          54
5810          40          46
5820          38          48
5830          42          46
5840          41          51
5850          42          50
5860          36          42
5870          35          43
5880          40          52
5890          36          44
5900          37          47
5910          40          52
5920          39          51
5930          39          49
5940          41          49
5950          37          49
5960          39          49
5970          39          47
5980          41          55
5990          40          44
6000          38          50
6010          40          52
6020          36          44
6030          40          50
6040          37          49
6050          43          51
6060          41          49
6070          37          49
6080          42          44
6090          41          45
6100          39          45
6110          40          48
6120          40          54
6130          37          47
6140          36          44
6150          41          51
6160          37          51
6170          38          46
6180          38          42
6190          37          47
6200          37          43
6210          37          41
6220          38          46
6230          37          47
6240          42          44
6250          39          47
6260          40          52
6270          37          47
6280          40          46
6290          43          49
6300          36          52
6310          37          49
6320          35          43
6330          39          51
6340          40          50
6350          37          41
6360          39          47
6370          39          47
6380          34          40
6390          35          45
6400          37          47
6410          41          43
6420          40          46
6430          39          47
6440          42          52
6450          40          48
6460          39          53
6470          43          55
6480          41          45
6490          43          51
6500          40          52
6510          47          51
6520          41          53
6530          43          53
6540          40          46
6550          41          49
6560          39          49
6570          39          51
6580          42          52
6590          44          58
6600          46          52
6610          43          55
6620          40          48
6630          43          55
6640          43          51
6650          42          50
6660          42          52
6670          42          50
6680          46          50
6690          43          51
6700          42          46
6710          45          55
6720          46          54
6730          41          53
6740          39          49
6750          44          58
6760          43          53
6770          42          56
6780          43          53
6790          43          49
6800          45          55
6810          46          54
6820          42          48
6830          42          48
6840          38          46
6850          39          53
6860          41          53
6870          42          50
6880          42          52
6890          40          52
6900          43          51
6910          46          50
6920          44          58
6930          39          51
6940          45          53
6950          44          56
6960          43          49
6970          46          50
6980          48          54
6990          39          53
7000          46          54
7010          43          55
7020          43          53
7030          43          55
7040          44          46
7050          42          46
7060          41          45
7070          44          54
7080          42          54
7090          41          57
7100          46          56
7110          45          51
7120          45          51
7130          45          49
7140          45          49
7150          43          49
7160          43          51
7170          43          57
7180          44          50
7190          46          54
7200          46          50
7210          41          51
7220          45          47
7230          43          51
7240          46          52
7250          42          54
7260          41          47
7270          45          55
7280          45          49
7290          44          52
7300          41          45
7310          46          54
7320          43          51
7330          41          47
7340          40          56
7350          40          44
7360          40          50
7370          43          43
7380          43          45
7390          39          51
7400          44          50
7410          41          57
7420          43          57
7430          43          49
7440          42          52
7450          37          45
7460          41          51
7470          43          49
7480          40          52
7490          41          49
7500          40          52
7510          42          54
7520          42          52
7530          41          53
7540          40          52
7550          43          51
7560          42          52
7570          42          56
7580          43          45
7590          42          54
7600          49          59
7610          40          52
7620          43          49
7630          43          53
7640          43          51
7650          43          55
7660          42          50
7670          46          50
7680          43          53
7690          43          53
7700          44          54
7710          42          54
7720          42          48
7730          40          48
7740          43          53
7750          44          48
7760          44          56
7770          43          45
7780          42          52
7790          40          42
7800          43          55
7810          45          49
7820          42          52
7830          42          44
7840          42          46
7850          40          50
7860          42          48
7870          43          51
7880          44          48
7890          46          48
7900          41          51
7910          42          50
7920          44          48
7930          40          50
7940          41          57
7950          42          48
7960          41          51
7970          41          49
7980          43          53
7990          41          45
8000          43          51
8010          44          54
8020          42          54
8030          40          56
8040          44          48
8050          40          56
8060          45          49
8070          45          49
8080          46          52
8090          45          53
8100          42          44
8110          43          57
8120          43          51
8130          45          57
8140          43          53
8150          42          54
8160          46          50
8170          43          49
8180          46          54
8190          45          53
8200          43          45
8210          44          48
8220          47          57
8230          44          54
8240          46          48
8250          45          49
8260          43          55
8270          48          52
8280          45          51
8290          43          49
8300          46          58
8310          48          54
8320          48          52
8330          48          52
8340          48          50
8350          48          54
8360          48          58
8370          45          53
8380          44          54
8390          42          56
8400          46          52
8410          43          53
8420          43          57
8430          43          51
8440          41          55
8450          43          49
8460          43          57
8470          44          54
8480          45          55
8490          44          52
8500          43          49
8510          49          49
8520          46          48
8530          44          50
8540          42          52
8550          41          57
8560          43          49
8570          44          50
8580          43          51
8590          42          54
8600          42          50
8610          44          48
8620          46          50
8630          38          50
8640          42          50
8650          47          59
8660          48          54
8670          40          50
8680          43          61
8690          45          53
8700          46          50
8710          41          55
8720          44          46
8730          41          47
8740          40          46
8750          45          49
8760          42          46
8770          46          56
8780          44          48
8790          45          51
8800          43          55
8810          44          54
8820          43          47
8830          45          53
8840          37          49
8850          43          47
8860          41          55
8870          42          48
8880          42          50
8890          40          52
8900          41          45
8910          46          54
8920          44          54
8930          40          50
8940          43          49
8950          41          59
8960          43          59
8970          45          61
8980          44          54
8990          42          52
9000          41          47
9010          39          53
9020          43          49
9030          40          46
9040          42          52
9050          41          55
9060          43          51
9070          41          47
9080          42          54
9090          45          57
9100          46          56
9110          43          49
9120          41          49
9130          45          53
9140          45          61
9150          41          55
9160          45          49
9170          40          46
9180          43          49
9190          45          49
9200          43          53
9210          42          54
9220          38          48
9230          42          54
9240          40          58
9250          44          50
9260          42          50
9270          43          47
9280          46          50
9290          42          48
9300          42          52
9310          40          46
9320          39          51
9330          43          51
9340          36          48
9350          38          48
9360          40          50
9370          45          55
9380          43          53
9390          42          52
9400          42          48
9410          45          59
9420          47          53
9430          43          49
9440          43          53
9450          47          55
9460          47          55
9470          44          58
9480          42          50
9490          45          55
9500          46          56
9510          43          53
9520          42          48
9530          42          54
9540          41          49
9550          41          53
9560          40          54
9570          38          50
9580          39          47
9590          40          52
9600          41          49
9610          38          46
9620          41          43
9630          39          47
9640          38          50
9650          41          47
9660          42          48
9670          39          55
9680          38          46
9690          42          50
9700          41          49
9710          43          51
9720          42          48
9730          43          51
9740          39          49
9750          44          52
9760          44          48
9770          42          46
9780          42          48
9790          42          46
9800          45          47
9810          42          52
9820          41          45
9830          38          48
9840          40          48
9850          42          48
9860          45          57
9870          41          47
9880          37          61
9890          43          53
9900          43          51
9910          43          53
9920          45          49
9930          39          49
9940          41          49
9950          43          45
9960          45          51
9970          44          56
9980          43          49
9990          42          46
10000          36          46
