Time   C(t)   
ps   
0           1           1  7.69481e-10   0.0311239
10    0.691994    0.835157   -0.260742   0.0165935
20    0.668131    0.822386   0.0474525  0.00206304
30    0.650733    0.813075   -0.276353  0.00165006
40     0.63513    0.804724    0.503237  0.00134218
50    0.623889    0.798708   -0.570041  0.000882244
60    0.617485    0.795281   -0.512734  0.00091663
70    0.605557    0.788897   -0.145121  0.000927731
80     0.59893     0.78535   -0.542004  0.000684938
90    0.591858    0.781565    -1.11594  0.000770232
100    0.583526    0.777106    0.486736  0.000785396
110     0.57615    0.773158   -0.513796  0.000610554
120    0.571315    0.770571    -0.24948  0.000698748
130    0.562175    0.765679    0.500811  0.000627896
140    0.558757     0.76385    0.735138  0.000438949
150    0.553396    0.760981    0.322657  0.000576001
160    0.547237    0.757684  -0.000545616  0.000510216
170    0.543192    0.755519   0.0288549  0.000348851
180     0.54026     0.75395   -0.750879  0.000394753
190    0.535297    0.751294   -0.632718  0.000465333
200    0.530953    0.748969   -0.148222  0.000410005
210    0.527097    0.746905    0.616216  0.000358796
220    0.523777    0.745129     0.16046  0.000362381
230    0.519849    0.743027   0.0425286  0.000312132
240    0.517534    0.741788    0.718335  0.000420213
250    0.511445    0.738529    0.101516  0.000503522
260    0.507464    0.736398    0.924453  0.000373679
270    0.503971    0.734529     1.15895  0.00036619
280     0.50014    0.732478    0.880102  0.000350372
290    0.496964    0.730779    0.615254  0.000133996
300     0.49746    0.731044    0.173215  0.000234161
310    0.492281    0.728272   0.0994631  0.00047548
320    0.487951    0.725955  -0.0175785  0.000401607
330    0.484248    0.723973    0.129079  0.000269198
340    0.482567    0.723073   -0.620882  0.000386529
350    0.476518    0.719836   -0.252996  0.000260507
360    0.477356    0.720285   0.0542789  0.000218286
370    0.472152    0.717499   -0.694548  0.000314638
380    0.471064    0.716917     0.31894  0.000382401
390    0.464504    0.713406    0.187478  0.000415061
400    0.462762    0.712474  -0.0632796  0.000203669
410    0.460431    0.711226  -0.0488308  0.000201224
420    0.458738     0.71032    -1.47542  0.000287141
430    0.454688    0.708153   -0.284579  0.000353584
440    0.451666    0.706536   -0.769735  0.000299664
450    0.448695    0.704945   -0.931287  0.000411291
460     0.44344    0.702133    0.068699  0.000379656
470    0.441101    0.700881    -0.96096  0.000311631
480    0.437208    0.698798   -0.902016  0.000203541
490    0.437031    0.698703    -0.97673  0.000175932
500    0.433689    0.696914    -1.54958  0.000318964
510    0.430651    0.695289     -1.4173  0.000253111
520    0.428627    0.694205    -1.35859  0.000262189
530    0.425408    0.692482    -1.13825  0.000223014
540    0.424167    0.691818    -1.41799  0.000220691
550    0.420994     0.69012    -1.12396  0.000311987
560    0.417927    0.688479    -1.43253  0.000255796
570    0.415878    0.687382   -0.609548  0.000202282
580    0.413881    0.686313   -0.639623  0.000245488
590    0.410968    0.684754   -0.198503  0.000307283
600    0.407736    0.683024    -1.87419  0.000333655
610    0.404295    0.681183    -1.41842  0.000179985
620    0.404136    0.681098   -0.757928  0.00016617
630    0.400972    0.679404    -1.14016  0.000345477
640    0.397226      0.6774    -2.21291  0.00026446
650    0.395682    0.676573    -1.40522  0.000244991
660    0.392327    0.674777    -1.46354  0.000305773
670    0.389567    0.673301    -1.92004  0.000322334
680     0.38588    0.671327     -1.5524  0.000279745
690    0.383972    0.670306    -1.22902  0.000156386
700    0.382752    0.669653    -1.80316  0.000146708
710    0.381038    0.668736    -1.62705  0.000355138
720    0.375649    0.665852    -1.81739  0.000409214
730    0.372854    0.664356    -1.36196  0.000187197
740    0.371906    0.663848    -1.39128  0.00017606
750    0.369332    0.662471    -1.12642  0.000241663
760    0.367072    0.661261    -1.34713  0.000150739
770    0.366318    0.660858    -1.58286  0.000123453
780    0.364603     0.65994    -1.58286  0.00024012
790    0.361515    0.658287    -1.39175  0.000243522
800    0.359733    0.657333    -1.27432  0.000204805
810    0.357419    0.656095     -1.9804  0.000333728
820    0.353058    0.653761    -1.53851  0.000316727
830    0.351085    0.652705    -1.99472  0.000171226
840    0.349634    0.651928   -0.833302  0.000173096
850    0.347623    0.650852    -1.23076  0.000193918
860    0.345755    0.649853    -1.03991  0.000164978
870    0.344323    0.649086    -0.58444  0.000159493
880    0.342565    0.648146    -1.43695  0.000189246
890    0.340538    0.647061    -1.83393  0.000222141
900    0.338123    0.645768   -0.937646  0.000101598
910    0.338506    0.645973    -1.23228  0.000171359
920    0.334695    0.643934    -2.12845  0.000146419
930    0.335578    0.644406    -2.43796  0.000175142
940    0.331193    0.642059   -0.747054  0.000354481
950    0.328488    0.640612     -1.1878  0.000198089
960    0.327231    0.639939    -1.99675  0.000158559
970    0.325317    0.638914    -2.45245  0.000157377
980    0.324083    0.638254    -1.76225  0.00017264
990    0.321864    0.637066     -2.1301  0.000257939
1000    0.318925    0.635493    -1.10076  0.000228627
1010    0.317292    0.634619   -0.718356  0.000124629
1020    0.316432    0.634159    -1.27741  7.11769e-05
1030    0.315868    0.633857    -1.14519  0.000218008
1040    0.312072    0.631826   -0.189595  0.00024375
1050    0.310993    0.631248   -0.483713  0.000129011
1060    0.309492    0.630445    0.104308  0.000144264
1070    0.308108    0.629704      -1.116  0.000153607
1080    0.306419    0.628801   -0.631002  0.000170524
1090    0.304697    0.627879   -0.557595  0.000163347
1100    0.303152    0.627052     -1.0578  0.000172724
1110    0.301243     0.62603   -0.587239  0.00023963
1120     0.29836    0.624487    -1.07185  0.000126728
1130    0.298708    0.624674    -0.71995  8.17135e-05
1140    0.296726    0.623612   -0.778664  0.000216694
1150    0.294374    0.622354    -1.36654  0.000110941
1160    0.294507    0.622425   -0.926226  9.91419e-05
1170    0.292392    0.621293    -1.27853  0.000306058
1180    0.288386    0.619149   -0.837178  0.000184847
1190    0.288695    0.619314    -0.82316  0.000124568
1200    0.285894    0.617816   -0.970161  0.000199519
1210    0.284704    0.617179   0.0884093  0.000102237
1220     0.28385    0.616721   -0.779052   7.613e-06
1230    0.284552    0.617097   -0.735418   0.0001379
1240    0.281092    0.615245    -1.32284  0.000197782
1250    0.280596     0.61498   -0.176826  0.000103268
1260    0.279026     0.61414    0.044158  0.000103436
1270    0.278528    0.613873   -0.265213  9.29773e-05
1280    0.277167    0.613145   -0.647461  0.000190119
1290    0.274725    0.611838   -0.132703  0.000318436
1300    0.270798    0.609736    -0.73559  0.000235771
1310     0.27001    0.609314   -0.397235  6.19218e-05
1320    0.269559    0.609073   -0.382656  0.00017654
1330    0.266479    0.607425   -0.677077  0.000121003
1340    0.267139    0.607778   0.0284461  2.69234e-05
1350    0.265941    0.607137    -0.58912  0.000130889
1360    0.264522    0.606377   0.0424642  0.000177786
1370    0.262385    0.605234   -0.750772  0.000134625
1380    0.261829    0.604936   -0.986146  0.000166199
1390    0.259061    0.603455   -0.354089  0.000138327
1400    0.259063    0.603455    0.468691  0.000152899
1410    0.256003    0.601818    0.101653  0.000223419
1420    0.254594    0.601064   -0.310211  6.75246e-05
1430    0.254652    0.601095   -0.516114  0.000157127
1440    0.251452    0.599382    -1.17772  0.000248233
1450    0.249688    0.598438    -1.22178  9.18537e-05
1460    0.249615    0.598399    -1.25157  0.00013781
1470    0.246932    0.596963    -1.35416  0.000199313
1480    0.245628    0.596266    -1.60427  5.17428e-05
1490    0.245897    0.596409   -0.693162  0.00018453
1500    0.241938     0.59429    -1.50128  0.000119863
1510    0.243499    0.595126    -0.73783  8.8907e-05
1520     0.24016    0.593339   -0.811165  0.00014271
1530    0.240645    0.593599   -0.708631  7.5008e-05
1540    0.238659    0.592536   -0.782066  0.000133812
1550    0.237969    0.592166    -1.69336  0.000150088
1560    0.235658    0.590929    -1.09075  0.000100979
1570    0.235949    0.591085    -0.76769  0.000120525
1580    0.233247    0.589639    -1.75228  0.000194007
1590    0.232069    0.589009    -1.35565  0.000212155
1600    0.229004    0.587368    -1.41445  0.000298829
1610    0.226093     0.58581    -1.57585  9.94705e-05
1620    0.227015    0.586304    -1.62039  2.46905e-05
1630    0.225599    0.585546   -0.973262  0.000196235
1640     0.22309    0.584203    -1.20865  9.70259e-05
1650    0.223658    0.584507    -1.62064  5.08457e-05
1660    0.222073    0.583659    -2.12059  0.000131339
1670    0.221032    0.583102    -2.19412  0.000126851
1680    0.219536    0.582301    -2.06182  7.70688e-05
1690     0.21949    0.582277    -2.29759  0.000150032
1700    0.216535    0.580695    -2.53249  0.000142197
1710    0.216646    0.580755    -2.22428  9.89586e-05
1720    0.214556    0.579636    -2.20913  0.000219071
1730    0.212265     0.57841    -1.78251  0.000149815
1740     0.21156    0.578032    -2.38607  4.93929e-05
1750    0.211277    0.577881    -1.88651  0.000109795
1760    0.209364    0.576857    -1.95956  0.000202906
1770    0.207219    0.575709    -2.15071  0.000121745
1780    0.206929    0.575554    -2.04806  0.000149943
1790     0.20422    0.574104    -1.13674  0.000259777
1800    0.201734    0.572773    -1.18076  0.000178543
1810    0.200649    0.572193    -1.19557  0.000151169
1820     0.19871    0.571155    -1.34274  0.000138345
1830    0.197882    0.570712    -1.62209  5.98721e-05
1840    0.197513    0.570514    -1.82847  4.85294e-05
1850    0.196912    0.570193    -1.69592  0.000104689
1860    0.195419    0.569394    -1.99014  0.000152712
1870    0.193857    0.568558    -1.16694  0.000161286
1880    0.192193    0.567667   -0.828873  1.61931e-05
1890    0.193534    0.568385    -1.59366  -4.64916e-05
1900    0.193123    0.568165    -1.71142  0.000258306
1910    0.188367     0.56562    -2.19595  0.000265335
1920    0.187816    0.565325    -0.88733  4.68485e-05
1930    0.187431    0.565118    -2.35742  0.000111871
1940    0.185579    0.564128    -1.41712  0.000192047
1950     0.18359    0.563063   -0.975932  3.07217e-05
1960    0.184965    0.563799    -1.96131  6.77302e-05
1970    0.182235    0.562338    -1.84368  0.00020809
1980    0.180803    0.561571    -2.09322  0.000140081
1990    0.179433    0.560838    -1.94646  5.32687e-05
2000    0.179737    0.561001    -1.88803  0.000157572
2010    0.176282    0.559152     -1.5644  0.000112306
2020    0.177491    0.559799    -1.96186  1.02296e-05
2030    0.176077    0.559042    -2.27084  0.000141563
2040     0.17466    0.558284    -1.97691  7.44455e-05
2050    0.174588    0.558245    -2.13876  0.000160858
2060    0.171443    0.556562    -1.46273  0.000171199
2070    0.171164    0.556413    -2.16843  0.000246307
2080    0.166517    0.553926    -2.10923  0.000306001
2090    0.165044    0.553138    -2.25629  8.45917e-05
2100    0.164825     0.55302    -2.28596  0.00015799
2110    0.161885    0.551446     -2.3157  0.000202487
2120    0.160775    0.550853    -2.03614  0.000131512
2130    0.159254    0.550039    -2.09554  0.000143735
2140      0.1579    0.549314    -1.88986  9.97096e-05
2150     0.15726    0.548972    -1.91939  3.16069e-05
2160    0.157268    0.548976    -2.03706  8.82559e-05
2170    0.155495    0.548027    -1.53714  0.000182697
2180    0.153614     0.54702    -2.12522  8.69691e-05
2190    0.153756    0.547096    -2.00789  6.49735e-05
2200    0.152315    0.546325    -2.16948  0.000185571
2210    0.150044     0.54511    -1.89009  0.000120486
2220    0.149905    0.545035     -1.9935  8.46691e-05
2230    0.148351    0.544203    -1.84622  0.000148735
2240     0.14693    0.543443    -1.43465  0.00014912
2250    0.145368    0.542607    -2.25796  0.000225776
2260    0.142415    0.541026    -2.39019  0.000160351
2270    0.142161    0.540891     -1.8023  8.79437e-05
2280    0.140656    0.540085    -2.94884  5.67935e-05
2290    0.141026    0.540283    -2.58185  2.56822e-05
2300    0.140142     0.53981     -2.5671  0.000112874
2310    0.138768    0.539075    -2.34634  5.90205e-05
2320    0.138962    0.539178    -2.94945  0.000102989
2330    0.136708    0.537972    -3.03727  0.000187163
2340    0.135219    0.537175    -3.58146  0.000185944
2350    0.132989    0.535982    -2.84647  0.000203919
2360     0.13114    0.534992    -2.87608  0.000109516
2370    0.130799     0.53481    -3.14077  -8.01586e-05
2380    0.132744     0.53585    -2.96503  0.000101341
2390    0.128772    0.533725    -2.68539  0.000254704
2400    0.127649    0.533124     -3.4205  0.000144269
2410    0.125887    0.532181    -3.56763  0.000118108
2420    0.125287     0.53186    -3.80273  0.000127308
2430    0.123341    0.530818    -3.86135  0.000212667
2440    0.121034    0.529584    -4.08223  0.000106676
2450    0.121207    0.529676    -3.72957  5.37753e-05
2460    0.119958    0.529008    -3.93516  0.000126823
2470    0.118671    0.528319    -3.72934  0.000102194
2480    0.117915    0.527914    -4.15597  0.000191797
2490    0.114835    0.526266    -4.00901  0.00012062
2500    0.115502    0.526623     -3.8476  8.7142e-05
2510    0.113092    0.525333    -3.34728  2.62387e-05
2520    0.114977    0.526342    -3.50959  7.32705e-05
2530    0.111627    0.524549    -3.17168  0.000159404
2540    0.111789    0.524636    -3.61291  0.000102483
2550    0.109577    0.523452    -3.33368  0.000171087
2560    0.108368    0.522805    -4.08333  0.00010123
2570    0.107552    0.522368     -3.2452  8.34387e-05
2580    0.106699    0.521911     -3.9364  4.56508e-05
2590    0.106639     0.52188    -3.65701  7.78474e-06
2600    0.106543    0.521828    -3.05434  -2.48633e-05
2610    0.107137    0.522146    -2.79035  -2.30815e-05
2620    0.107005    0.522075    -2.96678  0.000180609
2630    0.103524    0.520213     -2.6873  0.000204559
2640    0.102914    0.519886    -3.27529  5.56909e-05
2650    0.102411    0.519616    -3.43736  0.000158185
2660   0.0997498    0.518192    -3.84878  0.000204231
2670    0.098326     0.51743    -2.93708  0.000140738
2680   0.0969351    0.516686    -3.71654  9.70427e-05
2690   0.0963851    0.516392    -3.37852  8.82167e-05
2700   0.0951707    0.515742    -2.84922  0.000128917
2710   0.0938068    0.515012    -2.90812  0.00013659
2720   0.0924389     0.51428    -3.27607  0.000208925
2730   0.0896283    0.512775    -2.83443  9.48764e-05
2740   0.0905414    0.513264     -2.8789  3.43408e-05
2750   0.0889414    0.512408    -3.43724  9.90864e-05
2760   0.0885597    0.512204     -3.3494  2.52534e-05
2770   0.0884364    0.512138     -3.9379  8.47638e-05
2780   0.0868644    0.511296    -3.61409  0.000118381
2790   0.0860688     0.51087    -3.61434  0.000128121
2800    0.084302    0.509925    -2.89395  9.85406e-05
2810   0.0840979    0.509816    -3.37928  2.04757e-05
2820   0.0838925    0.509706    -3.61482  0.000142114
2830   0.0812557    0.508294     -3.3642  5.6164e-05
2840   0.0827692    0.509104    -3.65886  -3.39709e-06
2850   0.0813236    0.508331    -3.46762  7.15163e-05
2860   0.0813389    0.508339    -3.79146  1.16326e-05
2870   0.0810909    0.508206     -3.7325  0.00012087
2880   0.0789215    0.507045    -3.98216  0.000100339
2890   0.0790842    0.507132    -3.85023  0.00014614
2900   0.0759986    0.505481    -3.86452  9.52497e-05
2910   0.0771792    0.506113    -3.48266  4.8615e-06
2920   0.0759014    0.505429    -3.77682  8.81609e-05
2930    0.075416    0.505169      -3.483  0.000101815
2940   0.0738651    0.504339    -3.86493  0.000153379
2950   0.0723484    0.503527    -3.76217  0.000117596
2960   0.0715132     0.50308    -3.60083  0.000144681
2970   0.0694547    0.501979    -2.92451  7.43564e-05
2980   0.0700261    0.502284    -3.04251  -2.09101e-05
2990   0.0698729    0.502203    -2.98374  0.000170558
3000   0.0666149    0.500459    -3.90949  0.00013247
3010   0.0672235    0.500785    -3.96883  2.55037e-05
3020   0.0661048    0.500186    -3.70434  8.12668e-05
3030   0.0655982    0.499915    -2.73435  0.000118156
3040   0.0637417    0.498921    -3.45495  0.000245761
3050    0.060683    0.497284    -2.71925  0.000171017
3060   0.0603214    0.497091    -2.64596  -6.8295e-05
3070   0.0620489    0.498015    -2.49939  -7.80122e-05
3080   0.0618816    0.497926    -3.14626  5.36108e-05
3090   0.0609767    0.497441    -2.80823  6.73095e-05
3100   0.0605354    0.497205    -3.67556  0.000143442
3110   0.0581078    0.495906    -2.80813  0.000137888
3120   0.0577777    0.495729    -3.30837  3.10862e-05
3130   0.0574861    0.495573    -3.14671  0.000107408
3140   0.0556295     0.49458    -2.64685  0.000103672
3150   0.0554127    0.494463    -3.47013  8.25089e-05
3160   0.0539793    0.493696    -2.79388  0.000147488
3170   0.0524629    0.492885     -2.7496  8.10498e-05
3180   0.0523583    0.492829    -2.57362  0.000148348
3190    0.049496    0.491297    -3.11681  0.000164397
3200   0.0490704    0.491069    -3.16108  1.29858e-05
3210   0.0492362    0.491158    -2.94078  9.80867e-05
3220   0.0471087    0.490019    -3.01423  0.000159602
3230   0.0460442     0.48945    -2.27899  5.50142e-05
3240   0.0460084     0.48943    -2.61782  6.12203e-05
3250   0.0448198    0.488794    -2.54407  0.000109073
3260   0.0438269    0.488263    -2.63237  0.000137311
3270   0.0420736    0.487324    -2.97041  0.00011372
3280   0.0415525    0.487046    -2.42661  9.61544e-05
3290   0.0401505    0.486295    -1.98571  -4.57536e-05
3300   0.0424676    0.487535    -2.94143  -9.37181e-05
3310   0.0420248    0.487298    -2.72112  0.000184853
3320   0.0387705    0.485557    -3.19094  0.000163094
3330    0.038763    0.485553    -2.77946  -5.1637e-05
3340   0.0398033    0.486109    -2.91217  6.72648e-05
3350   0.0374177    0.484833    -2.58871  0.000170219
3360   0.0363989    0.484287     -2.5743  9.1939e-05
3370   0.0355789    0.483849    -3.39733  8.81914e-05
3380   0.0346351    0.483343    -2.91242  0.000159455
3390   0.0323898    0.482142    -3.20626  6.63767e-05
3400   0.0333075    0.482633    -3.16234  9.53192e-05
3410   0.0304834    0.481122    -3.27976  0.000144236
3420   0.0304228    0.481089     -3.3681  -3.88488e-05
3430   0.0312604    0.481537     -3.1039  -3.07133e-05
3440   0.0310371    0.481418    -2.47207  0.000122677
3450   0.0288068    0.480224    -3.13305  0.000194653
3460    0.027144    0.479334    -3.05948  7.21012e-05
3470   0.0273648    0.479452    -2.79512  3.33777e-05
3480   0.0264765    0.478977    -3.29488  6.22115e-05
3490   0.0261206    0.478787    -3.23634  -1.18163e-05
3500   0.0267128    0.479104    -2.95713  7.29254e-05
3510   0.0246621    0.478006    -3.45675  0.00011022
3520   0.0245084    0.477924    -3.69239  6.30328e-05
3530   0.0234014    0.477331    -3.05981  8.80299e-05
3540   0.0227478    0.476981    -3.08915  9.25181e-05
3550   0.0215511    0.476341     -3.4274  6.57252e-05
3560   0.0214333    0.476278    -3.10384  0.000105629
3570   0.0194385     0.47521     -3.4127  3.68469e-05
3580   0.0206963    0.475884    -2.75154  -9.03965e-05
3590   0.0212464    0.476178    -3.07535  5.59664e-05
3600    0.019577    0.475284    -2.88353  0.000137812
3610   0.0184902    0.474703    -3.03095  0.000182425
3620   0.0159285    0.473332      -3.354  0.000176558
3630    0.014959    0.472813    -3.72148   8.448e-05
3640   0.0142389    0.472428     -3.7513  3.19717e-05
3650   0.0143196    0.472471    -3.31032  7.86553e-05
3660   0.0126658    0.471586    -3.13387  8.29876e-05
3670   0.0126598    0.471582    -3.79569  6.21753e-05
3680   0.0114223     0.47092    -3.31072  9.20559e-05
3690   0.0108187    0.470597    -3.11955   0.0001158
3700  0.00910631    0.469681    -3.47269  4.78086e-05
3710  0.00986252    0.470085    -3.38473  3.96395e-05
3720  0.00831352    0.469256    -3.94318  0.000110204
3730  0.00765844    0.468906    -4.13423  6.55999e-05
3740  0.00700152    0.468554    -3.85506  0.000123749
3750  0.00518346    0.467581    -3.31086  8.10749e-05
3760  0.00538002    0.467686    -3.22309  0.000113787
3770  0.00290771    0.466363       -2.87  0.000129039
3780  0.00279924    0.466305    -3.12037  0.000123156
3790  0.000444591    0.465045    -3.37008  0.000114728
3800  0.000504675    0.465077    -4.01732  6.1134e-05
3810  -0.000778089    0.464391    -3.88459  4.16831e-05
3820  -0.000328988    0.464631    -3.41465  0.000102828
3830  -0.00283465     0.46329    -3.32616  0.000194355
3840  -0.00421609    0.462551    -3.57597  0.000134006
3850  -0.00551478    0.461856    -3.66449  5.14587e-05
3860  -0.00524527       0.462    -3.22335  0.000106448
3870  -0.00764374    0.460716    -3.67875  9.78278e-05
3880  -0.00720182    0.460953    -3.78206  6.76492e-05
3890  -0.00899672    0.459992    -3.38496  2.15028e-05
3900  -0.00763188    0.460722     -3.3266  -3.54269e-05
3910  -0.00828818    0.460371     -3.2676  8.33913e-05
3920  -0.0092997     0.45983    -3.94406  0.000105774
3930  -0.0104037    0.459239    -3.54734  -1.16928e-07
3940  -0.00929737    0.459831    -3.04755  1.99632e-05
3950  -0.0108029    0.459025    -2.97386  0.000170834
3960   -0.012714    0.458003     -2.6798  0.000142468
3970  -0.0136523      0.4575    -3.12105  2.9374e-05
3980  -0.0133015    0.457688    -2.71015  3.62956e-05
3990  -0.0143782    0.457112    -2.50381  6.31247e-05
4000   -0.014564    0.457012     -2.1661  0.000110415
4010  -0.0165865     0.45593    -2.40115  0.000171199
4020   -0.017988     0.45518    -2.97456  0.000187553
4030  -0.0203376    0.453922    -3.34176   5.081e-05
4040  -0.0190042    0.454636    -3.20994  1.52326e-05
4050  -0.0206422    0.453759    -3.51876  0.00016406
4060  -0.0222854     0.45288    -3.00413  0.00010128
4070  -0.0226678    0.452675    -2.43089  8.58638e-05
4080  -0.0240027    0.451961    -3.04863  0.000181403
4090  -0.0262959    0.450734    -2.90131  0.000159229
4100  -0.0271872    0.450257    -2.78387  0.000182617
4110  -0.0299482    0.448779    -2.82756  3.02427e-05
4120  -0.0277921    0.449933    -3.06341  -7.20233e-05
4130  -0.0285078     0.44955    -3.15142  0.000165516
4140  -0.0311024    0.448161      -3.328  0.000193422
4150  -0.0323762    0.447479     -3.2982  0.000120712
4160  -0.0335166    0.446869    -3.04856  0.000176355
4170  -0.0359033    0.445592    -2.85761  6.85345e-05
4180  -0.0348873    0.446136    -3.06358  -1.97627e-07
4190  -0.0358994    0.445594    -2.74035  0.000136081
4200  -0.0376089    0.444679     -2.5933  0.000157322
4210  -0.0390458     0.44391    -2.07878  0.000102221
4220  -0.0396534    0.443585    -2.75523  0.000142175
4230  -0.0418893    0.442388    -2.37282  -4.14548e-05
4240  -0.0388243    0.444029    -2.77002  -1.78136e-05
4250   -0.041533    0.442579    -2.78457  0.000299408
4260  -0.0448124    0.440824    -3.12254  0.000122507
4270  -0.0439832    0.441268    -2.37327  -3.61536e-05
4280  -0.0440894    0.441211    -2.59379  8.57832e-05
4290  -0.0456988    0.440349    -2.60872  0.000234192
4300  -0.0487732    0.438704    -2.49071  0.000164174
4310  -0.0489823    0.438592    -2.21183  2.0971e-05
4320  -0.0491926    0.438479    -2.22665  2.34324e-05
4330   -0.049451    0.438341    -2.59435  0.000198821
4340  -0.0531691    0.436351     -2.6676  0.000225313
4350  -0.0539572    0.435929    -2.72653  0.000117008
4360  -0.0555092    0.435099     -2.6532  0.000193615
4370  -0.0578295    0.433857    -3.21156  0.000194233
4380  -0.0593939     0.43302    -2.53529  6.34728e-05
4390   -0.059099    0.433178    -2.69712  0.000209972
4400  -0.0635933    0.430772    -2.19738  0.00011433
4410  -0.0613856    0.431954    -2.24181  -6.25316e-05
4420  -0.0623427    0.431442    -2.15375  0.000177741
4430  -0.0649404    0.430051    -2.27139  0.00026507
4440  -0.0676441    0.428604    -2.56518  0.00020804
4450  -0.0691012    0.427825    -2.13894  0.000109647
4460   -0.069837    0.427431    -2.12441  8.82834e-05
4470  -0.0708669     0.42688    -1.91857  6.91276e-05
4480  -0.0712196    0.426691    -1.96318  0.000137568
4490  -0.0736182    0.425407    -1.74214  0.000193985
4500  -0.0750993    0.424614    -1.77186  0.000104401
4510  -0.0757062     0.42429    -2.44805  8.28318e-05
4520  -0.0767559    0.423728    -1.61008  0.000119868
4530  -0.0781036    0.423007    -1.90403  6.37818e-05
4540  -0.0780315    0.423045    -1.86036  -2.3026e-06
4550  -0.0780575    0.423031     -1.7573  4.45258e-05
4560  -0.0789221    0.422568    -1.88982  0.000143429
4570  -0.0809261    0.421496    -2.11023  0.000101784
4580  -0.0809577    0.421479    -2.09551  8.12151e-06
4590  -0.0810886    0.421409    -2.34589  0.000104989
4600  -0.0830575    0.420355     -1.8753  0.000162459
4610  -0.0843377     0.41967    -1.66971  0.00014817
4620  -0.0860209    0.418769    -2.28709  0.000156186
4630  -0.0874614    0.417998    -1.94894  0.000221872
4640  -0.0904584    0.416394    -2.52207  0.000167362
4650  -0.0908087    0.416207    -2.22835  0.000148117
4660  -0.0934207    0.414809     -2.2574  0.000236559
4670  -0.0955399    0.413675    -2.00734  0.000177004
4680  -0.0969608    0.412914    -1.96367  8.93414e-05
4690  -0.0973267    0.412718    -2.31652  8.97784e-05
4700  -0.0987564    0.411953    -2.06668  0.000143236
4710   -0.100191    0.411185    -1.91962  0.000123468
4720   -0.101226    0.410632    -1.75813  9.85239e-05
4730   -0.102162    0.410131    -2.00777  -8.17739e-06
4740   -0.101062    0.410719    -1.93466  3.03149e-05
4750   -0.102768    0.409806    -2.39052  0.000150447
4760   -0.104071    0.409109    -2.39034  0.000133107
4770    -0.10543    0.408381    -1.87589  4.88222e-05
4780   -0.105048    0.408586    -2.43464  5.69019e-05
4790   -0.106568    0.407772    -2.28779  0.00011627
4800   -0.107373    0.407342    -2.56703  6.25066e-05
4810   -0.107818    0.407103    -2.43514  9.3849e-05
4820    -0.10925    0.406337    -2.17035  0.000125255
4830   -0.110324    0.405763    -2.94895  8.93917e-05
4840   -0.111038     0.40538    -2.92015  4.55007e-05
4850   -0.111234    0.405276     -2.3615  7.96352e-05
4860    -0.11263    0.404528    -2.28795  0.00013473
4870   -0.113928    0.403833    -2.46435  -5.85694e-05
4880   -0.111459    0.405155    -2.36165  -3.2939e-06
4890   -0.113862    0.403869    -2.39075  0.000198685
4900   -0.115433    0.403028    -2.03798  9.15129e-05
4910   -0.115693    0.402889     -1.8176  0.000150091
4920   -0.118435    0.401422    -2.08215  0.000116048
4930   -0.118014    0.401647    -2.18533  3.46638e-05
4940   -0.119128    0.401051    -1.90606  6.91611e-05
4950   -0.119397    0.400907    -2.11218  8.3223e-06
4960   -0.119294    0.400962    -2.15635  7.76947e-05
4970   -0.120951    0.400075    -1.95056  0.000120592
4980   -0.121706    0.399671    -1.83293  5.96195e-05
4990   -0.122143    0.399437     -1.9212  -1.35265e-06
