Time   Number   
ps   
0          63          87
10          66          92
20          72          88
30          72          90
40          71          95
50          66          94
60          68          80
70          66          94
80          68          94
90          72         102
100          69          97
110          61          89
120          66          86
130          64          94
140          62          82
150          70         100
160          70          92
170          69          93
180          64          86
190          69          93
200          70          90
210          68          92
220          69          97
230          67          91
240          67          85
250          65          89
260          69          91
270          61          87
280          64          84
290          60          84
300          66          86
310          67          85
320          63          93
330          68          96
340          68          86
350          69          99
360          63          85
370          60          86
380          62          82
390          69          83
400          70          86
410          74          96
420          72          94
430          74          90
440          68         100
450          70          96
460          69          97
470          67          95
480          77          97
490          74         104
500          73          97
510          80          94
520          76          96
530          68         102
540          77          99
550          70          90
560          73          89
570          70         100
580          71          89
590          73          95
600          72          92
610          70          90
620          72          90
630          71          91
640          74          94
650          73          95
660          69         101
670          67         101
680          75          89
690          72          88
700          71          93
710          74          86
720          72          90
730          73          95
740          72          86
750          72          90
760          72          90
770          69          95
780          67          91
790          67         101
800          72          96
810          70          92
820          74         100
830          75          99
840          75          95
850          69          83
860          72          90
870          70          82
880          68          92
890          74          88
900          76          90
910          68          94
920          72         100
930          69          93
940          68          90
950          70          82
960          69          91
970          69          89
980          73          77
990          72          94
1000          78          96
1010          72          96
1020          69          91
1030          74          90
1040          72          88
1050          69          93
1060          71          97
1070          70          92
1080          72          90
1090          67          95
1100          72          92
1110          70          92
1120          72          90
1130          74          90
1140          76          96
1150          71          99
1160          74          90
1170          72          98
1180          69          95
1190          68          88
1200          76          88
1210          69          85
1220          71          93
1230          68          90
1240          69          89
1250          69          85
1260          74          90
1270          75          85
1280          75          93
1290          72          80
1300          70          78
1310          72          84
1320          70          94
1330          76          92
1340          68          82
1350          69          87
1360          68          88
1370          73          95
1380          73          99
1390          73          95
1400          76         104
1410          84         104
1420          75          93
1430          77          91
1440          73          95
1450          72          90
1460          70         100
1470          75          89
1480          72          88
1490          71          99
1500          72          98
1510          75          95
1520          69          89
1530          66          98
1540          69          81
1550          72          88
1560          72          92
1570          81          89
1580          77          87
1590          67          89
1600          73          85
1610          72          84
1620          71          91
1630          72          90
1640          73          87
1650          70          88
1660          65          87
1670          72          88
1680          70          86
1690          69          89
1700          71          91
1710          71          93
1720          70          92
1730          68          88
1740          74          86
1750          76          94
1760          74          88
1770          79          93
1780          76          96
1790          76          86
1800          75          89
1810          73          85
1820          73          79
1830          67          87
1840          70          92
1850          76          90
1860          75          89
1870          69          91
1880          77         105
1890          63          91
1900          71          85
1910          67          87
1920          69         103
1930          72          94
1940          73         101
1950          79          97
1960          72          98
1970          77          95
1980          78          92
1990          74          92
2000          75          93
2010          73         101
2020          71          97
2030          71          93
2040          76          98
2050          80         104
2060          81          93
2070          79          89
2080          78          88
2090          75          97
2100          78          86
2110          76          86
2120          75          87
2130          77          93
2140          71          99
2150          65          85
2160          73          83
2170          77          95
2180          73          95
2190          76          88
2200          71          83
2210          76         102
2220          77          93
2230          77          85
2240          67          99
2250          75          95
2260          71          93
2270          73          91
2280          77          91
2290          67          85
2300          65          91
2310          74          92
2320          74          92
2330          70          84
2340          78          94
2350          69         107
2360          68          90
2370          65          85
2380          67          87
2390          67          87
2400          73          97
2410          72          94
2420          70          84
2430          73          95
2440          70          94
2450          70          94
2460          61          81
2470          75          91
2480          69          91
2490          70          88
2500          71          91
2510          70          88
2520          72          88
2530          69          85
2540          69          89
2550          63         101
2560          61          97
2570          71          91
2580          73         103
2590          72         100
2600          74          88
2610          66          92
2620          74          90
2630          70          82
2640          77          93
2650          80          90
2660          75          95
2670          78          90
2680          74          88
2690          76          94
2700          72          94
2710          71          87
2720          70          90
2730          70          84
2740          80          90
2750          72          94
2760          73          89
2770          75          95
2780          71          77
2790          73          85
2800          69          91
2810          76          90
2820          71          87
2830          75          93
2840          69          91
2850          75          89
2860          67          91
2870          74          90
2880          69          91
2890          69          91
2900          68          88
2910          70          88
2920          75          91
2930          71          85
2940          72          92
2950          71          95
2960          74          98
2970          80         100
2980          77          99
2990          76         102
3000          75         103
3010          71          93
3020          71         101
3030          75          93
3040          71         103
3050          69          89
3060          69          91
3070          75          95
3080          73         101
3090          75          87
3100          69          97
3110          71          89
3120          74          90
3130          71          99
3140          73          99
3150          74          94
3160          67          97
3170          64          90
3180          74          92
3190          69          87
3200          72          96
3210          65          93
3220          73          97
3230          77          97
3240          71          89
3250          75          97
3260          73          97
3270          77          87
3280          69          93
3290          72          90
3300          71          85
3310          67          93
3320          68         100
3330          72          98
3340          70          90
3350          73         105
3360          75          91
3370          70          96
3380          75          91
3390          70          96
3400          77          91
3410          72          88
3420          65          87
3430          70          92
3440          70          92
3450          72          92
3460          70          90
3470          73          89
3480          72          84
3490          65          89
3500          71          91
3510          74          90
3520          71          85
3530          67          83
3540          75          85
3550          72          88
3560          73          89
3570          77          95
3580          67          97
3590          68          86
3600          71          81
3610          72          88
3620          71          97
3630          71         103
3640          71         105
3650          69          91
3660          73          91
3670          66          86
3680          72         100
3690          75          99
3700          75          93
3710          73          95
3720          75          99
3730          69          95
3740          75          97
3750          77          95
3760          75          91
3770          74          84
3780          65          89
3790          73          89
3800          71          81
3810          74          96
3820          75          91
3830          75          97
3840          70          86
3850          69          91
3860          70          90
3870          72          92
3880          67          89
3890          69         101
3900          78          94
3910          72          94
3920          72          94
3930          75          95
3940          65          85
3950          72          96
3960          73         101
3970          75          89
3980          71          95
3990          75          93
4000          72          96
4010          68          90
4020          79          89
4030          70          88
4040          76          90
4050          65         101
4060          68          90
4070          72          94
4080          72          94
4090          70          96
4100          69          87
4110          68          94
4120          76          96
4130          74          98
4140          73          93
4150          72          88
4160          64          88
4170          68          92
4180          65          87
4190          69          89
4200          67          91
4210          64          98
4220          70          90
4230          69          95
4240          69          97
4250          65          89
4260          66          90
4270          60          92
4280          69          93
4290          71          97
4300          66          82
4310          68          86
4320          75          97
4330          69          87
4340          72          82
4350          73          87
4360          75          87
4370          72          96
4380          64          86
4390          72          88
4400          75          83
4410          72          86
4420          75          83
4430          74          86
4440          71          97
4450          67          83
4460          69          99
4470          73          85
4480          66          88
4490          71          87
4500          67          85
4510          70          88
4520          69          87
4530          74          96
4540          76          90
4550          74          86
4560          71          85
4570          72          98
4580          70          92
4590          74          96
4600          74         100
4610          75         103
4620          75          93
4630          72          94
4640          76          86
4650          74          96
4660          69          93
4670          74          94
4680          64          84
4690          68          96
4700          64          74
4710          70          90
4720          69          91
4730          73          91
4740          66          86
4750          70          90
4760          72          86
4770          72          92
4780          74          96
4790          73          93
4800          70          92
4810          72          88
4820          72          92
4830          69          85
4840          70          88
4850          74          92
4860          71          89
4870          65          83
4880          66          88
4890          69          93
4900          70          82
4910          71          81
4920          68          88
4930          68          88
4940          65          89
4950          69          89
4960          67          89
4970          70          86
4980          71          87
4990          65          89
5000          69          93
5010          72          94
5020          73          89
5030          73          85
5040          73          91
5050          72          88
5060          65          85
5070          69          91
5080          71          95
5090          66          92
5100          70          90
5110          68          94
5120          74          90
5130          71          81
5140          70          88
5150          69          87
5160          74          90
5170          75          91
5180          65          91
5190          69          97
5200          64          84
5210          69          87
5220          67          89
5230          62          84
5240          63          87
5250          74          90
5260          71          93
5270          65          93
5280          68          90
5290          71          87
5300          69          81
5310          69          87
5320          70          88
5330          72          86
5340          71          89
5350          67          83
5360          67          91
5370          72          86
5380          72          90
5390          72          96
5400          69          91
5410          67          93
5420          65          85
5430          65          95
5440          66          88
5450          74          82
5460          70          80
5470          73          87
5480          72          88
5490          70          88
5500          75          91
5510          69          89
5520          70          86
5530          68          78
5540          70          92
5550          71          91
5560          75          81
5570          76          90
5580          76          92
5590          69          89
5600          77          95
5610          71          91
5620          71          89
5630          75          95
5640          72          86
5650          67          75
5660          66          86
5670          67          83
5680          71          87
5690          66          96
5700          71          87
5710          68          84
5720          72          88
5730          66          86
5740          68          86
5750          75          81
5760          73          81
5770          74          90
5780          69          83
5790          69          85
5800          72          92
5810          64          88
5820          71          91
5830          68          90
5840          66          80
5850          71          81
5860          64          80
5870          66          90
5880          65          77
5890          66          78
5900          69          83
5910          69          85
5920          66          82
5930          71          85
5940          65          85
5950          66          82
5960          63          77
5970          62          80
5980          67          85
5990          69          85
6000          66          86
6010          69          89
6020          72          88
6030          63          75
6040          63          79
6050          63          77
6060          63          75
6070          69          73
6080          64          80
6090          61          79
6100          66          86
6110          69          75
6120          64          82
6130          63          77
6140          62          76
6150          59          77
6160          60          86
6170          69          87
6180          62          86
6190          68          94
6200          66          84
6210          70          92
6220          69          79
6230          67          81
6240          62          84
6250          65          81
6260          65          85
6270          67          75
6280          67          85
6290          69          89
6300          67          89
6310          67          85
6320          65          89
6330          64          88
6340          65          83
6350          72          84
6360          68          78
6370          70          92
6380          73          89
6390          74          92
6400          69          81
6410          75          89
6420          70          86
6430          75          85
6440          65          83
6450          65          83
6460          71          89
6470          72          86
6480          69          81
6490          70          78
6500          68          88
6510          71          79
6520          63          91
6530          70          84
6540          68          82
6550          68          94
6560          68          86
6570          70          92
6580          70          94
6590          76          88
6600          74          98
6610          69          83
6620          68          90
6630          72          94
6640          71          89
6650          74          88
6660          72          86
6670          72          90
6680          73          85
6690          71          87
6700          73          91
6710          67          97
6720          75          99
6730          73          95
6740          68          90
6750          71          89
6760          73          99
6770          70          90
6780          68          84
6790          73          91
6800          65          83
6810          70          84
6820          65          79
6830          70          82
6840          65          77
6850          69          87
6860          62          94
6870          70          90
6880          66          82
6890          72          84
6900          70          86
6910          69          77
6920          68          92
6930          65          93
6940          69          85
6950          66          94
6960          68          90
6970          65          93
6980          74          88
6990          70          82
7000          70         102
7010          67          87
7020          66          86
7030          70          90
7040          69          99
7050          64          94
7060          71          91
7070          61          85
7080          69          93
7090          67          93
7100          67          89
7110          71          97
7120          67          97
7130          66          88
7140          69          93
7150          69          89
7160          68          92
7170          69          89
7180          68          92
7190          71          87
7200          69          85
7210          70          94
7220          65          93
7230          62          88
7240          64          86
7250          61          93
7260          66          86
7270          71          95
7280          71          89
7290          71          95
7300          73          95
7310          66          88
7320          69          81
7330          75          91
7340          72          98
7350          77          95
7360          77          93
7370          75          83
7380          74         100
7390          75          91
7400          73          91
7410          74          88
7420          70          84
7430          71          97
7440          74          92
7450          71          85
7460          70         102
7470          73          95
7480          74          90
7490          72          96
7500          76          98
7510          73          89
7520          75         101
7530          72          90
7540          62          94
7550          70          92
7560          72          98
7570          73          91
7580          67          99
7590          65          85
7600          65          89
7610          68         102
7620          67          91
7630          67          81
7640          66          98
7650          65          93
7660          74          94
7670          71          95
7680          70         102
7690          71         103
7700          66          86
7710          61          85
7720          69          91
7730          72          86
7740          68          96
7750          67          85
7760          68         100
7770          65          91
7780          70          90
7790          70          96
7800          65          99
7810          67          93
7820          66          96
7830          62          96
7840          64          92
7850          68          92
7860          64          84
7870          66          80
7880          68          96
7890          72          86
7900          67          91
7910          70          96
7920          73          91
7930          67          97
7940          62         100
7950          70          98
7960          61          95
7970          67          95
7980          69          93
7990          68          86
8000          69          91
8010          70         100
8020          64          82
8030          64          92
8040          65          79
8050          69          85
8060          69          91
8070          68         100
8080          65         101
8090          70          94
8100          63          87
8110          64          90
8120          69          91
8130          59          95
8140          63          89
8150          65          87
8160          61          85
8170          62          92
8180          62          88
8190          63          85
8200          64          94
8210          65          95
8220          66          88
8230          63          95
8240          63          93
8250          71          91
8260          62          92
8270          68          92
8280          70          86
8290          65          93
8300          60          88
8310          68          88
8320          65          85
8330          67          95
8340          65          97
8350          72          90
8360          66          96
8370          72          84
8380          70          96
8390          71          85
8400          72          94
8410          67          99
8420          68          82
8430          71          89
8440          68          94
8450          68          92
8460          61          91
8470          67          87
8480          68          98
8490          68          90
8500          67          89
8510          66          88
8520          73          87
8530          68          94
8540          73          89
8550          68          86
8560          70          98
8570          72          90
8580          65          85
8590          66          88
8600          71          91
8610          68          86
8620          69          85
8630          66          84
8640          62          80
8650          61          85
8660          64          82
8670          59          73
8680          68          80
8690          70          80
8700          64          94
8710          69          89
8720          67          87
8730          66          98
8740          63          85
8750          71          83
8760          68          90
8770          71          91
8780          65          83
8790          68          90
8800          62          94
8810          70          84
8820          67          81
8830          63          81
8840          65          85
8850          58          78
8860          64          78
8870          66          90
8880          66          82
8890          61          95
8900          68          88
8910          72          90
8920          75          93
8930          71          81
8940          68          88
8950          68          82
8960          70          90
8970          73          93
8980          70          90
8990          67          83
9000          72          90
9010          70          86
9020          72          92
9030          73          93
9040          71          89
9050          72          94
9060          62          98
9070          68         100
9080          67          93
9090          67          95
9100          73          85
9110          68          98
9120          60          94
9130          69          93
9140          68          92
9150          69          93
9160          63          93
9170          68         102
9180          69          95
9190          73          97
9200          74          96
9210          71         105
9220          62          88
9230          65          87
9240          66          84
9250          71         101
9260          69          95
9270          67          95
9280          67          75
9290          65          87
9300          64          94
9310          67          95
9320          72          92
9330          65          85
9340          60          82
9350          61          91
9360          65          89
9370          66          94
9380          64          96
9390          69          89
9400          71          85
9410          67          93
9420          62          94
9430          66          84
9440          61          89
9450          67          91
9460          66          84
9470          68         100
9480          69          97
9490          69          93
9500          71          89
9510          61          91
9520          73          89
9530          72          98
9540          70          92
9550          76          90
9560          66          90
9570          67          97
9580          67          87
9590          70          94
9600          70          90
9610          66          84
9620          72          92
9630          67          89
9640          66         100
9650          66          78
9660          71          91
9670          63          87
9680          63          87
9690          66          90
9700          60          84
9710          69          87
9720          65          79
9730          66          82
9740          70          92
9750          62          78
9760          63          87
9770          65          89
9780          66          86
9790          69          95
9800          63         103
9810          62          82
9820          64          88
9830          65          91
9840          70          90
9850          61          97
9860          65          89
9870          67          91
9880          61          83
9890          64          82
9900          68          84
9910          66          94
9920          67          87
9930          58          82
9940          62          94
9950          66          92
9960          64          92
9970          72          94
9980          62          92
9990          62          78
10000          65          91
