Time   C(t)   
ps   
0           1           1  8.2019e-10   0.0165437
10    0.835339    0.881305   -0.439344  0.00899123
20    0.820175    0.870375    0.538811  0.00143879
30    0.806563    0.860562    -1.11476  0.00129587
40    0.794258    0.851692   -0.257017  0.00120674
50    0.782428    0.843165    0.601682   0.0011382
60    0.771494    0.835283   -0.256179  0.000860441
70     0.76522     0.83076    -0.31905  0.00079546
80    0.755585    0.823815    -1.42247  0.00108174
90    0.743585    0.815165   -0.195643  0.000823849
100    0.739108    0.811938    0.108295  0.000649586
110    0.730593      0.8058     -1.8528  0.000793546
120    0.723237    0.800497    -2.64881  0.000753161
130     0.71553    0.794941     -2.9552  0.000763074
140    0.707976    0.789496    -4.18227  0.000655079
150    0.702428    0.785497    -2.09794  0.000639632
160    0.695183    0.780275    -0.68873  0.000653499
170    0.689358    0.776076    -1.48588  0.000545025
180    0.684282    0.772417    0.167813  0.000664672
190    0.676065    0.766493    -2.03794  0.000513327
200    0.674016    0.765016    -2.03866  0.000561345
210    0.664838      0.7584    -1.97753  0.000714973
220    0.659716    0.754709    -1.54833  0.000389442
230    0.657049    0.752786    -1.12086  0.000381842
240     0.65208    0.749204   -0.446406  0.000659278
250    0.643863    0.743281     -1.1202  0.000877824
260    0.634523    0.736548    0.167873  0.000585169
270     0.63216    0.734845   -0.261865  0.000266442
280    0.629194    0.732707    -1.67245  0.000343913
290    0.625282    0.729887   -0.201987  0.000391659
300    0.621361     0.72706    -1.48851  0.000473875
310    0.615804    0.723055    -1.79508  0.000474742
320    0.611866    0.720216    -1.36624  0.000445759
330    0.606889    0.716629    -1.49013  0.000631416
340    0.599238    0.711113     0.22829  0.000421786
350    0.598453    0.710548    -2.22608  0.000358441
360    0.592069    0.705946    -1.24433  0.000716689
370     0.58412    0.700215    -1.42797  0.000467801
380    0.582713    0.699201    0.900233  0.000296322
390    0.578193    0.695943    0.593841  0.000435162
400     0.57401    0.692928    0.348585  0.000444764
410    0.569298    0.689531   -0.754174  0.00038065
420    0.566397     0.68744  -0.0194805  0.000316468
430    0.562969    0.684969     1.20519  0.000456056
440    0.557276    0.680865     1.02244  0.000369948
450     0.55557    0.679635     1.57278  0.000336143
460    0.550553    0.676019     1.08256  0.000419426
470    0.547181    0.673588    0.346549  0.000385514
480    0.542843    0.670461     1.02053  0.000264043
490      0.5419    0.669782    0.713058  0.000242931
500    0.537984    0.666959     2.24538  0.000435778
510    0.533185    0.663499     2.00036  0.000436643
520    0.529251    0.660664     2.98073  0.000371847
530    0.525748    0.658138     2.49027  0.000390199
540    0.521447    0.655038     1.44823  0.000496408
550     0.51582    0.650982     1.50949  0.000466612
560    0.512115    0.648311    0.835687  0.000331238
570    0.509195    0.646206     0.59031  0.000336388
580    0.505387    0.643461   -0.145281  0.000438535
590    0.500424    0.639884    0.835268  0.000457059
600    0.496246    0.636872   -0.390059  0.000365242
610    0.493119    0.634618    0.589713  0.000326259
620    0.489721    0.632168   -0.268568  0.000309214
630    0.486935     0.63016    0.588575  0.000238933
640    0.484942    0.628724    0.159555  0.000310524
650    0.480725    0.625684     1.50811  0.000439979
660    0.476143    0.622381     1.20184  0.000356349
670    0.473598    0.620546   -0.331019  0.000379498
680    0.468553    0.616909     1.69205  0.000447074
690    0.464656    0.614101    0.895804  0.000233819
700    0.463876    0.613539    0.772159  0.00021662
710    0.460324    0.610978     1.44703  0.000292982
720    0.458017    0.609315    0.649231  0.000320546
730    0.453913    0.606356    0.343438  0.000334619
740    0.451324     0.60449     1.44596  0.000227696
750    0.449359    0.603074    0.158178  0.000322551
760    0.444873     0.59984    0.465348  0.00043558
770    0.440647    0.596794   0.0363877  0.000260945
780    0.439654    0.596078    0.587379  0.000311255
790    0.434422    0.592307   -0.147795  0.000320724
800     0.43324    0.591454    0.402777  0.000271963
810    0.428983    0.588386    0.158178  0.000331189
820    0.426616     0.58668    -1.00655  0.000227875
830    0.424425    0.585101  -0.0258843  0.000219315
840     0.42223    0.583518  -0.0265427  0.000256096
850    0.419303    0.581409  -0.0880968  0.000438283
860    0.413464    0.577199    0.525585  0.000307228
870    0.413159    0.576979  -0.0275603  0.000185299
880    0.409758    0.574528   -0.211263  0.000345047
890    0.406258    0.572005    0.156562  0.000391421
900     0.40193    0.568885      1.2601  0.000332837
910    0.399601    0.567206    0.830779  0.00024225
920    0.397085    0.565392     1.01448  0.000169571
930     0.39621    0.564762    0.523071  0.000220431
940    0.392676    0.562214    0.829044  0.000427139
950    0.387667    0.558604     0.52361  0.000377513
960    0.385126    0.556772     1.01317  0.000396903
970    0.379729    0.552882    0.400443  0.000337769
980     0.37837    0.551902     1.13544  0.000292677
990    0.373875    0.548662     1.74864  0.000380801
1000    0.370754    0.546412     2.05437  0.000409421
1010    0.365687    0.542759      2.3613  0.000391735
1020     0.36292    0.540765     1.13532  0.000369596
1030    0.358295    0.537431     1.62577  0.000305463
1040     0.35681    0.536361     2.66716  0.000232103
1050    0.353653    0.534085     1.07298  0.000311451
1060    0.350581    0.531871     1.99264  0.000270325
1070    0.348247    0.530188     2.66602  0.000219783
1080    0.346186    0.528702     2.17491  0.000271545
1090    0.342816    0.526273     1.56248  0.000323389
1100    0.339718     0.52404     2.66506  0.000356816
1110    0.335679    0.521129     2.41998  0.000287442
1120    0.333969    0.519896     2.11311  0.000292908
1130    0.329821    0.516906      1.8075  0.000335599
1140    0.327257    0.515058     2.97163  0.000312984
1150    0.323561    0.512394     1.74595  0.000332415
1160    0.320609    0.510265     2.11377  0.000229792
1170    0.318966    0.509081     1.92911  0.00022096
1180     0.31619     0.50708     2.54207  0.000320348
1190    0.312559    0.504462     1.50033  0.000372928
1200    0.308731    0.501703      1.3777  0.000269857
1210    0.307162    0.500572     1.00922  0.000237522
1220    0.303981    0.498279     1.56152  0.00020009
1230     0.30316    0.497687     1.86696  0.000167508
1240     0.30063    0.495864     1.56134  0.000215252
1250    0.298855    0.494584     1.43806  0.000301267
1260    0.294605     0.49152     1.99018  0.000316086
1270    0.292533    0.490027     2.66398  0.000283605
1280    0.288933    0.487432     2.23592  0.000155494
1290    0.289423    0.487785      2.6635  0.000184713
1300    0.285239    0.484769     2.90936  0.000332952
1310    0.282764    0.482985     3.70501  0.000300348
1320    0.279232    0.480439     2.41873  0.000253095
1330    0.277702    0.479336     3.09276  0.000181882
1340    0.275594    0.477817     4.01248  0.000177479
1350    0.274153    0.476777     3.15378  0.000182746
1360    0.271939    0.475182     4.01146  0.000284122
1370     0.26847    0.472681     2.11192  0.000149858
1380    0.268942    0.473021      2.6632  0.000107057
1390    0.266329    0.471138     4.07218  0.000324351
1400    0.262455    0.468345     3.76662  0.00026703
1410    0.260988    0.467288     3.82698  0.000238764
1420     0.25768    0.464903     3.45945  0.000331251
1430    0.254363    0.462513     3.45963  0.000288366
1440    0.251912    0.460746      3.3982  0.000245403
1450    0.249455    0.458975     3.70483  0.000148765
1460    0.248937    0.458601     2.84625  0.000236819
1470    0.244719     0.45556     4.07254  0.000315119
1480    0.242635    0.454058     3.33646  0.000213544
1490    0.240448    0.452482     4.92962  0.000292176
1500    0.236791    0.449846     4.07218  0.000331907
1510     0.23381    0.447697     4.19486  0.000225029
1520    0.232291    0.446602     3.88793  5.40957e-05
1530    0.232728    0.446917      4.0711  0.000142669
1540    0.229437    0.444545     4.43934  0.000196817
1550    0.228792    0.444079      4.3166  0.000212208
1560    0.225193    0.441485     4.31636  0.00028641
1570    0.223063     0.43995      4.2551  0.000119544
1580    0.222802    0.439762     3.76393  7.55079e-05
1590    0.221553    0.438862     3.76381  0.00019423
1600    0.218918    0.436962     3.15097  0.000219359
1610    0.217166    0.435699      3.4573  0.00021994
1620    0.214519    0.433791     3.08971  0.000270008
1630    0.211766    0.431806     3.33527  0.000111742
1640    0.212284     0.43218     3.02804  0.00016689
1650    0.208428      0.4294     3.82596  0.000147125
1660    0.209341    0.430059     3.45724  8.29764e-05
1670    0.206769    0.428204     3.21252  0.000167794
1680    0.205986     0.42764     4.37629  0.000113348
1690    0.204502     0.42657     4.19307  0.000153577
1700    0.202914    0.425426     4.86699  0.000118905
1710    0.202124    0.424856     4.68239  0.000109215
1720     0.20073    0.423851      4.4985  0.000174692
1730     0.19863    0.422337     4.62137  0.000124814
1740    0.198233    0.422052      4.9274  9.50389e-05
1750    0.196729    0.420967     4.74382  0.000206038
1760    0.194113    0.419081     4.62089  0.000196372
1770    0.192802    0.418136     5.17278  0.000166628
1780     0.19078    0.416679     5.84694  0.000136662
1790    0.190068    0.416166     5.41768  0.000182629
1800    0.187128    0.414046     6.15261  0.000248823
1810    0.185092    0.412579     4.55976  0.000107396
1820     0.18498    0.412498     4.98824  0.000163677
1830    0.181818    0.410219     5.35642  0.000214767
1840    0.180684    0.409401     4.92776  5.75133e-05
1850    0.180668     0.40939     5.41702  9.34243e-05
1860    0.178816    0.408055     4.92681  0.000277356
1870    0.175121    0.405391     5.66305  0.000129668
1880    0.176222    0.406185     5.72311  3.81522e-05
1890    0.174358    0.404841      5.4169  0.000212306
1900    0.171976    0.403124     5.35589  0.000146094
1910    0.171436    0.402735     4.49725  0.000151709
1920    0.168942    0.400937     4.80442  0.000157101
1930    0.168294     0.40047     4.80412  0.000131861
1940    0.166305    0.399036     4.06829  0.000183675
1950     0.16462    0.397822     5.47798  8.60445e-05
1960    0.164584    0.397796     4.86447  9.15289e-05
1970     0.16279    0.396502     4.92621  0.000164116
1980    0.161302     0.39543     5.11015  0.000164545
1990    0.159499     0.39413     4.00685  0.000107859
2000    0.159145    0.393875     4.00721  0.000129001
2010    0.156919     0.39227     4.98776  0.000129205
2020     0.15656    0.392012     4.61928  0.000103605
2030    0.154847    0.390777     5.53875  0.000108991
2040    0.154381    0.390441     4.12906  7.28004e-05
2050    0.153391    0.389727     4.19032  0.000146143
2060    0.151458    0.388334     4.12942  0.000183092
2070    0.149729    0.387087     4.06745  0.000209782
2080    0.147262    0.385309     3.20971  0.000126295
2090    0.147203    0.385267     4.31199  0.000126766
2100    0.144727    0.383482     3.88363  0.000247944
2110    0.142244    0.381692     4.18996  0.000164288
2120    0.141441    0.381113     3.20929  0.000101511
2130    0.140214    0.380229     2.84176  0.000239049
2140     0.13666    0.377667     4.19008  0.000223655
2150    0.135741    0.377004     4.43533  9.20251e-05
2160     0.13482     0.37634     3.63837  8.16502e-05
2170    0.134108    0.375827      4.5576   0.0001615
2180     0.13159    0.374012      4.5579  0.000151181
2190    0.131084    0.373648      3.7607  8.78222e-05
2200    0.129833    0.372746     4.92513  2.93769e-05
2210    0.130497    0.373224     4.25013  7.76045e-05
2220    0.128281    0.371627     4.61826  0.000120355
2230     0.12809    0.371489     5.78251  0.000115452
2240    0.125972    0.369962     5.90526  0.000104914
2250    0.125991    0.369976     5.59863  7.31431e-05
2260    0.124509    0.368908     5.04746  0.000164525
2270    0.122701    0.367604     4.92489  0.000170299
2280    0.121103    0.366453     5.29254  4.69252e-05
2290    0.121762    0.366928     4.86226  0.00019815
2300     0.11714    0.363596     5.35361  0.000295481
2310    0.115853    0.362668     4.49533  0.000150534
2320    0.114129    0.361426     4.80196  0.000161724
2330    0.112618    0.360336     4.61802  0.000205505
2340    0.110019    0.358463     5.23092  0.000195136
2350    0.108716    0.357523     4.37282  9.79245e-05
2360    0.108061    0.357051     3.63669  0.000185259
2370     0.10501    0.354852     4.49533  0.000294559
2380     0.10217    0.352805     3.45329  0.00018079
2390    0.101395    0.352246     3.75926  9.94623e-05
2400     0.10018    0.351371     3.69765  0.000220027
2410   0.0969941    0.349074     3.45275  8.3562e-05
2420   0.0985092    0.350166     3.14534  -3.65265e-06
2430   0.0970671    0.349126     3.94225  0.000215791
2440   0.0941934    0.347055     2.71704  0.000144793
2450   0.0941712    0.347039     2.71686  6.82727e-05
2460   0.0928279    0.346071     2.90134  0.00015107
2470   0.0911498    0.344861     2.83943  5.76023e-05
2480   0.0916759     0.34524     2.71692  2.47341e-05
2490   0.0906552    0.344504     2.71704  2.47087e-05
2500   0.0911817    0.344884     4.06476  1.9322e-05
2510   0.0902687    0.344226     2.77793  0.000113629
2520   0.0889091    0.343246     2.34921  0.000180593
2530   0.0866569    0.341622     3.02319  0.000236661
2540   0.0841759    0.339834     3.20701  0.00014813
2550   0.0836943    0.339487     3.63633  5.38047e-05
2560   0.0830998    0.339058     3.75872  2.6001e-05
2570   0.0831742    0.339112     3.02319  2.61292e-05
2580   0.0825772    0.338682     2.71674  4.85603e-05
2590    0.082203    0.338412       2.962  0.000104792
2600   0.0804814    0.337171     2.83955  5.44373e-05
2610   0.0811143    0.337627      3.1454  6.03784e-05
2620   0.0792738      0.3363     2.16587  9.97931e-05
2630   0.0791184    0.336188     3.02283  0.000100173
2640   0.0772703    0.334856     4.61676  8.90482e-05
2650   0.0773375    0.334904      3.8201  6.11454e-05
2660   0.0760474    0.333975     3.51394  0.000146164
2670   0.0744142    0.332797      4.0041  5.57933e-05
2680   0.0749315     0.33317     3.26839  -6.94767e-07
2690   0.0744281    0.332807     3.94249  5.61032e-05
2700   0.0738095    0.332361     4.61634  0.000113197
2710   0.0721641    0.331175     3.88111  0.000187566
2720   0.0700582    0.329657     3.94267  -2.32249e-05
2730   0.0726286     0.33151     3.69717  -4.58397e-05
2740    0.070975    0.330318     4.12595  0.000102619
2750   0.0705762    0.330031     4.00332  1.12474e-05
2760     0.07075    0.330156     3.51299  4.57633e-05
2770    0.069661    0.329371     4.18696  0.000109055
2780   0.0685689    0.328584     4.00332  0.000143901
2790    0.066783    0.327296     3.51364  9.8129e-05
2800   0.0666063    0.327169     3.14552  -1.11878e-05
2810   0.0670067    0.327458      3.3903  0.000110237
2820   0.0644016     0.32558     3.51353  0.000174024
2830   0.0635262    0.324949     3.51346  6.44669e-05
2840   0.0631123     0.32465     3.32952  4.14614e-05
2850    0.062697    0.324351     2.90008  6.48415e-05
2860   0.0618154    0.323716     2.71686  0.000129032
2870   0.0601164    0.322491     2.90086  0.000111832
2880   0.0595788    0.322103     3.32946  1.88155e-05
2890   0.0597401     0.32222     3.26785  7.15453e-05
2900   0.0581479    0.321072     3.45209  0.000159444
2910   0.0565512    0.319921     2.22617  0.000107119
2920   0.0560055    0.319527     3.51293  2.5296e-05
2930   0.0560453    0.319556     3.63526  5.48154e-05
2940   0.0549092    0.318737     3.81902  0.000113772
2950   0.0537698    0.317916      3.1448  6.10212e-05
2960   0.0536888    0.317857     2.89966  -6.86429e-05
2970   0.0551427    0.318906     2.89925  6.7289e-05
2980    0.052343    0.316887     1.98013  0.000120465
2990   0.0527334    0.317169     2.59327  1.42884e-05
3000   0.0520572    0.316681     2.83793  0.000115221
3010    0.050429    0.315508     1.85744  5.00567e-05
3020   0.0510561     0.31596     1.97989  -3.23299e-06
3030   0.0504936    0.315554     2.16318  5.03505e-05
3040   0.0500491    0.315234      2.1024  9.82821e-05
3050    0.048528    0.314137      1.8572  9.8493e-05
3060   0.0480792    0.313814     1.55069  5.09333e-05
3070   0.0475093    0.313403     1.97983  0.000135047
3080   0.0453783    0.311867     1.85762  8.1257e-05
3090   0.0458842    0.312232     1.97971  3.95805e-05
3100   0.0445867    0.311296     1.42848  9.3786e-05
3110   0.0440085    0.310879     1.73445  -2.43522e-06
3120   0.0446354    0.311331     2.16294  2.78594e-05
3130   0.0434513    0.310478     2.04043  9.43814e-05
3140   0.0427477    0.309971      1.9175  0.000112868
3150   0.0411939    0.308851     1.48896  9.49273e-05
3160   0.0408492    0.308602     1.42782  2.84402e-05
3170   0.0406251    0.308441     1.79541  0.000150268
3180   0.0378438    0.306436     1.18251  0.000193193
3190   0.0367613    0.305655     2.10198  -1.36806e-05
3200   0.0381175    0.306633     1.97857  4.80618e-06
3210   0.0366651    0.305586     1.42722  0.000188296
3220   0.0343515    0.303918     1.18209  0.000102939
3230   0.0346063    0.304102     1.30454  3.58924e-05
3240   0.0336337    0.303401     1.05898  0.000152746
3250   0.0315514      0.3019    0.385182  0.000177753
3260   0.0300786    0.300838    0.997845  9.81457e-05
3270   0.0295885    0.300485     1.61069  4.90873e-05
3280   0.0290969    0.300131     1.79457  0.000179157
3290   0.0260054    0.297902     1.97851  0.00019189
3300   0.0252591    0.297364     1.73332  9.95597e-05
3310   0.0240142    0.296467     2.03977  9.9816e-05
3320   0.0232628    0.295925     1.61069  1.92455e-05
3330   0.0236293    0.296189      1.7329  -8.03391e-05
3340   0.0248695    0.297083     1.30394  0.000137968
3350   0.0208699      0.2942     1.36555  0.000275531
3360   0.0193589    0.293111    0.752887  5.7414e-05
3370   0.0197216    0.293372     1.48782  1.28374e-06
3380   0.0193332    0.293093     1.11976  1.37839e-05
3390    0.019446    0.293174     1.24244  0.00011451
3400   0.0170431    0.291442      1.2425  0.000152467
3410   0.0163966    0.290976    0.506852  0.000146749
3420   0.0141081    0.289326    0.139446  7.75628e-05
3430   0.0148454    0.289857    0.200101  3.37406e-05
3440   0.0134333     0.28884    0.751511  0.000109732
3450   0.0126507    0.288275     0.75187  0.000173592
3460  0.00996143    0.286337     0.62966  8.49715e-05
3470   0.0109513     0.28705    0.812586  9.8247e-05
3480  0.00799649     0.28492     0.75181  0.000206652
3490  0.00681823    0.284071     1.42603  5.41457e-05
3500  0.00691357     0.28414    0.383805  -9.55244e-06
3510  0.00700928    0.284209    0.138487  8.65137e-05
3520   0.0051833    0.282893     1.42567  0.000150795
3530  0.00399338    0.282035     0.87408  0.000138454
3540  0.00241422    0.280897     0.75169  7.44951e-05
3550  0.00250348    0.280961    0.751391  6.84134e-05
3560  0.00104595     0.27991    0.996529  0.000113697
3570  0.00022954    0.279322    0.199802  0.00010117
3580  -0.000977447    0.278452     0.32237  7.55514e-05
3590  -0.00128149    0.278233     1.18053  -4.08992e-05
3600  -0.000159463    0.279041    0.628164  2.40475e-05
3610  -0.00176244    0.277886     1.11856   0.0001085
3620  -0.00232947    0.277477    0.934975  6.98232e-05
3630  -0.0031589    0.276879    0.750613  0.000148345
3640  -0.00529637    0.275338    0.873241  0.000122557
3650  -0.00561005    0.275112    0.750613  4.45168e-05
3660  -0.00618671    0.274697    0.505476  7.74243e-05
3670  -0.00715853    0.273996    0.934316  5.79369e-05
3680  -0.00734545    0.273861    0.811629  7.79204e-05
3690  -0.00871694    0.272873    0.995869  0.000111014
3700  -0.00956572    0.272261     1.05671  0.000124608
3710  -0.0112091    0.271076    0.321414  0.000111723
3720  -0.0118002     0.27065    0.382967  0.00013865
3730  -0.0139821    0.269077   0.0152601  7.92765e-05
3740  -0.0133857    0.269507    0.505176  -3.98036e-05
3750   -0.013186    0.269651   0.0759172  7.97912e-05
3760  -0.0149815    0.268357    0.566311  0.000119872
3770  -0.0155835    0.267923    0.933958  8.69788e-05
3780  -0.0167211    0.267103    0.627446  3.37303e-05
3790  -0.0162581    0.267437    0.382249  7.18972e-06
3800  -0.0168649    0.266999    0.504757  4.73653e-05
3810  -0.0172054    0.266754    0.933718  9.45632e-05
3820  -0.0187562    0.265636    0.198366  2.07628e-05
3830  -0.0176206    0.266455     1.05605  -0.000113734
3840  -0.0164815    0.267276     1.48471  4.79008e-05
3850  -0.0185786    0.265764    0.933658  9.51111e-05
3860  -0.0183837    0.265904    0.994433  -2.62905e-05
3870  -0.0180528    0.266143     1.05557  2.7907e-05
3880  -0.0189418    0.265502    0.871745  0.000136608
3890   -0.020785    0.264174    0.688341  2.12837e-05
3900  -0.0193675    0.265195    0.687922  -4.65468e-05
3910  -0.0198541    0.264845    0.749656  0.000130663
3920  -0.0219808    0.263312    0.504578  0.000151485
3930  -0.0228838    0.262661    0.749416  9.72817e-05
3940  -0.0239264    0.261909    0.994433  9.07204e-05
3950  -0.0246982    0.261353    0.872104  -6.0151e-05
3960  -0.0227234    0.262776     1.30059  -5.32423e-05
3970  -0.0236333     0.26212     1.42315  0.000139417
3980  -0.0255117    0.260766    0.994314  0.000181251
3990  -0.0272583    0.259507     1.17832  7.80858e-05
4000  -0.0270734    0.259641     0.93276   3.692e-05
4010  -0.0279967    0.258975    0.994613  7.1661e-05
4020  -0.0285067    0.258607    0.810192  3.71783e-05
4030  -0.0287403    0.258439     1.30059  3.73147e-05
4040   -0.029253    0.258069    0.994314  8.62553e-05
4050  -0.0304654    0.257195    0.871506  0.000100473
4060  -0.0312624    0.256621    0.810371  -2.517e-05
4070   -0.029962    0.257558    0.626009  -1.80631e-05
4080  -0.0309012    0.256881    0.871147  3.7877e-05
4090  -0.0307195    0.257012    0.380812  0.000143649
4100  -0.0337741     0.25481    0.871805  8.04258e-05
4110  -0.0323281    0.255853    0.932461  -0.000123661
4120  -0.0313009    0.256593   -0.231672  3.18345e-06
4130  -0.0323917    0.255807    0.442127  2.42604e-05
4140  -0.0317861    0.256243    0.687205  -5.35689e-05
4150  -0.0313203    0.256579   -0.109403  -2.53228e-05
4160  -0.0312797    0.256609    0.319438  3.03872e-06
4170  -0.0313811    0.256535   0.0741206  1.72919e-05
4180  -0.0316255    0.256359    0.135555  -4.09707e-06
4190  -0.0312992    0.256594    0.503082  5.3199e-05
4200  -0.0326895    0.255592    0.380632  6.75742e-05
4210  -0.0326507     0.25562    0.748159  1.04764e-05
4220   -0.032899    0.255441    0.319019  1.0491e-05
4230  -0.0328605    0.255469    0.319139  4.65861e-05
4240  -0.0338307     0.25477   -0.171016  -3.27546e-05
4250  -0.0322054    0.255941    0.257406  1.79783e-05
4260  -0.0341903     0.25451   -0.477887  9.74162e-05
4270  -0.0341537    0.254537  -0.0490465  6.89097e-05
4280  -0.0355685    0.253517   -0.110001  1.81291e-05
4290  -0.0345163    0.254275    0.563319  4.7539e-05
4300  -0.0365193    0.252832   -0.294123  4.74418e-05
4310  -0.0354651    0.253591   0.0731037  4.7878e-05
4320  -0.0374768    0.252141    0.318481  0.000113672
4330  -0.0377386    0.251953    0.195733  9.22212e-05
4340  -0.0393213    0.250812    0.379556  9.97746e-05
4350  -0.0397341    0.250514    0.256987  4.55398e-06
4360  -0.0394123    0.250746  -0.0492258  2.67515e-05
4370  -0.0402691    0.250129    0.257047  8.58366e-05
4380  -0.0411291    0.249509    0.686186  0.000108343
4390   -0.042436    0.248567    0.257346  0.000101272
4400  -0.0431545    0.248049   -0.171913  5.1504e-06
4410   -0.042539    0.248492    0.256987  -2.14986e-06
4420  -0.0431115     0.24808    0.502124  -9.71891e-06
4430  -0.0423446    0.248632    0.379437  5.29513e-06
4440  -0.0432174    0.248003   -0.172033  0.000109886
4450  -0.0445423    0.247048    0.502364  4.28041e-05
4460  -0.0440735    0.247386      1.2376  3.56125e-05
4470  -0.0452546    0.246535    0.931144  0.000133358
4480  -0.0467407    0.245464    0.686067  5.84755e-05
4490  -0.0464241    0.245692     1.54381  -3.92683e-05
4500  -0.0459553     0.24603     1.29861  3.62119e-05
4510  -0.0471483     0.24517     1.29843  5.13468e-05
4520  -0.0469822    0.245289    0.869233  6.6833e-05
4530   -0.048485    0.244206     1.35981  5.17158e-05
4540  -0.0480166    0.244544     1.17574  -8.8403e-06
4550  -0.0483082    0.244334     1.29819  0.000120792
4560  -0.0504324    0.242802     1.48243  4.46118e-05
4570  -0.0492004     0.24369     1.48219  -8.53538e-06
4580  -0.0502617    0.242925     1.54357  9.09757e-05
4590  -0.0510199    0.242379     1.23712  6.77723e-06
4600  -0.0503972    0.242828     1.78853  -2.38696e-05
4610  -0.0505425    0.242723     1.91098  2.99795e-05
4620  -0.0509968    0.242396     1.48202  0.000107362
4630  -0.0526898    0.241175     1.78871  8.44195e-05
4640  -0.0526852    0.241178     1.78859  -5.47761e-05
4650  -0.0515942    0.241965     1.78829  -3.93437e-05
4660  -0.0518983    0.241746     2.46203  1.49054e-05
4670  -0.0518924     0.24175     1.60428  2.28042e-05
4680  -0.0523544    0.241417     2.40083  4.62905e-05
4690  -0.0528182    0.241083     2.33928  0.000156118
4700  -0.0554768    0.239166     2.27838  9.37177e-05
4710  -0.0546925    0.239732     2.15575  -3.13839e-05
4720  -0.0548491    0.239619     2.33928  -7.95964e-06
4730  -0.0545333    0.239846     3.07445  7.82628e-06
4740  -0.0550056    0.239506     2.40071  4.73272e-05
4750  -0.0554799    0.239164     3.01344  7.89557e-06
4760  -0.0551635    0.239392     2.64573  -7.88327e-06
4770  -0.0553222    0.239278     2.52304  3.97634e-05
4780  -0.0559588    0.238819     3.01361  2.39391e-05
4790   -0.055801    0.238932     3.01326  5.6033e-05
4800  -0.0570795    0.238011     3.07469  -3.98749e-05
4810  -0.0550035    0.239507     2.89039  3.74205e-07
4820  -0.0570869    0.238006     2.82967  7.22345e-05
4830  -0.0564482    0.238466      3.1972  -5.59462e-05
4840   -0.055968    0.238812     3.31965  4.86182e-05
4850  -0.0574205    0.237765     3.07463  3.24631e-05
4860  -0.0566173    0.238344     3.62598  -4.81127e-05
4870  -0.0564583    0.238459      3.1966  4.89281e-05
4880  -0.0575958    0.237639     3.13582  0.000154605
4890  -0.0595504     0.23623     2.76812  3.30325e-05
4900  -0.0582565    0.237162     2.89033  9.01502e-06
4910  -0.0597307      0.2361     2.40011  4.14718e-05
4920  -0.0590859    0.236565     2.82883  4.18408e-05
4930  -0.0605675    0.235497     2.76776  0.000156648
4940  -0.0622189    0.234306       2.768  7.50523e-05
4950  -0.0620685    0.234415     2.95176  -6.44889e-05
4960  -0.0609291    0.235236     3.01266  5.9139e-05
4970  -0.0632513    0.233562     3.13552  0.00010865
4980  -0.0631021     0.23367     3.01272  -1.49541e-05
4990  -0.0629522    0.233778     3.01278  -0.000138558
