Time   Number   
ps   
0          32          40
10          34          36
20          31          37
30          30          38
40          34          44
50          32          38
60          33          43
70          30          36
80          33          39
90          38          40
100          33          35
110          31          41
120          35          37
130          30          36
140          31          37
150          33          37
160          32          40
170          29          39
180          32          38
190          31          37
200          33          39
210          32          38
220          33          35
230          32          38
240          34          38
250          30          36
260          31          35
270          28          42
280          33          37
290          32          46
300          33          43
310          31          39
320          34          38
330          30          42
340          31          39
350          35          37
360          29          41
370          31          37
380          29          35
390          33          39
400          31          45
410          33          41
420          31          41
430          31          35
440          30          34
450          34          38
460          32          38
470          31          33
480          29          35
490          33          37
500          34          38
510          33          39
520          33          41
530          32          38
540          29          43
550          32          38
560          30          36
570          30          40
580          34          38
590          30          36
600          35          39
610          34          36
620          30          34
630          28          40
640          31          33
650          30          42
660          34          36
670          30          40
680          33          43
690          28          34
700          34          42
710          30          40
720          30          36
730          28          40
740          31          37
750          28          30
760          32          40
770          30          36
780          36          36
790          34          38
800          34          42
810          31          37
820          29          35
830          34          42
840          30          40
850          29          37
860          31          43
870          32          42
880          26          32
890          31          39
900          30          42
910          33          37
920          28          36
930          31          37
940          34          42
950          29          35
960          32          40
970          34          40
980          29          41
990          32          44
1000          38          40
1010          28          40
1020          32          36
1030          30          38
1040          31          37
1050          31          37
1060          31          37
1070          32          42
1080          31          41
1090          34          40
1100          28          34
1110          33          37
1120          34          38
1130          30          42
1140          31          37
1150          33          41
1160          28          42
1170          30          38
1180          29          41
1190          33          37
1200          32          34
1210          27          37
1220          30          34
1230          32          34
1240          30          48
1250          33          39
1260          34          36
1270          34          42
1280          33          41
1290          33          41
1300          32          40
1310          31          35
1320          31          37
1330          32          40
1340          28          38
1350          34          38
1360          34          38
1370          34          42
1380          29          41
1390          33          39
1400          29          33
1410          30          42
1420          30          36
1430          32          38
1440          30          36
1450          31          37
1460          32          36
1470          32          38
1480          32          32
1490          32          36
1500          29          37
1510          30          42
1520          34          38
1530          31          33
1540          31          43
1550          27          35
1560          33          39
1570          32          40
1580          34          36
1590          28          40
1600          32          40
1610          31          41
1620          33          41
1630          33          37
1640          34          36
1650          30          38
1660          33          41
1670          33          37
1680          34          36
1690          29          35
1700          30          40
1710          32          38
1720          30          36
1730          29          37
1740          30          38
1750          33          37
1760          33          37
1770          32          42
1780          35          41
1790          34          42
1800          32          40
1810          32          36
1820          30          38
1830          34          40
1840          33          37
1850          34          38
1860          32          38
1870          32          38
1880          32          34
1890          33          35
1900          32          40
1910          34          38
1920          30          38
1930          31          35
1940          33          39
1950          34          38
1960          33          39
1970          33          39
1980          32          40
1990          34          36
2000          31          39
2010          30          38
2020          32          40
2030          35          41
2040          30          38
2050          29          35
2060          34          40
2070          31          39
2080          31          39
2090          33          37
2100          32          44
2110          32          34
2120          34          36
2130          30          34
2140          32          46
2150          29          37
2160          32          40
2170          30          42
2180          30          38
2190          32          42
2200          31          35
2210          32          40
2220          31          33
2230          31          31
2240          30          34
2250          29          41
2260          30          36
2270          32          34
2280          28          34
2290          31          37
2300          32          42
2310          33          39
2320          32          40
2330          30          40
2340          33          35
2350          33          37
2360          31          39
2370          36          36
2380          33          37
2390          32          38
2400          29          37
2410          34          40
2420          32          42
2430          33          37
2440          33          39
2450          33          43
2460          32          42
2470          32          40
2480          32          36
2490          31          45
2500          33          37
2510          33          37
2520          33          45
2530          33          41
2540          34          40
2550          33          37
2560          35          41
2570          32          36
2580          34          40
2590          31          41
2600          36          38
2610          33          41
2620          30          40
2630          27          39
2640          30          40
2650          30          42
2660          33          39
2670          33          37
2680          31          39
2690          31          41
2700          30          38
2710          31          39
2720          31          41
2730          33          45
2740          31          37
2750          29          43
2760          31          43
2770          36          40
2780          32          40
2790          32          36
2800          31          35
2810          27          37
2820          32          40
2830          32          40
2840          34          40
2850          34          38
2860          29          35
2870          32          36
2880          34          36
2890          29          33
2900          28          34
2910          32          36
2920          33          37
2930          30          34
2940          32          36
2950          30          36
2960          29          35
2970          29          39
2980          32          38
2990          29          35
3000          33          35
3010          35          39
3020          31          39
3030          31          37
3040          34          44
3050          31          37
3060          33          39
3070          31          39
3080          36          42
3090          28          40
3100          32          34
3110          30          34
3120          30          40
3130          34          38
3140          31          39
3150          34          42
3160          29          37
3170          35          39
3180          36          38
3190          32          38
3200          32          40
3210          35          39
3220          31          37
3230          33          37
3240          34          42
3250          29          39
3260          33          35
3270          32          40
3280          31          35
3290          32          38
3300          32          42
3310          30          40
3320          33          37
3330          28          38
3340          31          35
3350          32          42
3360          31          37
3370          31          39
3380          31          41
3390          30          38
3400          32          36
3410          33          39
3420          32          38
3430          35          37
3440          30          36
3450          31          43
3460          31          37
3470          31          35
3480          33          39
3490          33          37
3500          32          40
3510          31          39
3520          32          40
3530          31          35
3540          30          38
3550          29          39
3560          32          38
3570          33          39
3580          29          39
3590          37          39
3600          33          37
3610          31          35
3620          32          40
3630          33          35
3640          30          44
3650          29          37
3660          31          43
3670          32          36
3680          33          41
3690          30          42
3700          32          42
3710          29          39
3720          35          39
3730          29          35
3740          30          38
3750          32          36
3760          31          41
3770          32          36
3780          32          38
3790          29          37
3800          36          40
3810          30          36
3820          33          41
3830          29          35
3840          31          41
3850          31          35
3860          33          37
3870          31          37
3880          30          38
3890          29          37
3900          30          40
3910          32          40
3920          27          33
3930          29          37
3940          29          39
3950          34          38
3960          28          42
3970          28          40
3980          33          33
3990          31          37
4000          29          37
4010          30          34
4020          31          37
4030          36          40
4040          30          38
4050          30          38
4060          30          38
4070          34          40
4080          32          38
4090          31          37
4100          35          37
4110          32          38
4120          32          36
4130          30          42
4140          32          40
4150          32          34
4160          33          37
4170          31          39
4180          34          34
4190          29          39
4200          28          34
4210          33          41
4220          28          36
4230          31          43
4240          32          38
4250          33          43
4260          34          36
4270          34          38
4280          33          39
4290          33          33
4300          30          36
4310          30          40
4320          31          39
4330          35          41
4340          29          39
4350          36          42
4360          32          40
4370          28          36
4380          30          36
4390          30          36
4400          33          39
4410          33          39
4420          29          43
4430          31          39
4440          33          37
4450          30          36
4460          31          33
4470          33          41
4480          33          41
4490          35          43
4500          36          38
4510          31          39
4520          35          39
4530          32          40
4540          34          44
4550          31          39
4560          30          46
4570          33          37
4580          33          43
4590          31          37
4600          30          44
4610          29          39
4620          34          34
4630          31          45
4640          34          40
4650          32          40
4660          31          39
4670          35          37
4680          32          36
4690          30          36
4700          32          42
4710          32          42
4720          33          41
4730          31          37
4740          30          42
4750          31          43
4760          30          38
4770          32          36
4780          35          39
4790          33          35
4800          27          45
4810          34          36
4820          30          38
4830          32          42
4840          29          43
4850          29          31
4860          30          34
4870          33          41
4880          32          38
4890          30          38
4900          29          35
4910          33          41
4920          30          38
4930          35          37
4940          35          35
4950          32          38
4960          33          41
4970          32          34
4980          32          38
4990          29          35
5000          31          33
5010          36          40
5020          35          39
5030          32          36
5040          29          39
5050          33          41
5060          32          38
5070          35          41
5080          31          39
5090          31          35
5100          34          40
5110          33          37
5120          34          38
5130          30          38
5140          34          40
5150          33          39
5160          32          40
5170          35          37
5180          30          40
5190          31          39
5200          32          40
5210          29          37
5220          32          38
5230          30          40
5240          33          39
5250          33          43
5260          28          38
5270          33          37
5280          30          46
5290          30          40
5300          33          39
5310          33          39
5320          32          34
5330          33          41
5340          29          41
5350          33          35
5360          32          32
5370          32          32
5380          34          46
5390          33          41
5400          33          39
5410          32          44
5420          30          36
5430          34          38
5440          27          37
5450          33          39
5460          34          38
5470          34          40
5480          32          42
5490          33          41
5500          27          39
5510          33          41
5520          34          42
5530          30          36
5540          33          39
5550          30          40
5560          27          39
5570          32          38
5580          31          33
5590          29          39
5600          32          34
5610          30          40
5620          30          36
5630          32          38
5640          34          38
5650          31          33
5660          32          34
5670          30          38
5680          32          40
5690          30          34
5700          32          36
5710          31          41
5720          31          37
5730          31          37
5740          26          38
5750          31          33
5760          34          38
5770          27          43
5780          32          40
5790          31          41
5800          31          39
5810          32          36
5820          33          35
5830          32          40
5840          29          35
5850          29          35
5860          30          36
5870          35          39
5880          31          43
5890          34          38
5900          30          40
5910          31          41
5920          30          34
5930          34          36
5940          33          39
5950          30          34
5960          30          38
5970          29          37
5980          31          37
5990          30          36
6000          34          38
6010          32          38
6020          32          40
6030          27          33
6040          33          37
6050          30          36
6060          33          39
6070          28          34
6080          30          40
6090          29          35
6100          32          38
6110          28          38
6120          33          37
6130          31          35
6140          30          40
6150          34          36
6160          32          42
6170          32          36
6180          35          45
6190          30          38
6200          31          37
6210          34          38
6220          30          36
6230          35          37
6240          30          40
6250          35          37
6260          30          38
6270          35          41
6280          36          38
6290          33          39
6300          30          42
6310          30          38
6320          32          38
6330          34          38
6340          28          44
6350          31          39
6360          29          39
6370          25          33
6380          30          32
6390          35          37
6400          34          40
6410          34          44
6420          28          36
6430          31          39
6440          32          38
6450          32          38
6460          32          40
6470          31          43
6480          33          39
6490          27          35
6500          29          43
6510          33          35
6520          34          38
6530          34          40
6540          32          42
6550          30          40
6560          34          40
6570          30          40
6580          33          41
6590          32          40
6600          36          40
6610          29          35
6620          32          44
6630          32          36
6640          32          36
6650          32          40
6660          32          40
6670          33          45
6680          32          40
6690          33          41
6700          34          38
6710          31          45
6720          31          39
6730          33          39
6740          31          37
6750          31          43
6760          33          35
6770          31          35
6780          32          40
6790          34          38
6800          32          42
6810          35          45
6820          31          41
6830          34          38
6840          34          40
6850          32          40
6860          32          38
6870          33          39
6880          33          41
6890          34          44
6900          35          41
6910          33          37
6920          33          39
6930          32          40
6940          34          40
6950          34          38
6960          29          43
6970          31          39
6980          32          38
6990          29          43
7000          31          41
7010          32          40
7020          33          41
7030          35          41
7040          32          36
7050          34          42
7060          32          42
7070          35          45
7080          34          38
7090          36          42
7100          36          38
7110          33          41
7120          36          38
7130          35          43
7140          36          38
7150          34          40
7160          33          39
7170          33          39
7180          31          41
7190          35          39
7200          35          41
7210          28          40
7220          35          41
7230          30          38
7240          36          42
7250          34          46
7260          34          48
7270          35          43
7280          35          41
7290          34          42
7300          37          39
7310          32          38
7320          33          39
7330          31          37
7340          37          41
7350          32          36
7360          30          36
7370          35          41
7380          35          43
7390          32          34
7400          31          35
7410          31          43
7420          31          37
7430          29          43
7440          33          43
7450          32          44
7460          30          34
7470          36          38
7480          37          41
7490          34          40
7500          31          43
7510          32          38
7520          31          39
7530          33          39
7540          34          40
7550          37          39
7560          32          38
7570          33          37
7580          31          41
7590          28          38
7600          31          37
7610          30          40
7620          33          41
7630          33          37
7640          28          38
7650          30          38
7660          31          35
7670          34          38
7680          31          35
7690          30          38
7700          32          38
7710          32          38
7720          33          41
7730          32          38
7740          33          41
7750          32          34
7760          31          41
7770          32          36
7780          34          42
7790          34          44
7800          31          39
7810          25          41
7820          33          35
7830          30          42
7840          31          35
7850          32          38
7860          31          35
7870          33          39
7880          29          35
7890          37          45
7900          33          39
7910          31          33
7920          32          38
7930          31          37
7940          34          36
7950          33          37
7960          33          41
7970          33          47
7980          32          40
7990          34          42
8000          33          41
8010          31          39
8020          36          44
8030          31          39
8040          31          43
8050          33          35
8060          31          43
8070          29          41
8080          32          38
8090          33          39
8100          32          44
8110          32          42
8120          30          40
8130          33          39
8140          31          43
8150          38          40
8160          35          37
8170          35          41
8180          37          43
8190          32          38
8200          28          42
8210          32          40
8220          37          39
8230          36          44
8240          37          41
8250          34          38
8260          36          42
8270          37          39
8280          29          43
8290          32          42
8300          38          40
8310          30          38
8320          31          39
8330          35          41
8340          32          42
8350          36          42
8360          34          40
8370          33          45
8380          32          38
8390          31          43
8400          36          40
8410          34          42
8420          32          40
8430          33          39
8440          31          33
8450          33          41
8460          35          41
8470          34          40
8480          30          36
8490          38          40
8500          32          44
8510          33          45
8520          33          45
8530          38          44
8540          34          42
8550          39          47
8560          32          40
8570          35          43
8580          32          42
8590          38          42
8600          32          44
8610          35          41
8620          30          40
8630          31          43
8640          36          42
8650          34          36
8660          35          43
8670          35          43
8680          33          37
8690          34          42
8700          35          41
8710          33          39
8720          34          40
8730          32          40
8740          37          39
8750          36          38
8760          36          40
8770          35          39
8780          35          37
8790          34          38
8800          36          40
8810          34          42
8820          34          42
8830          35          43
8840          32          36
8850          30          48
8860          35          45
8870          35          39
8880          32          44
8890          31          43
8900          32          42
8910          34          44
8920          29          43
8930          36          40
8940          34          42
8950          34          42
8960          36          46
8970          34          42
8980          31          43
8990          34          38
9000          34          38
9010          36          38
9020          36          42
9030          36          38
9040          35          43
9050          31          43
9060          35          43
9070          32          40
9080          36          46
9090          35          47
9100          34          44
9110          31          41
9120          31          47
9130          33          45
9140          33          41
9150          31          41
9160          37          41
9170          32          38
9180          32          42
9190          34          42
9200          37          45
9210          37          45
9220          34          40
9230          37          41
9240          32          44
9250          35          47
9260          33          41
9270          35          43
9280          31          41
9290          37          39
9300          35          45
9310          32          42
9320          33          43
9330          35          41
9340          37          43
9350          34          42
9360          35          43
9370          35          39
9380          33          41
9390          36          36
9400          34          40
9410          31          43
9420          34          46
9430          34          38
9440          32          42
9450          35          45
9460          33          43
9470          33          39
9480          38          42
9490          30          46
9500          36          42
9510          37          43
9520          34          40
9530          35          43
9540          31          37
9550          32          44
9560          31          47
9570          32          36
9580          34          46
9590          34          42
9600          31          41
9610          34          42
9620          32          38
9630          32          38
9640          32          36
9650          33          45
9660          34          40
9670          31          35
9680          34          40
9690          31          35
9700          35          43
9710          30          44
9720          32          40
9730          35          45
9740          33          41
9750          34          40
9760          32          36
9770          33          35
9780          33          39
9790          33          41
9800          30          40
9810          32          38
9820          33          39
9830          30          46
9840          36          40
9850          31          39
9860          33          43
9870          35          39
9880          32          42
9890          30          38
9900          35          39
9910          33          39
9920          35          41
9930          34          40
9940          30          42
9950          30          34
9960          31          41
9970          33          39
9980          32          44
9990          34          38
10000          29          39
