Time   C(t)   
ps   
0           1           1  1.11425e-11   0.0138289
10     0.86336    0.991796   -0.099471  0.00703574
20    0.859285    0.991551   -0.099471  0.000242627
30    0.858508    0.991505  -0.0995204  0.00045006
40    0.850284    0.991011   0.0523804  0.000657693
50    0.845354    0.990715  -0.0995698  0.000534692
60     0.83959    0.990369    0.052331  0.00036985
70    0.837957    0.990271   0.0524299  0.000204855
80    0.835493    0.990123   0.0524299  3.88652e-05
90     0.83718    0.990224  0.00177978  8.10564e-05
100    0.833872    0.990026  -0.0488209  0.000497168
110    0.827236    0.989627   -0.099471  0.000164348
120    0.830585    0.989828   -0.099471  -8.4731e-05
130    0.828931    0.989729   -0.150072  0.000206989
140    0.826445     0.98958   -0.099471  0.000458202
150    0.819767    0.989179   -0.099471  0.000500742
160     0.81643    0.988978   -0.099471  4.10974e-05
170    0.818945    0.989129    -0.15022  4.16934e-05
180    0.815596    0.988928   -0.150121  0.00016723
190      0.8156    0.988929  -0.0996193  0.000167724
200    0.812242    0.988727   -0.200771  0.000504512
210     0.80551    0.988323   -0.200722  0.00016852
220    0.808872    0.988525   -0.251372  -4.15444e-05
230    0.806341    0.988373  -0.0995205  0.000506598
240     0.79874    0.987916   -0.150121  0.000507441
250    0.796192    0.987763   -0.150121  4.38303e-05
260    0.797863    0.987864  -0.0995205  0.000213292
270    0.791926    0.987507   -0.099471  0.000340313
280    0.791057    0.987455    -0.15022  -4.01556e-05
290    0.792729    0.987555    -0.15022  8.71629e-05
300    0.789313     0.98735   -0.200771  0.000554496
310     0.78164     0.98689   -0.200771  0.00021503
320    0.785013    0.987092   -0.200771  -0.000252256
330    0.786685    0.987193   -0.251471  0.00021612
340     0.78069    0.986833   -0.251471  0.000429413
350    0.778096    0.986677   -0.200821  0.00013144
360    0.778062    0.986675   -0.200821  0.000302887
370    0.772039    0.986313    -0.15017  0.000388858
380    0.770285    0.986208    -0.15022  4.71056e-05
390    0.771097    0.986257    -0.20087  0.000176013
400    0.766764    0.985996   -0.302071  0.000304872
410    0.764999    0.985891   -0.302121  0.000219697
420     0.76237    0.985733  -0.0996193  0.000349298
430    0.758013    0.985471   -0.251471  0.000349843
440    0.755373    0.985313    -0.15022  4.8843e-05
450    0.757036    0.985412    -0.15022  4.92394e-05
460    0.754389    0.985253   -0.150269  0.000308198
470    0.750872    0.985042  -0.0996193  0.000222474
480    0.749939    0.984986    -0.20087  0.000136402
490    0.748144    0.984879   -0.150319  0.000266701
500    0.744605    0.984666  -0.0996193  0.000267148
510    0.742801    0.984558   -0.150269  0.000267744
520     0.73925    0.984345   -0.150319  9.45091e-05
530    0.740911    0.984444  -0.0490681  -3.56406e-05
540    0.739963    0.984387   -0.049068  0.00039978
550    0.732916    0.983964  -0.0996687  0.000530922
560    0.729345     0.98375  -0.0490186  0.000226793
570     0.72838    0.983692  -0.0490187  9.63956e-05
580    0.727417    0.983634  -0.0490681  0.000140175
590    0.725576    0.983524  -0.0996193  0.000228083
600    0.722855     0.98336  -0.0996687  0.000228679
610    0.721003    0.983249   -0.150269  -7.81804e-05
620    0.724419    0.983454  -0.0996193  -3.40998e-05
630    0.721685     0.98329  -0.0996193  0.000361362
640    0.717191     0.98302    -0.15022  0.00045006
650    0.712683    0.982749  -0.0996193  1.02252e-05
660    0.716987    0.983008    -0.15022  -0.000254044
670    0.717764    0.983055    -0.15022  1.03742e-05
680    0.716779    0.982995    -0.15022  0.000408268
690    0.709599    0.982564   -0.150269  0.000541592
700    0.705948    0.982345    -0.15022  0.000144097
710    0.706717    0.982391    -0.15022  -0.000210363
720    0.710155    0.982598   -0.150319  5.58913e-05
730    0.705599    0.982324    -0.20087  0.000544819
740    0.699259    0.981943    -0.20092  0.000234041
750    0.700918    0.982043    -0.20092  -7.69377e-05
760    0.700797    0.982036    -0.20087  0.000458449
770    0.691749    0.981493    -0.20087  0.000458995
780    0.691617    0.981485   -0.150319  -0.000165787
790    0.695065    0.981692    -0.20092  0.000147325
800    0.688671    0.981308    -0.20092  0.000595298
810    0.683159    0.980977    -0.25152  0.000372279
820    0.681225    0.980861    -0.20092  0.000103942
830     0.68108    0.980852    -0.25157  0.000284174
840    0.675542    0.980519    -0.30217  0.00019443
850    0.677192    0.980619    -0.30222  0.000105032
860    0.673441    0.980393    -0.25152  0.000375655
870    0.669679    0.980167    -0.25152  0.000195768
880    0.669526    0.980158    -0.25152  0.000241634
890    0.664846    0.979877    -0.30222  0.000332621
900    0.662873    0.979759    -0.30222  0.000197506
910    0.660896     0.97964    -0.30217  0.000243223
920    0.658009    0.979467    -0.30217  0.000379923
930    0.653297    0.979184    -0.25152   0.0003353
940    0.651303    0.979064    -0.30217  -2.79456e-05
950    0.653856    0.979217   -0.200969  0.000291023
960    0.645482    0.978715    -0.25152  0.000610489
970    0.641647    0.978484    -0.25152  0.000246897
980    0.640545    0.978418    -0.25152  0.000156012
990    0.638526    0.978297    -0.25152  0.000247937
1000    0.635586    0.978121    -0.25152  0.000111037
1010    0.636306    0.978164    -0.20092  -2.61575e-05
1020    0.636109    0.978152    -0.30217  0.00024918
1030    0.631322    0.977865    -0.30222  0.000387368
1040    0.628362    0.977687    -0.30217  0.000204405
1050    0.627234    0.977619    -0.35282  0.00015879
1060    0.625186    0.977496    -0.35287  0.000159088
1070    0.624052    0.977428    -0.35287  0.000390199
1080    0.617382    0.977028   -0.403471  0.000252306
1090    0.619006    0.977125   -0.403471  0.000114664
1100    0.615089     0.97689    -0.35282  0.000299612
1110    0.613014    0.976765    -0.35282  0.000161469
1120    0.611859    0.976696    -0.35287    0.000301
1130    0.606994    0.976404    -0.35282  0.000208476
1140     0.60769    0.976446    -0.35282  0.000255978
1150    0.601874    0.976096    -0.35282  0.00039576
1160    0.599774     0.97597   -0.302269  0.000303581
1170    0.595802    0.975732   -0.403471  0.000304323
1180    0.593688    0.975605    -0.40352  0.00030517
1190    0.589699    0.975365    -0.35287  0.000445944
1200    0.584769    0.975069    -0.35282  7.21723e-05
1210    0.588256    0.975279    -0.35287  7.2965e-05
1220     0.58331    0.974982   -0.251619  0.000495034
1230    0.578355    0.974684    -0.35287  0.000308198
1240    0.577146    0.974612    -0.35282  0.000262234
1250     0.57311    0.974369    -0.30222  0.000309637
1260    0.570953     0.97424   -0.302269  0.00021612
1270    0.568788     0.97411    -0.30222  0.000358334
1280    0.563786     0.97381    -0.35282  0.000264469
1290    0.563498    0.973792   -0.251619  7.58946e-05
1300    0.562268    0.973719    -0.30222  7.60943e-05
1310    0.561977    0.973701    -0.30222  0.000123796
1320    0.559793     0.97357   -0.251619  0.00021885
1330      0.5576    0.973438    -0.30222  -1.81198e-05
1340    0.560155    0.973592    -0.30222  0.000219941
1350    0.553201    0.973174    -0.30222  0.000410303
1360    0.551949    0.973099    -0.30222  0.000173086
1370    0.549739    0.972966    -0.30222  0.000316885
1380    0.545611    0.972718    -0.30222  3.06278e-05
1390    0.549127    0.972929   -0.302269  -0.00016028
1400    0.548817    0.972911   -0.201018  0.000366274
1410    0.541801     0.97249   -0.251619  0.000318721
1420    0.542442    0.972528   -0.201068  0.000127816
1430    0.539245    0.972336   -0.302269  0.000320113
1440     0.53604    0.972144   -0.251669  0.000224507
1450    0.534755    0.972067   -0.251718  8.07077e-05
1460    0.534426    0.972047   -0.302269   0.0002258
1470    0.530239    0.971795   -0.302269  0.000322694
1480    0.527972    0.971659    -0.30222  0.000178349
1490    0.526672    0.971581   -0.201018  0.000372529
1500    0.520522    0.971212    -0.30222  0.000373322
1510    0.519205    0.971133   -0.302269  8.29935e-05
1520    0.518862    0.971112   -0.302319  0.000180432
1530    0.515597    0.970916   -0.302269  0.000180778
1540    0.515246    0.970895   -0.352919  0.00013248
1550    0.512947    0.970757   -0.352919  3.53903e-05
1560    0.514538    0.970853    -0.45422  -1.31041e-05
1570    0.513209    0.970773    -0.45422  8.4284e-05
1580    0.512853    0.970752   -0.403569  -1.32531e-05
1590    0.513474    0.970789    -0.45422  0.000231758
1600    0.508217    0.970473    -0.45422  0.000182864
1610    0.509817    0.970569    -0.50487  -6.17981e-05
1620    0.509453    0.970547    -0.50487  3.64333e-05
1630    0.509088    0.970526   -0.454269  3.62337e-05
1640    0.508729    0.970504    -0.55552  3.62843e-05
1650    0.508362    0.970482   -0.504919  0.000184703
1660    0.505035    0.970282    -0.50487  0.000333068
1670    0.501701    0.970082    -0.45422  0.000135955
1680    0.502316    0.970119   -0.403718  0.000136602
1690    0.498969    0.969918   -0.454318  0.000384639
1700    0.494623    0.969657   -0.454269  0.000335796
1710    0.492253    0.969515   -0.403619  0.000287004
1720    0.488883    0.969312   -0.403569  0.000188373
1730    0.488486    0.969289   -0.353018  0.000138983
1740    0.486103    0.969146   -0.353117  0.000338575
1750    0.481714    0.968882   -0.352969  0.00043944
1760    0.477314    0.968618   -0.403569  0.000290528
1770    0.475904    0.968533   -0.352969  -0.000159633
1780    0.480507     0.96881   -0.403619  0.000191401
1790    0.472076    0.968303   -0.403569  0.000392085
1800    0.472665    0.968339   -0.454269  -8.73506e-06
1810     0.47225    0.968314    -0.45422  -8.68738e-06
1820    0.472839    0.968349    -0.45422  0.000394666
1830    0.464357     0.96784    -0.45422  0.000445347
1840    0.463932    0.967814    -0.45422  9.32187e-05
1850    0.462493    0.967728    -0.45422  0.000295888
1860    0.458014    0.967459    -0.45422  0.000346865
1870    0.455555    0.967311    -0.45422  0.000297128
1880    0.452072    0.967102    -0.45422  0.000298122
1890    0.449593    0.966953    -0.45422  0.000146233
1900    0.449147    0.966927    -0.45422  4.48227e-05
1910    0.448696      0.9669   -0.403668  0.000299808
1920    0.443151    0.966567    -0.45422  0.000249179
1930    0.443713      0.9666   -0.454269  -5.11259e-06
1940    0.443253    0.966573   -0.403619  0.000199294
1950    0.439727    0.966361    -0.45422  0.000301895
1960    0.437215     0.96621   -0.403619  4.65602e-05
1970    0.438796    0.966305   -0.504919  9.82821e-05
1980     0.43525    0.966092    -0.45422  0.000355056
1990    0.431695    0.965879    -0.45422  9.86293e-05
2000    0.433277    0.965974    -0.45422  -0.000106721
2010    0.433829    0.966007   -0.403718  0.000202471
2020    0.429228    0.965731    -0.50487  0.00040911
2030    0.425647    0.965516    -0.50487  9.98691e-05
2040     0.42723    0.965611   -0.454269  0.000152338
2050      0.4226    0.965333    -0.50487  0.000411643
2060    0.418997    0.965117    -0.55552  0.000204952
2070    0.418501    0.965087    -0.50487  0.000257815
2080    0.413841    0.964807    -0.50487  0.000622353
2090    0.406054    0.964339    -0.50487  0.000467336
2100    0.404494    0.964246    -0.50487  0.000312714
2110      0.3998    0.963964    -0.50487  0.000365479
2120    0.397185    0.963807    -0.50487  0.000209421
2130    0.395611    0.963712    -0.50487  0.000209965
2140    0.392985    0.963555   -0.555569  0.000315295
2150    0.389305    0.963334    -0.55552  0.000263575
2160    0.387714    0.963238    -0.50487  0.000106621
2170    0.387173    0.963206   -0.555569  0.000159633
2180    0.384521    0.963047    -0.55552  0.000318225
2190    0.380808    0.962824   -0.555569  0.000266106
2200    0.379199    0.962727   -0.504919  0.000214036
2210    0.376528    0.962567   -0.504919  0.000267495
2220    0.373849    0.962406   -0.606219  0.000162166
2230    0.373284    0.962372   -0.606269  0.000109598
2240    0.371657    0.962274   -0.555569  0.000428717
2250     0.36471    0.961857    -0.50487  0.00032309
2260    0.365196    0.961886   -0.555619  0.00021766
2270    0.360357    0.961596   -0.504919  0.000271466
2280    0.359766     0.96156    -0.55552  0.000432639
2290    0.351704    0.961076    -0.50487  0.000272657
2300    0.354313    0.961233    -0.55552  0.000167029
2310    0.348364    0.960876    -0.50487  0.000274196
2320    0.348829    0.960904   -0.504919  0.000114265
2330    0.346078    0.960738    -0.60617  0.000167973
2340     0.34547    0.960702    -0.50487  0.000330287
2350    0.339472    0.960342    -0.55552  0.000330783
2360    0.338854    0.960305    -0.55552  0.000115903
2370    0.337154    0.960203    -0.55552  0.000224361
2380    0.334367    0.960035    -0.55552  0.000441226
2390     0.32833    0.959673    -0.55552  0.000171198
2400    0.330943     0.95983    -0.55552  -4.45247e-05
2410     0.32922    0.959726   -0.504919  0.000389554
2420    0.323152    0.959362    -0.55552  0.000444551
2430    0.320329    0.959192   -0.555569  0.000282635
2440    0.317499    0.959023    -0.55552  0.000337981
2450     0.31357    0.958787   -0.555569  0.000338775
2460    0.310724    0.958616    -0.55552  0.000230417
2470    0.308961     0.95851   -0.555569  6.68123e-05
2480    0.309387    0.958535    -0.60617  0.000231509
2490    0.304331    0.958232   -0.504919  0.000231905
2500    0.304749    0.958257    -0.60617  0.00017785
2510    0.300774    0.958018    -0.65682  0.000233047
2520    0.300088    0.957977    -0.70752  6.85498e-05
2530    0.299403    0.957936    -0.70747  0.000399828
2540    0.292092    0.957497    -0.65682  0.000566262
2550    0.288078    0.957256   -0.606219  0.000236025
2560    0.287371    0.957214   -0.555569  0.000181574
2570    0.284447    0.957038    -0.65682  0.000237416
2580    0.282623    0.956929    -0.60617  7.13781e-05
2590    0.283019    0.956952   -0.505018  0.000182813
2600    0.278967    0.956709   -0.504969  0.00012732
2610    0.280473    0.956799   -0.606219  0.000128214
2620    0.276402    0.956555   -0.555619  0.000239897
2630    0.275675    0.956511   -0.505018  0.000352623
2640     0.26935    0.956132   -0.555619  0.00040921
2650     0.26749     0.95602   -0.606219  0.000242379
2660    0.264502    0.955841    -0.60617  0.000186984
2670    0.263751    0.955795   -0.555569  -3.75748e-05
2680    0.265254    0.955886   -0.504969  0.00013129
2690    0.261125    0.955638   -0.555569  7.50512e-05
2700    0.263753    0.955796   -0.555569  7.56979e-05
2710    0.259611    0.955547   -0.555569  0.000245109
2720    0.258851    0.955501   -0.555619  0.000132729
2730    0.256956    0.955388   -0.555569  0.000133027
2740     0.25619    0.955342   -0.454368  0.000247096
2750    0.252015    0.955091   -0.505018  0.000304377
2760    0.250102    0.954976   -0.454368  0.000419186
2770    0.243631    0.954587   -0.504969  0.000420129
2780      0.2417    0.954472   -0.505018  0.000250371
2790    0.238623    0.954287   -0.555619  0.000193784
2800    0.237824    0.954239   -0.555619  0.000137197
2810    0.235879    0.954122   -0.555668  0.000194777
2820    0.233929    0.954005   -0.555619  0.000137942
2830    0.233121    0.953956   -0.505067  0.000368358
2840    0.226562    0.953563   -0.555619  0.000484212
2850    0.223436    0.953375   -0.555619  0.000312864
2860    0.220304    0.953187   -0.555668  0.000313708
2870    0.217162    0.952998   -0.555619  0.000198996
2880    0.216324    0.952948   -0.555619  0.000199541
2890    0.213171    0.952759   -0.555619  0.000199988
2900    0.212325    0.952708   -0.555668  0.000258858
2910    0.207994    0.952448   -0.555668  0.000375605
2920    0.204812    0.952257   -0.555668  0.000318523
2930    0.201624    0.952065   -0.555668  0.000436014
2940    0.196092    0.951733   -0.555619  0.000437056
2950    0.192883    0.951541   -0.555619  0.000204407
2960    0.192004    0.951488   -0.505018  0.000322444
2970    0.186434    0.951153   -0.555619  0.000323287
2980    0.185538      0.9511   -0.555668  0.000265659
2990    0.181121    0.950834   -0.555619  0.000266205
3000    0.180214     0.95078   -0.555718  0.000326068
3010    0.174599    0.950443   -0.555619  0.000385434
3020    0.172505    0.950317   -0.505018  3.25121e-05
3030    0.173949    0.950404   -0.555619  9.20273e-05
3040    0.170665    0.950207   -0.555619  0.000328947
3050     0.16737    0.950009   -0.606269  0.000389256
3060     0.16288    0.949739   -0.606269  0.000152436
3070    0.164321    0.949826   -0.555668  0.000212795
3080    0.158624    0.949484   -0.555619  0.000391936
3090    0.156483    0.949355   -0.606269  0.000273998
3100    0.153144    0.949155   -0.606269  0.000334357
3110    0.149795    0.948954   -0.555668  0.00033525
3120    0.146439    0.948752   -0.606269  0.000336094
3130    0.143074     0.94855   -0.606318  0.000277423
3140    0.140891    0.948419   -0.555668  0.000158095
3150    0.139912     0.94836   -0.606318  0.000399034
3160     0.13291     0.94794   -0.555668  0.000399878
3170    0.131914     0.94788   -0.555718  0.000220638
3180    0.128497    0.947675   -0.555668  9.99697e-05
3190    0.129915     0.94776   -0.657018  3.99582e-05
3200    0.127698    0.947627   -0.656968  0.000343242
3210     0.12305    0.947348   -0.656919  0.000465449
3220    0.118389    0.947068   -0.656919  0.000162761
3230    0.119795    0.947152   -0.606318  0.000224658
3240    0.113896    0.946798   -0.707569  0.000285613
3250    0.114082    0.946809   -0.758269  0.000103841
3260    0.111819    0.946673   -0.758269  0.000348603
3270     0.10711    0.946391   -0.758269  0.000287896
3280    0.106061    0.946328   -0.808919  0.000105231
3290    0.105006    0.946264   -0.808919  0.000289832
3300    0.100264     0.94598   -0.859569  0.000229076
3310    0.100424    0.945989   -0.808968  0.00029157
3320    0.094433     0.94563   -0.758318  0.000353666
3330   0.0933509    0.945565   -0.758368  0.000231757
3340   0.0897978    0.945351   -0.758368   0.0003558
3350   0.0862349    0.945137   -0.707767  0.000294796
3360   0.0839019    0.944997   -0.758367  0.000233891
3370   0.0815571    0.944857   -0.758417  0.000359026
3380   0.0767214    0.944566   -0.859618  0.000484212
3390   0.0718728    0.944275   -0.809018  0.000360963
3400   0.0695021    0.944133   -0.758318  0.000299958
3410   0.0658737    0.943915   -0.808919  0.000238209
3420    0.064738    0.943847   -0.707767  0.000176361
3430   0.0623464    0.943703   -0.758367  5.13252e-05
3440   0.0637115    0.943785   -0.707767  0.000177553
3450   0.0587954     0.94349   -0.707717  0.000429412
3460   0.0551232    0.943269   -0.707717  0.000115506
3470   0.0564853    0.943351   -0.758417  0.00017934
3480   0.0515364    0.943054   -0.809018  0.000495628
3490   0.0465727    0.942756   -0.809018  0.000370443
3500   0.0441276    0.942609   -0.809018  0.000118087
3510    0.044211    0.942614   -0.809018  0.00030934
3520   0.0379408    0.942238   -0.809018  0.000309786
3530   0.0380152    0.942242   -0.809018  0.000183658
3540   0.0342676    0.942017   -0.809018  0.000375457
3550   0.0305061    0.941791   -0.809018  0.000248882
3560     0.02929    0.941718   -0.809018  0.000249725
3570   0.0255116    0.941492   -0.809018  0.000186189
3580   0.0255662    0.941495   -0.859668  0.000187182
3590   0.0217679    0.941267   -0.809018  0.000380271
3600   0.0179608    0.941038   -0.809018  0.000188324
3610   0.0180015    0.941041   -0.809018  0.000253845
3620   0.0128839    0.940733   -0.809018  0.000383299
3630   0.0103355     0.94058   -0.809018  0.00012588
3640   0.0103663    0.940582   -0.809067  0.000256029
3650  0.00521489    0.940273   -0.809018  0.000386277
3660   0.0026407    0.940118   -0.809018  0.000127667
3670  0.00266155     0.94012   -0.809018  0.000193486
3680  -0.00122902    0.939886   -0.809018  0.00032433
3690  -0.00382505     0.93973   -0.809018  0.000194578
3700  -0.00512058    0.939652   -0.809018  0.000129802
3710  -0.00642108    0.939574   -0.809018  0.000261291
3720  -0.0103464    0.939339   -0.809018  0.000130596
3730   -0.009033    0.939417   -0.758417  0.000131489
3740  -0.0129762    0.939181   -0.809018  0.000197358
3750  -0.0129802     0.93918   -0.758417   0.0001984
3760  -0.0169442    0.938942   -0.809018  0.000397098
3770  -0.0209221    0.938704   -0.859668  0.000265907
3780  -0.0222623    0.938623   -0.859668  0.000134219
3790  -0.0236065    0.938542   -0.859668  0.000134815
3800  -0.0249586    0.938461   -0.859668  0.000201726
3810   -0.027641      0.9383   -0.859668  0.000268637
3820  -0.0303314    0.938139   -0.859668  6.95915e-05
3830  -0.0290329    0.938217   -0.809067  0.000404345
3840  -0.0384183    0.937653   -0.859668  0.000672486
3850  -0.0424826    0.937409   -0.859668  0.000272906
3860  -0.0438764    0.937325   -0.859668  0.00020664
3870  -0.0466154    0.937161   -0.859668  7.26193e-05
3880  -0.0453288    0.937238   -0.859767  0.000342895
3890  -0.0534733    0.936749   -0.859668  0.000545861
3900   -0.056246    0.936583   -0.859668  7.46049e-05
3910  -0.0549654     0.93666   -0.859717  0.000345922
3920  -0.0631645    0.936167   -0.859668  0.000346667
3930  -0.0618987    0.936243   -0.859668  0.000144643
3940  -0.0660573    0.935994   -0.859668  0.000348652
3950  -0.0688718    0.935825   -0.859668  0.000213838
3960  -0.0703341    0.935737   -0.859668  0.000282933
3970  -0.0745304    0.935485   -0.859668  0.00035178
3980  -0.0773697    0.935315   -0.910318  1.05232e-05
3990  -0.0747409    0.935472   -0.910318  0.000285861
4000  -0.0830869    0.934971   -0.910318  0.00035446
4010  -0.0818301    0.935047   -0.910318  8.09584e-05
4020  -0.0847061    0.934874   -0.910367  0.00021895
4030  -0.0862091    0.934784   -0.960968  0.000219546
4040   -0.089097     0.93461   -0.960968  0.000428072
4050  -0.0947705     0.93427   -0.910367  0.00035992
4060  -0.0962954    0.934178   -0.910318  0.000222276
4070   -0.099216    0.934003   -0.910318  0.000292612
4080   -0.102148    0.933827   -0.910318  8.4582e-05
4090   -0.100908    0.933901   -0.859717  0.000294945
4100   -0.108047    0.933473   -0.910318  0.000434922
4110   -0.109606    0.933379   -0.910318  0.000156507
4120   -0.111177    0.933285   -0.910318  0.000157201
4130    -0.11275     0.93319   -0.960968  0.000227934
4140   -0.115735    0.933011   -0.910318  0.000369401
4150   -0.120138    0.932747   -0.910318  0.000229572
4160   -0.120327    0.932735   -0.910318  0.000301398
4170   -0.126166    0.932385   -0.910318  0.000443211
4180   -0.129191    0.932203   -0.910318  0.000303284
4190   -0.132232    0.932021   -0.910318  0.000233594
4200   -0.133863    0.931923   -0.960968  9.20773e-05
4210   -0.134073     0.93191   -0.961017  0.000163753
4220   -0.137138    0.931726    -1.01162  0.000235628
4230   -0.138786    0.931627   -0.960968  2.20887e-05
4240    -0.13758      0.9317   -0.960968  9.40621e-05
4250   -0.140667    0.931514   -0.960968  9.39138e-05
4260   -0.139458    0.931587   -0.960968   9.446e-05
4270   -0.142556    0.931401   -0.960968  0.000166384
4280   -0.142786    0.931387   -0.960968  9.52542e-05
4290   -0.144461    0.931286   -0.960968  9.55023e-05
4300   -0.144696    0.931272    -1.01162  2.35774e-05
4310   -0.144933    0.931258    -1.06227  2.36273e-05
4320   -0.145168    0.931244    -1.01167  0.000168966
4330   -0.148312    0.931055    -1.01167  0.000242031
4340   -0.150009    0.930953    -1.01162  2.44215e-05
4350   -0.148801    0.931026    -1.01162  0.000316785
4360   -0.156345    0.930573    -1.01162  0.000170752
4370   -0.152216    0.930821    -1.06227  -0.000193685
4380   -0.152471    0.930805    -1.06227  0.00031887
4390   -0.158593    0.930438    -1.06227  0.000319416
4400   -0.158859    0.930422    -1.06227  -4.70065e-05
4410   -0.157653    0.930494    -1.06227  0.000100416
4420   -0.160868    0.930301    -1.06227  0.000322096
4430   -0.164095    0.930108    -1.06227  0.000175121
4440    -0.16437    0.930091    -1.06227  0.00032433
4450   -0.170582    0.929718    -1.06227  0.000102103
4460   -0.166412    0.929968    -1.06227  -0.000119825
4470   -0.168185    0.929862    -1.06227  0.000252058
4480   -0.171453    0.929666    -1.06227    0.000178
4490   -0.171745    0.929648    -1.06232  -0.000120321
4500   -0.169047     0.92981    -1.06227  2.93851e-05
4510   -0.172333    0.929613    -1.06227  0.000479645
4520    -0.17864    0.929234    -1.06227  0.000180133
4530   -0.175935    0.929397    -1.06232  3.07254e-05
4540   -0.179254    0.929197    -1.06227  0.000257023
4550   -0.181076    0.929088    -1.06227  0.000258263
4560   -0.184419    0.928887    -1.06227  0.000334754
4570   -0.187771    0.928686    -1.06227  0.000259851
4580   -0.189616    0.928575    -1.06227  0.000184948
4590    -0.19147    0.928464    -1.06227   0.0001095
4600   -0.191806    0.928444    -1.06232  -0.000119179
4610   -0.189086    0.928607    -1.11292  0.000263376
4620   -0.197074    0.928127    -1.06227  0.000340065
4630   -0.195888    0.928199    -1.06227  0.000188473
4640   -0.200843    0.927901    -1.06227  0.000111634
4650    -0.19812    0.928065    -1.11292  -0.000118583
4660   -0.198472    0.928044    -1.11292  0.000189713
4670   -0.201915    0.927837    -1.11292  0.00019021
4680   -0.202276    0.927815    -1.01167  -0.000118881
4690   -0.199537     0.92798    -1.06232  0.000113768
4700   -0.204551    0.927679    -1.06232  0.000424647
4710    -0.20803     0.92747    -1.06232  0.000192891
4720   -0.208409    0.927447    -1.01167  0.000115754
4730   -0.210345    0.927331    -1.06232  0.000350588
4740   -0.215421    0.927026    -1.01167  0.000273501
4750   -0.215815    0.927002   -0.961067  -0.000117839
4760   -0.213064    0.927167   -0.961116  -0.000118236
4770    -0.21345    0.927144   -0.961067  0.000117641
4780   -0.215417    0.927026   -0.961116  0.00019716
4790   -0.217394    0.926907    -1.01172  3.94121e-05
4800   -0.216205    0.926979    -1.01172  0.000119229
4810   -0.219778    0.926764    -1.01172  0.000278217
4820    -0.22177    0.926645    -1.01172  0.000279161
4830   -0.225361    0.926429    -1.01172  0.000280401
4840   -0.227378    0.926308    -1.01172  0.000201726
4850   -0.229396    0.926187    -1.01172  0.000122157
4860   -0.229821    0.926161    -1.01172  0.000203264
4870   -0.233461    0.925943    -1.01172  0.000284173
4880   -0.235504     0.92582   -0.961116  -3.69303e-05
4890   -0.232722    0.925987    -1.01172  0.000124788
4900      -0.238     0.92567    -1.01172  0.000286308
4910   -0.238449    0.925643    -1.01172  0.00012593
4920   -0.240519    0.925519    -1.01172  0.000288691
4930   -0.244222    0.925297    -1.06237  0.000126774
4940   -0.243054    0.925367    -1.06242  0.00020937
4950    -0.24841    0.925045    -1.06237  0.000291272
4960   -0.248879    0.925017    -1.06237  0.000129057
4970   -0.250991     0.92489    -1.01177  0.000129654
4980   -0.251473    0.924861    -1.06237  -0.0001985
4990   -0.247021    0.925129    -1.06237  -0.000526653
