Time   C(t)   
ps   
0           1           1  1.5422e-09   0.0538356
10    0.459647     0.86813    0.462712   0.0282976
20    0.434049    0.861883     1.44505  0.00275951
30    0.404457    0.854661     1.84068  0.00169864
40    0.400076    0.853592     0.16897  0.000814079
50    0.388175    0.850688    0.858336  0.00030095
60    0.394057    0.852123    0.757511  0.000104375
70    0.386088    0.850178    0.658221  0.00147175
80    0.364622     0.84494     1.24993   0.0012359
90     0.36137    0.844146     2.13461  0.000941338
100    0.345795    0.840345     1.05423  0.000823361
110    0.344903    0.840127     1.54482  0.000567009
120    0.334455    0.837578   -0.912372  0.00100601
130    0.324782    0.835217     2.72565  0.000629106
140    0.321873    0.834507      2.4295  0.000451069
150    0.315761    0.833015    0.761254  -0.000287552
160    0.327624     0.83591    0.365055  0.000312893
170    0.309503    0.831488    0.464632  0.00141339
180    0.299356    0.829012   -0.122756  -6.66767e-05
190    0.310837    0.831814    0.168106  0.000175044
200    0.295855    0.828157    0.465784  0.000636029
210    0.298116    0.828709    0.759333  5.5173e-05
220    0.294752    0.827888   -0.911123  0.000236104
230    0.293394    0.827557    -0.32412  0.00063967
240    0.281958    0.824766    0.169546  0.000237153
250    0.288651    0.826399    -1.30694  -0.000185473
260    0.285668    0.825671    0.560659  0.000157167
270    0.285508    0.825632   -0.520107  0.000501601
280    0.275636    0.823223   -0.224733  3.63782e-05
290     0.28478    0.825455    -2.09367  3.74287e-05
300    0.274887     0.82304    -1.69997  0.000726484
310     0.27025    0.821909    -1.20784  -0.000185901
320    0.278605    0.823948    -1.40613  -0.00014493
330    0.273149    0.822616    0.658413  -2.38255e-05
340    0.279082    0.824064    0.166091  0.000445415
350    0.264241    0.820442    -1.50216  0.000547287
360    0.268136    0.821393    0.757607  0.000345168
370    0.257337    0.818757    -1.30665  0.000529078
380    0.257555     0.81881    -1.99602  1.92091e-05
390    0.256953    0.818664    -1.11268  0.000490343
400    0.247748    0.816417    -2.48709  0.000285831
410    0.251237    0.817269    -2.97999  8.18312e-05
420    0.246111    0.816018    -1.30838  0.000287051
430    0.245496    0.815867    -2.68481  0.000370154
440    0.238708    0.814211   -0.914771  0.000535331
450    0.234789    0.813255    -3.47087  0.000289274
460    0.232922    0.812799    -1.89855  4.23878e-05
470    0.233941    0.813048    -1.80108  -0.00043247
480    0.241572     0.81491    -1.21274  1.19656e-06
490    0.233917    0.813042    -2.19412  0.000621364
500    0.229145    0.811877   -0.719551  0.000374183
510    0.226434    0.811216    -2.78323  0.000852167
520    0.212101    0.807718   -0.619588  0.000604194
530     0.21435    0.808267   -0.719743  -0.000703219
540    0.226166     0.81115   -0.917746  0.000169721
550    0.210955    0.807438      0.5573  0.000751921
560    0.211127     0.80748    0.458872  -0.000309192
570    0.217139    0.808947   -0.425328  0.000588123
580    0.199365     0.80461   -0.326135  0.000525428
590    0.206631    0.806383   -0.623237  -0.000267085
600    0.204706    0.805913    -1.31059  -0.000205269
610    0.210736    0.807385    -1.99918  -0.000435914
620    0.213425    0.808041    -1.41112  0.000234541
630    0.206045     0.80624   -0.524426  0.000843765
640    0.196549    0.803922   0.0658408  -0.000185095
650    0.209747    0.807143   -0.722238  -0.000415874
660    0.204867    0.805952   -0.918033  0.000383183
670    0.202083    0.805273     -1.6073  2.54497e-05
680    0.204358    0.805828    -1.41103  0.000131387
690    0.199456    0.804632    -2.29485  0.000236996
700    0.199618    0.804671   -0.133121  0.000258928
710    0.194277    0.803368    -2.68836  0.000428697
720    0.191044    0.802579   -0.427824  0.000387311
730    0.186531    0.801477    -3.57256  0.000770372
740    0.175637    0.798819    -2.09838  0.000218946
750    0.182152    0.800409   -0.624292  -0.000226579
760    0.180168    0.799925  -0.0349834  2.81602e-05
770    0.181589    0.800271    -2.29561  0.000156385
780    0.177041    0.799161    -0.42792  0.000241746
790    0.176754    0.799091    -2.09924  0.000434888
800    0.168343    0.797039  -0.0347919  0.000414055
810    0.168473    0.797071    -1.70592  -0.000312953
820    0.174602    0.798566    -1.90383  -0.000291875
830     0.17431    0.798495   -0.625348  0.000136577
840     0.17187      0.7979    0.159469  -5.66751e-05
850    0.175444    0.798772     1.73208  0.000287674
860    0.166117    0.796496   -0.330742  0.000933779
870    0.156768    0.794214     1.43862  0.000569268
880    0.154731    0.793717   -0.428496  3.12865e-05
890    0.156142    0.794061    0.651022  0.000355694
900    0.147618    0.791981     2.22584  3.14087e-05
910    0.155514    0.793908     2.02678  -0.000660563
920    0.160829    0.795205     1.14133  0.000703683
930    0.141441    0.790473   -0.330357  3.10183e-05
940    0.160208    0.795054     2.41933  -0.000510015
950    0.151641    0.792963     2.41847  0.000705478
960    0.146099     0.79161   0.0607545  0.00020638
970    0.147513    0.791955   -0.135809  -0.000294208
980    0.151983    0.793046     3.59852  -0.000272898
990    0.152971    0.793287     1.43545  0.00022885
1000    0.147406    0.791929    0.847299  0.000272788
1010    0.147515    0.791956   -0.725981  0.000383147
1020    0.139743    0.790059    0.355264  0.000361618
1030    0.140283    0.790191     1.63375  -7.59698e-05
1040    0.141263     0.79043     1.14037  -0.000427672
1050    0.148837    0.792278     1.43459  0.000231561
1060    0.136631      0.7893   -0.334293  0.000671395
1070    0.135409    0.789001    0.943518  -9.84296e-06
1080    0.136828    0.789348     0.15659  0.000100614
1090    0.133396     0.78851    0.647471  0.000409891
1100     0.12863    0.787347   -0.237019  3.46936e-05
1110    0.132702    0.788341      1.3353  0.000854598
1120    0.111538    0.783176     -1.2183  0.000566935
1130    0.121364    0.785574    0.450907  -0.000628532
1140    0.124109    0.786244     1.53187  0.000325104
1150    0.114862    0.783987     1.03983  0.000213939
1160     0.11983      0.7852     1.23697  -0.000475175
1170    0.124365    0.786306     2.12136  0.000192544
1180    0.115979     0.78426    0.155821  3.60493e-05
1190    0.123644     0.78613   -0.238458  0.000238156
1200    0.111216    0.783097    0.647087  -7.56521e-05
1210    0.125157      0.7865    0.153806  -0.000320659
1220    0.117629    0.784662     2.21893  0.000932985
1230    0.106498    0.781946      2.1206  0.000643088
1240    0.104768    0.781524      3.6934  -0.000163919
1250    0.109776    0.782746     1.33396  -0.000141413
1260    0.107596    0.782214     3.10351  0.000375954
1270    0.102257    0.780911     2.31697  -7.4419e-05
1280    0.109084    0.782577     2.21768  -0.000322222
1290    0.108701    0.782484      2.0216  0.000422505
1300    0.100634    0.780515     2.02207  -0.000210581
1310    0.112913    0.783511    0.250983  -0.000776185
1320    0.116158    0.784303    0.644111  0.000151353
1330    0.109886    0.782773     1.03781  0.000219215
1340    0.111774    0.783233    0.544917  6.11205e-05
1350    0.108663    0.782474     1.23371  0.000607197
1360   0.0996296     0.78027    0.349889  0.000539886
1370   0.0978658    0.779839     3.00489  0.000245006
1380   0.0947295    0.779074     0.64459  0.000131314
1390   0.0952395    0.779198     1.92125  0.000269052
1400   0.0893485    0.777761     1.33252  -9.69984e-05
1410   0.0971795    0.779672     1.13528  -0.000348502
1420   0.0963185    0.779462     2.21547  0.000430309
1430   0.0885733    0.777571     1.52831  0.000155213
1440   0.0932143    0.778704     2.90359  -7.36739e-05
1450   0.0900468    0.777931     3.19887  0.000363193
1460   0.0859504    0.776931     1.43008  0.000248756
1470   0.0850716    0.776717      1.4295  -2.74524e-05
1480   0.0864995    0.777065     3.19877  0.000180576
1490   0.0814601    0.775836     1.52783  0.000550767
1500   0.0754841    0.774377     1.33117  0.000575142
1510   0.0699573    0.773028     2.31361  0.00018236
1520   0.0718369    0.773487    0.741865  -0.000536454
1530   0.0806864    0.775647      1.3305  -0.000421114
1540   0.0802592    0.775542     1.72276  0.000577962
1550   0.0691271    0.772826     3.39533  0.000625332
1560   0.0677526     0.77249      2.0191  -0.000212327
1570   0.0733737    0.773862     2.01891  6.77515e-05
1580   0.0663975     0.77216     2.11676  -0.000236775
1590   0.0781092    0.775018    0.444283  -0.000493701
1600   0.0762715    0.774569     1.32993  0.000324591
1610   0.0716174    0.773434    0.248967  0.000419062
1620   0.0678903    0.772524    0.936126  0.000796078
1630   0.0556958    0.769548     1.23246  -0.000378641
1640   0.0754631    0.774372   -0.834101  -0.00030703
1650   0.0618364    0.771047    0.151213  0.000397618
1660   0.0675108    0.772431     0.44582  -0.000426523
1670   0.0703669    0.773128    0.640752  -0.000285867
1680   0.0732281    0.773827    0.345954  0.000494336
1690   0.0604802    0.770716     1.23073  0.000186573
1700   0.0694967    0.772916    0.543285  -0.000523253
1710   0.0709452    0.773269     1.82052   0.0001637
1720   0.0662227    0.772117   -0.734813  9.24438e-05
1730   0.0690963    0.772818    0.345858  -0.000264008
1740   0.0715028    0.773406    0.640368  6.89846e-05
1750   0.0677167    0.772482     1.23083  0.000355206
1760   0.0643987    0.771672    0.934399  4.54769e-05
1770   0.0668071     0.77226    0.738504  -0.000121545
1780   0.0668296    0.772265     1.72037  4.57089e-05
1790   0.0658929    0.772036     1.42701  0.000285562
1800   0.0611184    0.770871     2.80295  2.18593e-05
1810   0.0654558     0.77193     3.48963  -0.000169793
1820   0.0645142      0.7717     2.70434  0.000334959
1830   0.0587566    0.770295      2.6062  9.44585e-05
1840   0.0626251    0.771239     3.78472  0.000288248
1850   0.0529916    0.768888     3.39236  -0.000412406
1860   0.0708732    0.773252     4.47197  -0.000387494
1870   0.0607415    0.770779     5.06262  0.000651111
1880   0.0578509    0.770074     4.37479  9.54723e-05
1890    0.058832    0.770313     5.55466  -0.000122509
1900   0.0603011    0.770672     4.08029  0.000582102
1910     0.04719    0.767472     7.42264  0.000144588
1920   0.0574094    0.769966     5.94663  -0.00051153
1930   0.0574206    0.769969      6.5369  0.000364853
1940   0.0501123    0.768185     6.04641  0.000169916
1950   0.0540223     0.76914     7.02826  0.000342237
1960   0.0432676    0.766515     8.50302  0.000219691
1970   0.0496285    0.768067       7.716  -0.000293548
1980   0.0491385    0.767948     6.83113  0.000441788
1990   0.0407927    0.765911     8.20842  -0.000221291
2000   0.0535643    0.769028     8.50139  -0.000663506
2010   0.0540628    0.769149     7.61748  0.00017187
2020    0.050127    0.768189     8.50302  -0.000173384
2030   0.0575305    0.769996     7.91266  -0.000123694
2040   0.0526008    0.768793     6.34063  0.000567778
2050    0.046175    0.767224     9.68308  -0.000272947
2060   0.0580598    0.770125     9.77997  -0.000743616
2070   0.0610473    0.770854     7.51934  -0.000448077
2080   0.0670213    0.772312     8.89462  0.000371338
2090   0.0536205    0.769041     8.79763  0.000868873
2100   0.0496439    0.768071     8.60106  -0.000474137
2110   0.0631033    0.771356     8.10798  -0.000324518
2120   0.0561342    0.769655     10.5661  0.00024801
2130   0.0581431    0.770145     9.38617  0.000299264
2140   0.0501489    0.768194     11.3532  4.88719e-05
2150   0.0571656    0.769907     9.28832  -0.000928247
2160   0.0687139    0.772725     9.77863  -0.000302451
2170   0.0632146    0.771383     9.19028  0.000223745
2180    0.064239    0.771633     9.38655  -0.000203254
2190   0.0672797    0.772375     11.0573  4.84198e-05
2200   0.0632706    0.771397      8.6003  0.000123816
2210   0.0648034    0.771771     11.0577  0.000225602
2220   0.0587585    0.770295     11.1561  -0.000128615
2230   0.0673757    0.772398     7.71456  0.000125379
2240    0.056251    0.769683     9.38646  0.000403553
2250   0.0593046    0.770429     10.5674  -7.71668e-05
2260   0.0577943     0.77006     9.68174  -0.000408376
2270   0.0674722    0.772422     10.1714  0.000406362
2280   0.0496671    0.768077     9.28861  0.00053312
2290   0.0568098     0.76982     9.28813  -0.000893969
2300   0.0675464     0.77244     9.58177  -0.000103324
2310   0.0588763    0.770324     9.38588  0.000663275
2320   0.0542809    0.769203     10.2709  0.000537028
2330   0.0481357    0.767703     9.38646  -0.00012914
2340   0.0568637    0.769833     9.97615  -0.000591102
2350   0.0599577    0.770588     9.87724  -0.000181199
2360   0.0604877    0.770717      11.352  -0.000130386
2370   0.0625655    0.771224     10.9587  -0.000285415
2380    0.066196     0.77211     10.6636  0.000101566
2390   0.0605341    0.770729      10.663  0.000282265
2400   0.0605507    0.770733     9.87753  0.000594302
2410   0.0486481    0.767828     11.5484  0.000231964
2420   0.0559115    0.769601     10.1724  -0.000961109
2430   0.0678703    0.772519     10.4665  2.49976e-05
2440   0.0554115    0.769479     10.3694  0.000674619
2450   0.0543779    0.769226     11.7455  -0.000209494
2460   0.0596014    0.770501     10.5653  -0.000235774
2470   0.0590934    0.770377     12.0392  0.000730696
2480   0.0449875    0.766935     11.9423  0.000103324
2490   0.0570269    0.769873     11.8427  -0.000209238
2500   0.0491722    0.767956     11.2529  -5.36589e-05
2510   0.0581001    0.770135       10.86  -5.26452e-05
2520   0.0502251    0.768213     10.6641  -0.000106573
2530   0.0602315    0.770655     11.6456  -0.000501064
2540   0.0602464    0.770658     11.9402  0.000368004
2550   0.0528714    0.768859     10.4664  2.48877e-05
2560   0.0597487    0.770537     12.3338  5.23401e-05
2570   0.0518246    0.768603     11.0561  0.000369506
2580   0.0523585    0.768734      12.925  -0.000265779
2590   0.0571402      0.7699     12.5301  0.00013234
2600   0.0497118    0.768088     10.3683  0.000530996
2610   0.0465203    0.767309     10.7627  -8.00364e-05
2620   0.0513125    0.768478     10.4655  -0.000319853
2630   0.0529174     0.76887     10.3676  -0.000133964
2640   0.0539918    0.769132     10.8595  -0.000161111
2650   0.0561396    0.769656     9.97423  0.000160036
2660    0.050791    0.768351     9.77786  0.000294073
2670   0.0502581    0.768221     9.38511  0.000805591
2680   0.0346792    0.764419     9.28803  8.04884e-05
2690   0.0486483    0.767828     8.99256  -0.000429076
2700   0.0432607    0.766513     10.4665  -0.000647399
2710   0.0615963    0.770988     9.68039  -0.00140386
2720    0.071338    0.773365     10.2685  0.000349882
2730   0.0545987     0.76928     9.67953  0.00113449
2740   0.0486481    0.767828     10.4667  8.05371e-05
2750   0.0529879    0.768887      9.8759  -0.000353118
2760   0.0557105    0.769552     10.1704  -0.000190993
2770   0.0568078    0.769819     8.59847  0.000380338
2780   0.0481037    0.767695      9.3853  0.000353423
2790   0.0497393    0.768094     10.0721  -8.18439e-05
2800   0.0497406    0.768095     9.18768  0.000492125
2810   0.0398968    0.765692     9.28649  0.000191555
2820   0.0459095     0.76716     8.49947  -0.000437599
2830   0.0486488    0.767828     9.57937  0.00022007
2840   0.0415081    0.766086     11.0555  0.000660075
2850   0.0354473    0.764606     10.9587  0.000248878
2860   0.0365305    0.764871     10.8596  -0.000301511
2870   0.0414775    0.766078     8.79609  -0.000523046
2880   0.0469914    0.767424     9.38415  0.00024994
2890   0.0364787    0.764858     8.99304  5.56495e-05
2900   0.0458785    0.767152      10.958  -0.000275646
2910   0.0419917    0.766204     9.38502  0.000139252
2920   0.0430934    0.766472     8.30339  -0.000193753
2930   0.0458667    0.767149     10.9571  0.000167888
2940   0.0397356    0.765653     9.87599  -5.54051e-05
2950   0.0469748     0.76742     8.89279  -0.000892564
2960   0.0575869    0.770009     10.0715  -0.000111653
2970   0.0492079    0.767965     9.28573  0.000699043
2980   0.0436061    0.766598      9.2864  0.000673154
2990   0.0357448    0.764679     9.67981  -0.000139716
3000   0.0464004    0.767279     9.58091  -0.000560768
3010   0.0469602    0.767416     10.5628  0.000394699
3020   0.0385064    0.765353      9.4821  -2.8014e-05
3030   0.0475205    0.767553     9.38377  0.000114462
3040   0.0362172    0.764794     8.20467  5.67852e-05
3050   0.0463848    0.767276     8.59665  -0.000593203
3060   0.0480812     0.76769     9.08772  -0.000226676
3070   0.0509183    0.768382     8.89193  0.000625234
3080   0.0355765    0.764638     10.2685  0.000170404
3090   0.0475102     0.76755     8.89058  8.73758e-05
3100    0.033829    0.764211     10.0713  0.000456833
3110   0.0383735    0.765321     8.98978  -0.000540875
3120   0.0446465    0.766851     8.79254  -0.00017027
3130   0.0417789    0.766152     10.4625  0.000401904
3140   0.0366084     0.76489     8.20275  0.000489036
3150   0.0319982    0.763765     8.30156  -0.00037201
3160   0.0440486    0.766706     8.00504  -0.000314272
3170   0.0382837    0.765299     8.59588  0.000404359
3180   0.0359615    0.764732     8.49774  0.000174764
3190   0.0347884    0.764446     8.59675  -0.000402979
3200    0.044021    0.766699     8.10347  3.10548e-05
3210   0.0341673    0.764294     7.80895  0.000203706
3220   0.0399469    0.765705     8.49621  -0.000607869
3230   0.0463247    0.767261     7.11968  0.000583055
3240   0.0282858    0.762859     7.61345  0.000437319
3250   0.0375783    0.765126     9.38108  -5.53074e-05
3260    0.029392    0.763129      8.2017  0.000439932
3270   0.0287797    0.762979     9.18519  3.21171e-05
3280   0.0287496    0.762972     7.90757  0.00014951
3290   0.0257895    0.762249     9.57774  0.000355121
3300   0.0216472    0.761239     9.18548  0.000444328
3310   0.0169029    0.760081     10.2663  -8.4274e-05
3320   0.0233327     0.76165     8.98815  0.000270077
3330   0.0115014    0.758763     9.28438  0.000269552
3340   0.0179416    0.760334     7.90728  -0.000201422
3350   0.0155298    0.759746     8.29974  4.61601e-06
3360   0.0178493    0.760312     8.20227  -0.000172944
3370   0.0189887     0.76059     9.77575  -5.47457e-05
3380   0.0189442    0.760579     7.41563  0.000450691
3390  0.00997488     0.75839     8.20256  3.42786e-05
3400   0.0182587    0.760412     8.88982  -0.000262652
3410   0.0152279    0.759672     8.29965  0.000183935
3420     0.01458    0.759514     8.29955  -5.48068e-05
3430   0.0163241    0.759939     8.10231  0.000125123
3440   0.0120775    0.758903     7.02183  -0.000355304
3450   0.0234301    0.761674     9.28083  -0.000505558
3460   0.0221887    0.761371     9.18298  0.000606135
3470   0.0113074    0.758715     8.49477  0.00130092
3480  -0.00382964    0.755021      7.6122  0.000791084
3490  -0.00451423    0.754854     7.21878  -0.000597001
3500  0.00811038    0.757935     9.57621  -0.000325104
3510  0.00198784    0.756441     8.39769  -0.000266829
3520    0.013447    0.759237     8.00274  -0.000175142
3530  0.00549069    0.757296     8.29782  5.44651e-06
3540    0.013338    0.759211     6.52874  0.000342042
3550  -0.00135014    0.755626     7.41448  5.48312e-06
3560   0.0132284    0.759184      8.2982  -0.000756781
3570   0.0137855     0.75932     8.88761  -0.000147641
3580   0.0161812    0.759905      6.9212  9.74872e-05
3590   0.0118357    0.758844     8.78985  -0.000117832
3600   0.0185378     0.76048     8.98584   5.764e-06
3610   0.0117204    0.758816     8.49457  0.000374586
3620   0.0110461    0.758651     8.49448  -0.000179429
3630    0.015309    0.759692     7.70803  6.77391e-05
3640  0.00969132    0.758321     8.00226  6.71896e-05
3650   0.0139652    0.759364     8.49429  6.82032e-05
3660  0.00832726    0.757988     9.87033  0.000191873
3670   0.0101278    0.758427      8.5929  0.000130862
3680  0.00571002    0.757349      8.5931  0.000473576
3690  0.000656265    0.756116     8.49496  3.80033e-05
3700  0.00494995    0.757164     8.88732  -0.000305015
3710  0.00675657    0.757605      7.7088  3.82475e-05
3720    0.004185    0.756977     7.31606  6.93999e-05
3730  0.00536857    0.757266     7.21715  -0.000369848
3740    0.011582    0.758782     8.39606  -0.000433569
3750     0.01404    0.759382     6.33276  -0.000246166
3760   0.0165053    0.759984     6.92149  6.87405e-05
3770   0.0126652    0.759047     8.10049  0.000637471
3780  0.00375588    0.756872     7.41333  0.000607393
3790  0.000517294    0.756082     6.13581  -0.000309912
3800  0.00995412    0.758385     6.92245  -0.000119285
3810    0.002903    0.756664     5.25122  0.000292608
3820  0.00410196    0.756957     5.05466  -2.44481e-05
3830  0.00339196    0.756783     6.52865  0.000198797
3840  0.000126026    0.755986     5.54592  0.000359102
3850  -0.00379007    0.755031     6.52855  0.000296113
3860  -0.00579623    0.754541     8.00264  -0.000151867
3870  -0.000752738    0.755772     5.84034  4.1044e-05
3880  -0.00661711    0.754341     6.23347  0.000201178
3890  -0.0047763     0.75479     5.05351  -0.000216589
3900  -0.00228533    0.755398     5.44673  7.33566e-05
3910  -0.00624343    0.754432     4.46449  0.000396445
3920  -0.0102142    0.753463     4.76005  0.000171039
3930  -0.00966421    0.753597     6.23299  -0.000120079
3940  -0.00781265    0.754049     5.54535  7.46266e-05
3950  -0.0111567    0.753233     5.64358  0.000855831
3960  -0.0249293    0.749872     5.84082  -0.000446612
3970  -0.00222451    0.755413     5.05264  -0.00106574
3980  -0.00361446    0.755074     5.93761  0.000793697
3990  -0.0180984    0.751539     5.84034  0.000893675
4000   -0.021488    0.750712     5.25113  4.39748e-05
4010  -0.0189779    0.751324      5.7423  0.000307629
4020  -0.0276405     0.74921     5.93848  -0.000219203
4030  -0.0145939    0.752394     5.54458  -0.000317142
4040  -0.0212977    0.750758     6.92159  0.000241966
4050  -0.0194332    0.751213     5.54487  -0.000484786
4060   -0.011602    0.753124     5.15126  0.000343067
4070  -0.0262946    0.749539     5.74191  0.000408804
4080  -0.0197781    0.751129     5.93752  -0.000486422
4090  -0.0165661    0.751913     6.42955  -0.000321697
4100  -0.0133441    0.752699     6.62554  0.000177963
4110  -0.0201254    0.751044     6.13379  0.000846586
4120  -0.0302759    0.748567     5.24998  0.000882721
4130  -0.0377798    0.746736     6.52846  -0.000422762
4140  -0.0218206     0.75063      7.0179  -0.0001197
4150  -0.0353858     0.74732     5.54458  0.000786528
4160  -0.0375512    0.746792     5.15184  -0.000255386
4170  -0.0302781    0.748567     5.05245  -0.000221743
4180  -0.0331163    0.747874     5.15068  1.35674e-05
4190  -0.0305494      0.7485     7.01847  0.000624404
4200  -0.0456044    0.744826     5.54516  0.00025143
4210   -0.035578    0.747273     4.56138  -0.00080023
4220  -0.0295998    0.748732     6.42773  -0.00059882
4230  -0.0236016    0.750196     5.14934  -8.88046e-05
4240  -0.0278237    0.749165     6.22992  0.000217737
4250  -0.0279563    0.749133     6.72128  -0.000157985
4260   -0.024664    0.749937     6.72147  -8.95862e-05
4270  -0.0261646     0.74957     6.32844  0.000150316
4280  -0.0276703    0.749203     7.01636  0.000529677
4290  -0.0367582    0.746985     7.80291  0.000220387
4300  -0.0320781    0.748127      6.1313  -0.000745289
4310  -0.0218524    0.750623     6.52442  0.000395053
4320  -0.0399792    0.746199     6.62477  8.17949e-05
4330  -0.0234883    0.750224     6.91631  0.000224075
4340  -0.0444607    0.745105      5.9356  0.000569609
4350  -0.0348805    0.747443     7.01617  -0.000366991
4360  -0.0371208    0.746897     6.42686  -0.000124842
4370  -0.0323836    0.748053     7.01627  -0.000159694
4380   -0.033927    0.747676     6.52443  0.000259783
4390  -0.0375793    0.746785     7.60682  -0.000652443
4400  -0.0208781    0.750861     10.3561  -0.000301144
4410  -0.0315564    0.748255      7.4092  0.000400121
4420  -0.0288805    0.748908     7.01579  0.000332114
4430  -0.0381987    0.746634     4.26466  -0.000481208
4440  -0.0192564    0.751256     5.83554  -0.000480365
4450  -0.0285914    0.748978     7.50648  0.00104161
4460  -0.0400886    0.746172     6.13178  0.000227336
4470  -0.0331381    0.747869     7.70275  -0.000482625
4480  -0.0304361    0.748528     6.62208  -0.000163602
4490   -0.029866    0.748667     7.40757   0.0004434
4500  -0.0393041    0.746364     7.11306  0.000444096
4510   -0.038748    0.746499      8.1946  -0.000306908
4520  -0.0331659    0.747862      7.9965  0.00030355
4530   -0.044819    0.745018     7.11325  0.000122986
4540  -0.0356256    0.747261     7.80137  0.000161477
4550  -0.0480485     0.74423     7.31049  0.000521617
4560   -0.046058    0.744716     7.11201  0.000379959
4570  -0.0556477    0.742375     6.13015  0.000452828
4580  -0.0551145    0.742505     7.60452  -0.00038057
4590  -0.0480363    0.744233     7.80051  -0.000417755
4600  -0.0467594    0.744544     7.79993  0.000309827
4610  -0.0542328     0.74272     8.58686  0.000163907
4620  -0.0500376    0.743744     7.11277  -0.000237166
4630  -0.0494895    0.743878     6.52154  0.000458677
4640  -0.0592111    0.741506     7.11316  0.000165361
4650  -0.0527967    0.743071     8.29168  -0.000753117
4660  -0.0441488    0.745181     8.97922  0.000314162
4670  -0.0590799    0.741538     8.88175  0.000830613
4680   -0.060761    0.741127     7.50581  0.000242503
4690    -0.06393    0.740354     8.39039  9.48615e-05
4700  -0.0626583    0.740664     6.71926  -0.000908061
4710  -0.0457688    0.744786      8.1921  -0.000463049
4720  -0.0533973    0.742924     8.48738  0.000689579
4730  -0.0595604     0.74142     7.01435  -0.00024232
4740  -0.0485509    0.744107     8.19239  -0.000803393
4750  -0.0434925    0.745342     7.70054  -0.000169061
4760  -0.0451697    0.744932     8.29053  0.00107034
4770  -0.0648994    0.740117     7.60346  0.000168621
4780  -0.0485421    0.744109     7.60212  -0.00114817
4790   -0.041936    0.745721     7.99582  0.000434693
4800   -0.057236    0.741988     8.68471  0.00013107
4810  -0.0445574    0.745082     8.97797  -0.000814701
4820  -0.0409419    0.745964     7.20899  0.000892833
4830   -0.062414    0.740724     7.30828  0.000779543
4840  -0.0565328    0.742159     7.50398  -0.000322087
4850  -0.0559723    0.742296     7.50456  0.000288249
4860  -0.0622978    0.740752     6.81692  0.000442069
4870  -0.0648137    0.740138     8.09367  0.000290483
4880  -0.0681074    0.739334     7.20937  -0.000439566
4890  -0.0560223    0.742284     6.61968  -0.000285562
4900  -0.0623962    0.740728      6.5202  -0.000365781
4910  -0.0487067    0.744069     7.50302  -1.68402e-05
4920  -0.0620594     0.74081     8.09243  0.000911248
4930  -0.0669317    0.739621     7.99496  -5.5857e-05
4940  -0.0609423    0.741083     7.30703  -1.6034e-05
4950   -0.066611      0.7397      6.7182  2.17373e-05
4960   -0.061377    0.740977     7.30675  -0.000328963
4970  -0.0600317    0.741305     7.30674  -1.72554e-05
4980  -0.0610319    0.741061     6.02932  6.09981e-05
4990  -0.0612517    0.741008     6.02846  0.000139252
