Time   C(t)   
ps   
0           1           1  1.39494e-09   0.0516741
10      0.4903    0.582959   -0.431182   0.0268411
20    0.463177    0.560767    0.679752  0.00200814
30    0.450138    0.550098     1.10381  0.00132063
40    0.436765    0.539156     2.77316  0.00113593
50    0.427419    0.531509    -1.29359  0.00113589
60    0.414047    0.520568   -0.437116  0.00109682
70    0.405483    0.513561    -1.89544  0.00102982
80    0.393451    0.503716    -1.12412  0.00108842
90    0.383714     0.49575     1.69563  0.000657377
100    0.380303    0.492958    -0.23056  0.000346667
110    0.376781    0.490077     1.77878  0.000722083
120    0.365861    0.481142   -0.703861  0.000824036
130      0.3603    0.476592     2.71894  0.000686148
140    0.352138    0.469914   -0.746668  0.000415233
150    0.351996    0.469797    0.579597  0.000338632
160    0.345366    0.464373     -2.2881  0.000689666
170    0.338202    0.458511     -3.2301  0.000415424
180    0.337057    0.457574    0.489846  0.000367114
190     0.33086    0.452504    -1.77717  0.000547393
200    0.326109    0.448617    -4.04515  0.000418225
210    0.322495     0.44566    -1.60703  0.000189388
220    0.322322    0.445518     -2.6369  0.000239532
230    0.317705     0.44174    -2.20846  0.000598249
240    0.310357    0.435728     -3.1926  0.000374126
250    0.310222    0.435618     -2.8937  0.000354271
260    0.303271     0.42993    -1.82365  0.000412403
270    0.301974    0.428869    -2.76654  0.000237522
280    0.298521    0.426044   -0.971107  0.000306249
290    0.295849    0.423858     1.51019  0.00036487
300    0.291223    0.420073    -2.85378  0.000252233
310    0.290805     0.41973    -3.41035  0.000229205
320    0.286639    0.416322    -4.90776  0.000485598
330    0.281093    0.411784   0.0144154  0.000119117
340    0.284257    0.414373    -2.60007  0.000196566
350    0.277161    0.408567    -3.71259  0.000572574
360    0.272806    0.405003    -4.69703  0.000340553
370     0.27035    0.402994    -1.10312  0.000386457
380    0.265076    0.398679    -3.02822  0.000283524
390     0.26468    0.398355   -0.290582  0.000255117
400    0.259974    0.394504    -4.69749  0.000271389
410    0.259252    0.393913    -1.79004  0.000317492
420    0.253624    0.389309    -1.44833  0.00049933
430    0.249265    0.385742     -2.5163  0.000278742
440    0.248049    0.384747    -3.41562  2.01292e-05
450    0.248863    0.385413    -1.49097  0.000103265
460    0.245984    0.383058    -1.96244  0.000333716
470    0.242188    0.379952  -0.0789287  0.000329002
480    0.239404    0.377674    -2.64681   0.0003915
490    0.234359    0.373545    -2.21936  0.000195986
500    0.235484    0.374467    -1.87808  5.95041e-05
510    0.233168    0.372572    -2.90411  0.000274953
520    0.229985    0.369967    -1.87737  0.000181098
530    0.229546    0.369608    -4.78782  0.00018971
540    0.226191    0.366863    -1.75154  0.000200792
550    0.225531    0.366322    -2.26514  0.000182407
560    0.222543    0.363878      -2.351  0.00021786
570    0.221173    0.362757    -4.79033  0.000291613
580    0.216711    0.359106    -2.00754  0.000278499
590    0.215603      0.3582    -2.86372  4.83856e-05
600    0.215743    0.358314    -4.23438  0.000298723
610    0.209629    0.353311    -5.34536  0.000192837
620    0.211886    0.355158    -5.00478  -8.96826e-05
630    0.211423    0.354779    -2.69538  0.000152774
640    0.208831    0.352658    -3.03792  0.000180279
650    0.207817    0.351829    -5.30615  9.8753e-05
660    0.206856    0.351042     -6.0329  6.33597e-05
670     0.20655    0.350792    -3.72216  0.000249851
680    0.201859    0.346954    -5.99051  0.000291312
690    0.200724    0.346025    -4.87824  2.02939e-05
700    0.201453    0.346622    -6.63208  0.000149626
710    0.197731    0.343577    -5.09165  0.000207474
720    0.197303    0.343227    -2.22538  1.25445e-05
730     0.19748    0.343371    -4.36719  7.32861e-05
740    0.195838    0.342027    -7.87457  0.000244466
750    0.192591    0.339371    -6.59056  0.000374763
760    0.188342    0.335895    -7.57396  5.74328e-05
770    0.191442    0.338431    -2.35672  6.62535e-05
780    0.187017     0.33481    -4.92347  0.00027113
790     0.18602    0.333994    -6.16538  -1.67243e-05
800    0.187352    0.335084    -3.85497  0.000233407
810    0.181351    0.330175    -7.27644  0.000291947
820    0.181513    0.330307    -6.20747  -6.07163e-05
830    0.182566    0.331168    -6.85113  0.000137125
840     0.17877    0.328063    -5.86548  0.000117614
850    0.180214    0.329243    -6.38079  3.61875e-06
860    0.178698    0.328003    -6.93687  0.000255169
870     0.17511    0.325068    -7.19358  0.000247199
880    0.173754    0.323958    -7.53487  -3.23839e-05
890    0.175758    0.325598    -7.57864  0.000108016
900    0.171594    0.322191    -8.34879  0.00022869
910    0.171184    0.321855    -8.98951  0.00010004
920    0.169593    0.320554    -6.25216  0.000294443
930    0.165295    0.317037    -7.74836  0.000137143
940     0.16685    0.318309    -6.93766  1.36085e-05
950    0.165023    0.316814    -8.60667  0.000312836
960    0.160593     0.31319    -11.4716  9.00231e-05
970    0.163223    0.315341    -5.05419  -6.50674e-05
980    0.161895    0.314255    -9.24819  0.000217937
990    0.158864    0.311775    -5.95306  0.000121868
1000    0.159457    0.312261    -6.25271  -4.80726e-05
1010    0.159825    0.312562    -6.76819  -8.23013e-05
1020    0.161103    0.313607    -7.06808  0.00012536
1030    0.157318     0.31051    -8.60763  0.00019374
1040    0.157228    0.310437    -7.36736  3.17819e-05
1050    0.156682     0.30999    -8.90837  6.03758e-05
1060    0.156021    0.309449    -6.16922  5.76481e-05
1070    0.155529    0.309047    -8.26651  0.000163709
1080    0.152747     0.30677    -5.05845  0.000112358
1090    0.153282    0.307208    -6.72726  -5.0737e-05
1100    0.153762      0.3076    -7.53909  0.000107119
1110     0.15114    0.305455    -4.80449  0.000135936
1120    0.151043    0.305376    -8.99507  -7.55116e-06
1130    0.151291    0.305579    -6.72768  -0.000140116
1140    0.153845    0.307669    -7.54226  0.000191495
1150    0.147461    0.302445    -6.89836  0.000410949
1160    0.145626    0.300944    -7.88259  0.000290688
1170    0.141647    0.297688     -10.834  0.000117519
1180    0.143276    0.299021    -8.56679  -0.000174624
1190     0.14514    0.300546    -5.52971  0.00012676
1200    0.140741    0.296946    -6.47075  0.000193501
1210     0.14127    0.297379    -6.47221  -9.07771e-05
1220    0.142556    0.298432    -7.15809  -6.50361e-06
1230      0.1414    0.297486    -5.27429  0.000191551
1240    0.138725    0.295297    -7.24311  0.000113114
1250    0.139138    0.295635    -8.18378  7.26402e-05
1260    0.137272    0.294109    -9.03896  0.000148728
1270    0.136163    0.293201     -8.3117  7.2968e-05
1280    0.135813    0.292915     -7.6283  1.45406e-05
1290    0.135872    0.292963    -7.75617  6.74456e-05
1300    0.134464    0.291811    -7.45794  4.98883e-05
1310    0.134874    0.292147    -6.60356  0.000220723
1320     0.13005    0.288199    -8.91267  0.000229758
1330    0.130279    0.288387    -4.03464  4.77731e-05
1340    0.129094    0.287417    -5.10452  4.1911e-05
1350    0.129441    0.287701    -4.71997  1.25393e-05
1360    0.128843    0.287212    -5.91639  0.000163401
1370    0.126173    0.285027    -3.34969  0.00019624
1380    0.124918    0.284001    -6.64377  3.66479e-05
1390     0.12544    0.284427    -6.17398  1.90262e-05
1400    0.124538    0.283689    -7.33044  0.000167597
1410    0.122088    0.281685    -5.61896  5.4827e-05
1420    0.123441    0.282792    -6.64595  -0.000117629
1430    0.124441     0.28361    -6.21871  3.12008e-05
1440    0.122817    0.282281    -9.04343  1.32091e-05
1450    0.124176    0.283393    -8.95715  0.000109098
1460    0.120635    0.280496    -6.68901  0.000109068
1470    0.121995    0.281609    -5.96338  6.46595e-05
1480    0.119342    0.279438    -6.09075  8.85736e-05
1490    0.120224    0.280159     -8.8725  0.000125038
1500    0.116841    0.277392    -6.47564  0.000107037
1510    0.118083    0.278408    -6.04908  -2.79371e-05
1520      0.1174    0.277849     -6.7765  7.13579e-05
1530    0.116656     0.27724    -7.67436  4.43585e-05
1540    0.116513    0.277123    -4.46659  9.58696e-05
1550    0.114738    0.275671    -5.57882  0.000174665
1560     0.11302    0.274265    -4.97877  0.000302313
1570    0.108692    0.270724    -4.84826  -3.6772e-05
1580    0.113755    0.274867    -2.19736  -4.23845e-05
1590     0.10954    0.271418    -4.97882  0.000191023
1600    0.109935    0.271741    -3.52392  1.52413e-05
1610    0.109235    0.271168    -3.95224  0.000112714
1620     0.10768    0.269896    -3.65297  9.76853e-05
1630    0.107281     0.26957    -3.73866  3.07892e-05
1640    0.107065    0.269392    -2.88223  -0.000161779
1650    0.110517    0.272217    -6.56497  6.15545e-05
1660    0.105834    0.268385    -4.80859  0.000238997
1670    0.105737    0.268306     -5.1964  0.000117096
1680    0.103492    0.266469    -4.85265  4.96477e-05
1690    0.104744    0.267494    -4.38232  -5.46232e-05
1700    0.104584    0.267363    -4.21088  -2.47322e-06
1710    0.104793    0.267534    -3.48475  0.000167142
1720    0.101241    0.264628     -5.0243  0.000170403
1730    0.101385    0.264746    -5.11012  1.95723e-05
1740     0.10085    0.264307    -2.54308  2.57809e-05
1750     0.10087    0.264324    -4.51233  6.30699e-05
1760   0.0995884    0.263275    -5.75256  0.000106565
1770   0.0987384     0.26258    -4.29712  -1.12005e-05
1780   0.0998124    0.263459    -4.81139  0.000209707
1790   0.0945443    0.259148    -5.28126  0.000122656
1800   0.0973593    0.261451    -6.09497  -0.000185197
1810   0.0982482    0.262179    -5.66766  5.76992e-05
1820   0.0962054    0.260507    -4.46935  -9.54833e-05
1830    0.100158    0.263741    -7.38064  2.98291e-05
1840   0.0956088    0.260019    -6.60962  0.000217354
1850   0.0958108    0.260184    -6.31135  8.01563e-05
1860   0.0940056    0.258707     -6.0969  -2.65494e-05
1870   0.0963418    0.260619    -3.27305  -4.34741e-06
1880   0.0940926    0.258779    -4.85587  6.46103e-05
1890   0.0950496    0.259562    -7.42345  3.97604e-05
1900   0.0932974    0.258128    -6.09777  0.000273257
1910   0.0895844     0.25509    -3.78682  0.000156876
1920   0.0901599    0.255561     -6.6102  -0.000165193
1930   0.0928883    0.257793    -7.46705  -2.92536e-05
1940   0.0907449     0.25604    -6.69586   0.0003288
1950   0.0863123    0.252413     -7.3809  0.000116697
1960    0.088411     0.25413    -6.65451  -2.8884e-05
1970     0.08689    0.252885    -7.46785  -5.7834e-05
1980   0.0895677    0.255076     -7.9812  -0.000131024
1990   0.0895105    0.255029    -8.49639  0.000130195
2000   0.0869638    0.252946    -9.09468  0.00024221
2010   0.0846663    0.251066    -8.28189  4.76554e-05
2020   0.0860107    0.252166    -7.93914  9.55574e-06
2030   0.0844752     0.25091    -8.66749  2.54348e-05
2040    0.085502     0.25175    -9.77917  0.00011558
2050   0.0821636    0.249018    -8.53844  6.41607e-05
2060   0.0842188      0.2507    -9.09535  1.63671e-05
2070   0.0818362     0.24875    -8.10999  1.93335e-05
2080   0.0838321    0.250383    -9.69532  2.93504e-05
2090   0.0812492     0.24827    -7.68355  0.000274781
2100   0.0783365    0.245887    -6.01454  0.000123352
2110   0.0787822    0.246251    -8.92475  -0.000132107
2120   0.0809786    0.248049    -8.24059  -7.39262e-05
2130   0.0802607    0.247461    -10.4666  0.000325265
2140   0.0744733    0.242726    -9.73679  0.000120848
2150   0.0778437    0.245484    -8.92579  -1.50476e-05
2160   0.0747743    0.242972    -8.83984  -1.22301e-05
2170   0.0780883    0.245684    -11.0661  -5.43017e-05
2180   0.0758603    0.243861     -9.9963  0.000223105
2190   0.0736262    0.242033    -9.95237  -5.78448e-05
2200   0.0770172    0.244807    -8.45608  -7.40271e-05
2210   0.0751068    0.243244    -7.34264  9.93844e-05
2220   0.0750295    0.243181    -10.0393  6.03188e-05
2230   0.0739004    0.242257    -6.82996  7.02772e-05
2240    0.073624    0.242031    -8.41303  4.74595e-05
2250   0.0729512     0.24148    -6.95959  -1.51161e-05
2260   0.0739263    0.242278    -6.14672  8.06414e-06
2270   0.0727899    0.241349    -6.44578  -1.97962e-06
2280   0.0739659    0.242311    -8.84214  -3.49503e-05
2290   0.0734889     0.24192    -6.83142  -8.61324e-06
2300   0.0741381    0.242452    -6.96035  0.000144174
2310   0.0706054    0.239561     -8.3711  0.000107698
2320   0.0719842    0.240689    -7.08814  8.83315e-05
2330   0.0688388    0.238116    -7.55856  0.000171595
2340   0.0685523    0.237881    -5.84786  2.53748e-05
2350   0.0683313      0.2377     -8.7572  6.88918e-05
2360   0.0671744    0.236754    -7.34536  3.88879e-05
2370   0.0675536    0.237064    -7.43081  -7.14753e-05
2380    0.068604    0.237924     -8.0732  5.9228e-05
2390    0.066369    0.236095    -8.20071  4.23655e-05
2400   0.0677566     0.23723    -9.35704  6.62733e-05
2410   0.0650435     0.23501    -7.13074  8.30207e-05
2420   0.0660962    0.235872    -8.15928  2.27656e-05
2430   0.0645882    0.234638    -8.41578  0.000151006
2440   0.0630761    0.233401    -8.75807  -8.8704e-05
2450   0.0663623    0.236089    -6.91879  5.02095e-05
2460   0.0620719    0.232579     -6.6612  0.000209215
2470    0.062178    0.232666     -7.3036  -7.855e-05
2480   0.0636429    0.233864    -7.56257  -2.42727e-05
2490   0.0626635    0.233063     -6.8764  2.9989e-05
2500   0.0630431    0.233374    -5.50746  1.65081e-05
2510   0.0623333    0.232793    -7.69016  0.000105234
2520   0.0609385    0.231652    -8.20501  -1.41533e-05
2530   0.0626164    0.233024    -6.53587  0.000109224
2540    0.058754    0.229864    -6.70647  8.1726e-05
2550   0.0609818    0.231687     -7.2628  -1.37836e-08
2560   0.0587543    0.229864    -7.69137  0.000109663
2570   0.0587886    0.229893    -7.17731  0.000116996
2580   0.0564143     0.22795    -6.06445  0.000210179
2590    0.054585    0.226453    -7.09102  -7.90607e-05
2600   0.0579955    0.229244    -4.65336  -0.000286226
2610   0.0603095    0.231137    -7.34954  0.000214609
2620   0.0537034    0.225732    -4.69534  3.44269e-05
2630    0.059621    0.230574    -5.25341  -8.25865e-05
2640   0.0553551    0.227083    -4.95289  0.000274314
2650   0.0541347    0.226085    -6.49373  0.000136127
2660   0.0526325    0.224856    -6.36602  9.81614e-05
2670   0.0521715    0.224478    -4.65433  7.40724e-05
2680   0.0511511    0.223643    -6.45151  9.51901e-05
2690   0.0502677    0.222921    -7.77698  -1.29614e-05
2700   0.0514103    0.223856     -9.4462  0.000151758
2710   0.0472325    0.220437    -8.16258  0.000176369
2720    0.047883    0.220969    -7.00737  -6.16355e-05
2730   0.0484652    0.221446    -8.03366  0.000187892
2740   0.0441251    0.217895    -6.83473  0.000159899
2750   0.0452672    0.218829    -7.09249  -0.000114372
2760   0.0464126    0.219766    -6.45172  5.38435e-06
2770   0.0451596    0.218741    -9.14718  0.000171449
2780   0.0429836    0.216961    -8.24848  0.000122286
2790   0.0427138     0.21674    -8.24878  -0.000129031
2800   0.0455642    0.219072    -6.06708  -0.000139836
2810   0.0455106    0.219028    -5.16901  0.000147625
2820   0.0426117    0.216656    -5.29647  0.000119359
2830   0.0431234    0.217075    -6.19555  -9.40355e-05
2840   0.0444924    0.218195    -5.68211  5.21753e-05
2850   0.0420799    0.216221    -6.40962  0.00025232
2860    0.039446    0.214066    -6.88016  -5.85495e-05
2870   0.0432509    0.217179    -8.72082  -0.000165853
2880   0.0427631     0.21678    -8.07834  -1.41785e-06
2890   0.0432792    0.217203    -7.65199  7.41728e-05
2900   0.0412796    0.215567    -6.36769  0.000247058
2910   0.0383381     0.21316    -6.19563  0.000107042
2920   0.0391388    0.213815    -6.11093  -7.65784e-05
2930   0.0398696    0.214413    -6.15408  -4.06301e-05
2940   0.0399514     0.21448    -5.34292  0.000143924
2950   0.0369911    0.212058     -5.3838  0.000318196
2960   0.0335874    0.209273    -6.92318  0.000275491
2970   0.0314813    0.207549    -6.11081  -8.37166e-05
2980   0.0352618    0.210643     -4.9579  2.93758e-05
2990   0.0308938    0.207069    -5.85497  0.000163843
3000   0.0319849    0.207962    -7.78045  5.14669e-05
3010   0.0298645    0.206227    -7.26702  0.000113571
3020   0.0297135    0.206103    -7.73915  3.34335e-05
3030   0.0291958    0.205679    -6.71173  0.000249956
3040   0.0247144    0.202013    -7.35334  9.97677e-05
3050   0.0272004    0.204047    -4.95824  3.80101e-05
3060   0.0239542    0.201391    -7.69588  -4.70377e-05
3070   0.0281412    0.204817    -7.18408  -2.45051e-05
3080   0.0244443    0.201792    -7.73881  0.000307416
3090   0.0219929    0.199786    -6.07076  -2.43578e-06
3100    0.024493    0.201832    -5.64273  -9.1026e-05
3110   0.0238134    0.201276    -6.84162  0.000157136
3120   0.0213503     0.19926    -8.98088  0.000205778
3130   0.0196978    0.197908    -7.52569  0.000109663
3140    0.019157    0.197466    -8.03875  -5.02185e-05
3150   0.0207022     0.19873    -8.72379  5.43025e-05
3160    0.018071    0.196577    -6.45652  -0.000114069
3170   0.0229836    0.200597    -7.22726  -9.51309e-05
3180   0.0199736    0.198134    -8.59616  0.00019271
3190   0.0191294    0.197443    -7.31342  0.000155892
3200   0.0168557    0.195583     -5.5164  8.47983e-05
3210   0.0174334    0.196055    -6.97138  -4.27925e-05
3220   0.0177116    0.196283     -7.8694  4.38062e-05
3230   0.0165573    0.195339    -9.41008  0.000149593
3240   0.0147197    0.193835     -8.8543  -2.78078e-05
3250   0.0171134    0.195794    -9.02503  -2.3783e-05
3260   0.0151954    0.194224    -9.66609  0.000131384
3270   0.0144858    0.193644    -9.19571  -3.15303e-05
3280    0.015826     0.19474    -8.64127  0.000158796
3290   0.0113098    0.191045    -9.02536  0.000113111
3300   0.0135638    0.192889    -9.88221  -4.63548e-05
3310   0.0122369    0.191804      -9.411  -1.23622e-05
3320    0.013811    0.193091    -8.85584  6.43864e-05
3330   0.0109492     0.19075    -10.2673  0.000106415
3340   0.0116827     0.19135    -9.62608  0.000145407
3350  0.00804106     0.18837    -9.24057  0.000141672
3360  0.00884927    0.189032    -9.28346  -1.54665e-05
3370  0.00835039    0.188624    -8.72776  0.000265945
3380  0.00353036     0.18468    -10.7806  -2.71558e-05
3390   0.0088935    0.189068    -8.64298  -0.000154127
3400   0.0066129    0.187202    -8.89848  6.95505e-05
3410   0.0075025     0.18793    -10.0546  -3.86494e-05
3420  0.00738588    0.187834     -10.097  6.60856e-05
3430  0.00618078    0.186848    -10.0972  0.000140155
3440  0.00458278    0.185541    -8.12984  -7.57617e-06
3450  0.00633231    0.186972    -10.3551  -7.37128e-05
3460  0.00605703    0.186747    -10.1828  -3.49933e-05
3470  0.00703217    0.187545    -10.0557  0.000196042
3480  0.00213619    0.183539      -9.156  0.000255031
3490  0.00193156    0.183372    -9.24161  -7.37893e-05
3500  0.00361197    0.184747    -10.1837  -0.000144694
3510  0.00482543    0.185739    -9.15771  -1.51432e-05
3520  0.00391484    0.184994    -7.95932  6.75235e-05
3530  0.00347496    0.184634    -10.7397  -9.42859e-05
3540  0.00580055    0.186537    -9.28642  0.000151068
3550  0.000453605    0.182162    -9.92803  0.000254029
3560  0.000719972     0.18238    -9.62833  5.08932e-06
3570  0.000351818    0.182079    -9.92769  -0.000106308
3580  0.00284612     0.18412    -10.1003  -8.65021e-05
3590  0.00208186    0.183495    -8.81672  0.000307944
3600  -0.00331275    0.179081    -11.0825  0.000220636
3610  -0.00233085    0.179884    -10.9119  -0.000182382
3620  0.000334899    0.182065    -9.45849  -2.24863e-05
3630  -0.00188113    0.180252    -8.51611  -5.10471e-05
3640  0.00135584    0.182901    -10.0564  -0.000151298
3650  0.00114484    0.182728    -9.58628  0.000278878
3660  -0.00422173    0.178337    -8.30295  0.000214808
3670  -0.00315132    0.179213    -8.04632  -0.000175892
3680  -0.000703891    0.181215    -11.1273  -0.000148013
3690  -0.000191061    0.181635    -9.33103  4.99571e-05
3700  -0.00170303    0.180398      -8.561  0.000147379
3710  -0.00313864    0.179223    -10.6136  8.27987e-05
3720  -0.00335901    0.179043    -8.94514  -0.000173397
3730  0.00032929    0.182061    -8.90338  7.1093e-05
3740  -0.00478087    0.177879    -9.88647  1.75053e-05
3750  -2.08162e-05    0.181774    -9.80157  -7.57607e-05
3760  -0.00326565    0.179119    -9.50204  0.000128284
3770  -0.00258649    0.179675    -10.3578  6.74306e-05
3780  -0.00461427    0.178016    -9.88593  0.000149659
3790  -0.00557968    0.177226    -8.94485  1.02151e-05
3800  -0.00481857    0.177849    -10.7432  -0.000179366
3810  -0.00199237    0.180161     -8.3473  -0.000188046
3820  -0.00105764    0.180926     -8.7324  0.000262272
3830  -0.0072378    0.175869     -8.9892  0.000196226
3840  -0.00498216    0.177715    -9.88764  -9.72226e-05
3850  -0.00529335     0.17746    -8.68854  -5.20078e-05
3860  -0.00394201    0.178566    -7.70545  -3.95527e-05
3870  -0.0045023    0.178107    -9.75914  0.000189634
3880  -0.00773468    0.175463    -10.1444  0.000256902
3890  -0.00964034    0.173903    -8.04815  -9.37568e-05
3900  -0.00585954    0.176997    -8.64754  3.21823e-05
3910   -0.010284    0.173377    -8.86074  6.52096e-05
3920  -0.00716374     0.17593    -9.97393  -5.59407e-05
3930  -0.00916517    0.174292    -8.43358   0.0002089
3940  -0.0113417    0.172511    -10.5725  -6.47498e-05
3950  -0.00787018    0.175352    -9.88915  8.34616e-05
3960   -0.013011    0.171145    -10.7867  0.000205817
3970  -0.0119865    0.171984    -9.37526  -0.000242582
3980  -0.00815933    0.175115    -9.88965  -6.04663e-05
3990  -0.0107772    0.172973     -11.258  0.000330311
4000  -0.0147655     0.16971     -9.3753  0.000207683
4010  -0.0149308    0.169575    -10.2737  -0.00020121
4020  -0.0107413    0.173003    -9.63205  -0.000175858
4030  -0.0114137    0.172452    -10.4454  0.000135891
4040  -0.0134592    0.170779    -9.20373  0.000192021
4050  -0.0152541     0.16931    -11.0009  1.21483e-05
4060  -0.0137021     0.17058    -9.71901  -5.21198e-05
4070  -0.0142117    0.170163    -11.0878  5.96687e-05
4080  -0.0148955    0.169604    -11.0875  -6.11138e-05
4090  -0.0129894    0.171163     -11.002  5.57504e-05
4100  -0.0160105    0.168691    -9.20599  0.000215915
4110  -0.0173077     0.16763    -8.47852  1.70454e-05
4120  -0.0163514    0.168412    -9.11975  8.59695e-06
4130  -0.0174797    0.167489    -9.67607  -5.2556e-05
4140  -0.0153003    0.169272    -10.1041  -4.44278e-06
4150  -0.0173908    0.167562     -9.4625  0.000191931
4160  -0.0191389    0.166132    -10.1052  6.12312e-05
4170  -0.0186155     0.16656    -9.12025  -0.000109471
4180  -0.0169495    0.167923    -8.90697  6.16465e-05
4190  -0.0198484    0.165551    -9.37718  0.000140705
4200  -0.0197636     0.16562    -9.93329  -4.0804e-06
4210  -0.0197668    0.165618    -8.69256  -2.17659e-05
4220  -0.0193283    0.165977    -9.07824  7.11304e-05
4230  -0.0211894    0.164454    -7.87968  0.000213024
4240  -0.0235888    0.162491    -8.26482  7.60566e-05
4250  -0.0227105    0.163209    -9.89128  -0.000136909
4260  -0.0208506    0.164731    -8.35127  -4.81834e-05
4270  -0.0217468    0.163998    -8.43718  0.000147822
4280   -0.023807    0.162312     -6.8534  0.000184014
4290  -0.0254271    0.160986    -7.45257  -7.06404e-05
4300  -0.0223942    0.163468    -8.26632  -0.000173688
4310  -0.0219534    0.163829    -7.28206  0.000140145
4320  -0.0251971    0.161175    -9.72038  -3.081e-05
4330  -0.0213372    0.164333    -7.71025  -0.00016112
4340  -0.0219747    0.163811     -9.4645  0.000100026
4350  -0.0233377    0.162696    -9.20737  0.000294989
4360  -0.0278745    0.158984    -8.43759  -3.98569e-05
4370  -0.0225406    0.163348    -10.4071  -0.000166329
4380  -0.0245479    0.161706    -8.78072  0.000269363
4390  -0.0279278     0.15894    -8.60991  0.000101491
4400  -0.0265777    0.160045    -9.29445  6.35777e-06
4410   -0.028055    0.158836    -9.37935  0.000207469
4420  -0.0307271     0.15665    -9.25143  5.22446e-05
4430  -0.0290999    0.157981    -10.0636  -2.98429e-05
4440  -0.0301303    0.157138    -10.3642  -2.5834e-06
4450  -0.0290482    0.158024    -9.50785  -2.54476e-05
4460  -0.0296213    0.157555    -9.67942  6.63009e-06
4470  -0.0291808    0.157915    -9.89354  1.13724e-05
4480  -0.0298488    0.157369    -7.32587  0.000103993
4490  -0.0312607    0.156213    -8.99521  8.57372e-05
4500  -0.0315635    0.155966     -8.0961  2.10321e-05
4510  -0.0316813    0.155869    -8.31072  3.04449e-05
4520  -0.0321724    0.155467     -9.8942  6.78666e-05
4530  -0.0330386    0.154759     -7.4976  -6.28631e-05
4540  -0.0309151    0.156496    -8.43993  0.000110528
4550  -0.0352492     0.15295    -8.69548  0.000115043
4560   -0.033216    0.154614    -8.78181  -0.000133169
4570  -0.0325858    0.155129    -8.13978  0.000111172
4580  -0.0354394    0.152794    -9.38052  1.68707e-05
4590  -0.0329232    0.154853    -10.0232  -9.13201e-05
4600   -0.033613    0.154289    -7.07145  0.000182798
4610  -0.0365792    0.151862    -6.68627  0.00017852
4620  -0.0371834    0.151367    -8.95303  8.2301e-06
4630  -0.0367438    0.151727    -8.22649  -1.06949e-05
4640  -0.0369695    0.151542    -8.52572  -7.76147e-05
4650  -0.0351915    0.152997    -7.02826  -2.51269e-05
4660   -0.036467    0.151954     -7.6697  8.94742e-05
4670   -0.036981    0.151533    -8.73908  7.5483e-05
4680  -0.0379766    0.150718    -8.91064  0.000138225
4690  -0.0397455    0.149271    -9.03882  -2.99413e-05
4700  -0.0373778    0.151208    -8.99651  7.65283e-05
4710   -0.041276    0.148019    -8.65355  0.000153602
4720  -0.0404499    0.148695    -9.76695  3.35036e-05
4730  -0.0419461    0.147471    -8.56898  9.1657e-05
4740   -0.042283    0.147195     -9.3819  -0.000131598
4750  -0.0393141    0.149624    -9.12472  -2.19606e-07
4760  -0.0422786    0.147198     -8.5253  8.22013e-05
4770  -0.0409582    0.148279    -8.82587  -9.80511e-05
4780  -0.0403176    0.148803    -8.01337  0.000136748
4790  -0.0436931    0.146041     -8.9968  0.000259639
4800  -0.0455104    0.144554    -8.99622  -2.45525e-05
4810  -0.0432021    0.146443    -9.51078  -0.000196766
4820   -0.041575    0.147774    -8.56965  -4.98723e-06
4830  -0.0431023    0.146524    -9.08321  9.8603e-05
4840  -0.0435471    0.146161    -9.55375  -9.42668e-05
4850   -0.041217    0.148067    -9.16878  -4.94998e-06
4860  -0.0434481    0.146242    -8.27067  0.000114045
4870  -0.0434979    0.146201    -10.0244  4.98679e-05
4880  -0.0444455    0.145426     -8.7408  -1.99767e-05
4890  -0.0430984    0.146528    -10.1533  -0.000104943
4900  -0.0423466    0.147143    -9.21213  -2.01378e-05
4910  -0.0426956    0.146857    -8.82716  6.00984e-05
4920  -0.0435486    0.146159    -7.24351  -6.05829e-05
4930   -0.041484    0.147849    -8.82783  8.58055e-05
4940  -0.0452647    0.144755    -9.55459  0.000151296
4950  -0.0445099    0.145373    -9.38349  -0.000100961
4960  -0.0432455    0.146407    -9.72661  4.08184e-05
4970  -0.0453262    0.144705    -11.5227  1.01304e-05
4980  -0.0434481    0.146242    -10.1541  3.09566e-05
4990  -0.0459454    0.144198    -11.3518  5.17828e-05
