Time   C(t)   
ps   
0           1           1  1.77651e-09   0.0578618
10     0.42615    0.703428    0.253142   0.0296266
20    0.407467    0.693772     1.51005  0.00139149
30     0.39832    0.689045   -0.184637   0.0010324
40    0.386819    0.683101     1.25085  0.00106602
50       0.377    0.678026    0.328656  0.000693034
60    0.372959    0.675938      1.5067  0.000562991
70     0.36574    0.672207    -1.28841  0.000747049
80    0.358018    0.668216     1.63338  0.00054332
90    0.354874    0.666591    -0.51845  0.000400281
100    0.350012    0.664079   -0.494004  0.000266296
110    0.349548    0.663839   -0.111225  0.000218052
120    0.345651    0.661825     1.11914  0.000385149
130    0.341845    0.659858    0.375794  0.000368755
140    0.338276    0.658013    0.657938  0.000103989
150    0.339765    0.658783   -0.189594  0.000394844
160    0.330379    0.653932    -0.23901  0.000523236
170      0.3293    0.653375    0.605017  0.000280572
180    0.324768    0.651032    -2.67629  0.00030072
190    0.323286    0.650266    -1.26585  0.000415148
200    0.316465    0.646741    0.860862  0.000581455
210    0.311657    0.644256   -0.164347  0.000211373
220    0.312237    0.644556   -0.267736  0.000303738
230    0.305582    0.641117    0.527725  0.000152613
240    0.309185    0.642979    0.244305  -6.01172e-05
250    0.306784    0.641738   -0.628123  0.000339715
260    0.302391    0.639468   -0.063786  0.000193441
270    0.302915    0.639739    -1.03985  0.000333671
280    0.295717    0.636019     1.39645  0.000555915
290    0.291797    0.633993   -0.730336  2.04191e-05
300    0.295309    0.635808    0.677928  0.000128417
310    0.289229    0.632665     1.08776  0.000245742
320    0.290394    0.633268     1.26573  4.86866e-05
330    0.288255    0.632162   -0.425224  0.000171527
340    0.286963    0.631495    0.574238  0.00025475
350     0.28316    0.629529    -1.93643  9.9346e-05
360    0.284976    0.630468    -1.11812  0.000140105
370    0.280358    0.628081    -0.80978  0.00030368
380    0.278903    0.627329    0.573687  8.77202e-05
390    0.278603    0.627174    -1.42589  0.000188924
400    0.275124    0.625376    -1.70953  0.000237145
410    0.273861    0.624723   -0.349885  7.69347e-06
420    0.274971    0.625297   -0.839383  0.000217903
430    0.269503    0.622471   -0.659328  0.000306648
440    0.268838    0.622127   -0.607533  6.40437e-05
450    0.268222    0.621809     1.31432  3.37526e-05
460    0.268163    0.621778    0.519889  7.45609e-05
470     0.26673    0.621038    -1.35253  0.000140785
480    0.265347    0.620323   -0.865706  0.000566325
490    0.255404    0.615184     1.41746  0.000205053
500    0.261246    0.618203     1.44163  -0.000130521
510    0.258014    0.616533    0.415673  -3.92869e-05
520    0.262031    0.618609     1.61891  0.000145115
530    0.255112    0.615033   -0.302421  0.000239578
540     0.25724    0.616133       -1.79  -2.34053e-05
550     0.25558    0.615275     1.15844  0.000148201
560    0.254276    0.614601   -0.815639   8.948e-05
570    0.253791     0.61435   -0.431633  0.000179698
580    0.250682    0.612744    0.465591  0.000141361
590    0.250963    0.612889   -0.843063  8.51154e-05
600     0.24898    0.611864     1.84868  0.000335389
610    0.244256    0.609423   -0.124919  0.000325679
620    0.242466    0.608498     3.33569  0.000106803
630     0.24212    0.608319   -0.919253  8.64118e-05
640    0.240738    0.607605    0.181145  -4.04298e-05
650    0.242928    0.608737     0.18157  0.000104917
660     0.23864     0.60652    -0.66466  0.000211213
670    0.238704    0.606553    -1.40825  0.000136513
680    0.235909    0.605109     1.46282  0.000277176
690     0.23316    0.603689     1.84841  5.63741e-05
700    0.234782    0.604527    0.974928  0.000155807
710    0.230044    0.602078    0.975179  0.000215866
720    0.230464    0.602295   -0.100974  -2.63706e-05
730    0.230572    0.602351     0.07783  -1.59733e-05
740    0.230784     0.60246     0.94813  6.51218e-05
750    0.229269    0.601678    0.589371  0.00020408
760    0.226702    0.600351     1.10164  0.000304233
770    0.223184    0.598533    0.384594  0.000210226
780    0.222498    0.598178    0.896159  -2.19718e-06
790    0.223228    0.598556    0.818693  -6.78845e-05
800    0.223855     0.59888    0.306477  3.21604e-05
810    0.222585    0.598223   -0.924886  5.05671e-05
820    0.222844    0.598357    -1.84816  0.000156349
830    0.219458    0.596607   -0.386021  0.00026494
840    0.217545    0.595619    0.895809  6.15865e-06
850    0.219335    0.596543   -0.490186  -8.37132e-05
860     0.21922    0.596484   0.0736248  0.000149516
870    0.216345    0.594998    -1.30984  0.000168188
880    0.215856    0.594745   0.0730485  0.000216512
890    0.212015     0.59276   -0.182121  8.38228e-05
900    0.214179    0.593879    0.200558  -6.22153e-05
910    0.213259    0.593403   -0.363278  8.15108e-05
920    0.212549    0.593036     2.35364  0.000204535
930    0.209168    0.591289   -0.336805  0.000127291
940    0.210003    0.591721   -0.594953  -6.49147e-05
950    0.210466     0.59196   -0.697516  0.000213583
960    0.205732    0.589513    0.713651  0.000288917
970    0.204688    0.588974   0.0720975  -1.1003e-05
980    0.205952    0.589627   0.0963676  1.86667e-05
990    0.204315    0.588781    0.147612  0.000139649
1000    0.203159    0.588183   -0.877422  5.64776e-05
1010    0.203185    0.588197   -0.698243  6.47649e-05
1020    0.201863    0.587514    0.966843  0.000207931
1030    0.199027    0.586048    0.763067  0.000321843
1040    0.195427    0.584187    0.583763  0.000187178
1050    0.195283    0.584113    0.839784  -1.26749e-05
1060     0.19568    0.584318    0.634657  4.43503e-05
1070    0.194396    0.583655      1.3511  0.000101319
1080    0.193654    0.583271    0.864579  9.14037e-06
1090    0.194213     0.58356    -3.10915  4.19408e-05
1100    0.192815    0.582838     1.81235  -4.80644e-05
1110    0.195175    0.584057     -1.1369  0.00016757
1120    0.189464    0.581106    -2.34028  0.00029041
1130    0.189366    0.581055    -0.77641  -0.000159711
1140    0.192658    0.582756   -0.239574  -0.000113331
1150    0.191633    0.582227   -0.752465  0.00043683
1160    0.183921    0.578241   -0.751089  0.000217959
1170    0.187274    0.579974     1.14382  -0.000173574
1180    0.187393    0.580035     1.47641  8.98376e-05
1190    0.185477    0.579045    0.990261  7.33741e-05
1200    0.185925    0.579277    0.912194  9.57198e-05
1210    0.183563    0.578056     4.52764  0.000294412
1220    0.180037    0.576234     2.11721  0.000173452
1230    0.180094    0.576263     2.75864  0.000190626
1240    0.176224    0.574263    0.912269  3.58969e-05
1250    0.179376    0.575892     3.65423  -0.000163125
1260    0.179487    0.575949    0.527337  -8.32692e-05
1270    0.181041    0.576753     3.67858  0.000322179
1280    0.173043    0.572619     2.32091  0.000480823
1290    0.171425    0.571783     2.44882  -1.88507e-05
1300     0.17342    0.572814     3.57581  0.000282418
1310    0.165776    0.568864     1.47626  0.000196046
1320    0.169499    0.570788     2.91002  -0.000177259
1330    0.169321    0.570696     2.34538  0.000166111
1340    0.166177    0.569071     2.49956  0.000253141
1350    0.164259    0.568079      1.5254  6.87554e-05
1360    0.164802     0.56836     2.31941  -4.04008e-05
1370    0.165067    0.568497     4.24099  7.19145e-05
1380    0.163364    0.567617      1.9083  8.03977e-05
1390    0.163459    0.567666     2.26746  0.000145462
1400    0.160455    0.566113     5.65068  0.000159729
1410    0.160264    0.566015     2.85742  0.00016309
1420    0.157193    0.564428     3.88228  0.000177432
1430    0.156715    0.564181   0.0886821  -9.36493e-05
1440    0.159066    0.565396     2.44659  -0.000110672
1450    0.158929    0.565325     2.29133  0.00035115
1460    0.152043    0.561766     2.95951  0.000300497
1470    0.152919    0.562219     3.54912  0.00022778
1480    0.147487    0.559412     3.06145  0.000119783
1490    0.150523    0.560981     3.70057  -0.000204293
1500    0.151573    0.561523     3.82866  0.000174514
1510    0.147033    0.559177    0.882015  0.00024031
1520    0.146767    0.559039     2.57315  -0.000164925
1530    0.150331    0.560882      3.6733  -0.000159336
1540    0.149953    0.560686     1.69894  0.000281444
1550    0.144703    0.557973     2.49546  0.000247374
1560    0.145006    0.558129     2.75088  1.21668e-06
1570    0.144678     0.55796     3.34013  0.000320455
1580    0.138597    0.554817     4.13637  0.000225842
1590    0.140161    0.555626     2.13562  0.000209557
1600    0.134406    0.552651      3.6483  -8.7744e-05
1610    0.141916    0.556533    0.800869  -0.000205653
1620    0.138519    0.554777    0.569494  5.94646e-05
1630    0.140727    0.555918    0.927352  0.000320639
1640    0.132106    0.551463    0.109498  0.000448363
1650     0.13176    0.551284    0.364792  -0.00018893
1660    0.135885    0.553415     2.97744  7.54788e-05
1670     0.13025    0.550503     2.62066  0.00018863
1680    0.132112    0.551466     1.21107  0.000107887
1690    0.128092    0.549388    0.955202  0.000177795
1700    0.128556    0.549628    -2.27684  7.33621e-05
1710    0.126625     0.54863   -0.686414  6.7538e-05
1720    0.127205     0.54893       1.569  -8.44516e-05
1730    0.128314    0.549503    0.542495  0.000164607
1740    0.123913    0.547228     2.08232  0.000199887
1750    0.124316    0.547437    0.901029  -5.50017e-05
1760    0.125013    0.547797    0.158564  -6.68462e-05
1770    0.125653    0.548128   -0.688517  9.79107e-05
1780    0.123055    0.546785   -0.201422  5.36986e-05
1790    0.124579    0.547573     1.31018  0.000216558
1800    0.118724    0.544546   -0.200595  0.000355625
1810    0.117467    0.543897    0.490149  7.54558e-05
1820    0.117215    0.543767   0.0288013  2.23972e-05
1830    0.117019    0.543665    0.285173  1.94795e-05
1840    0.116825    0.543565    -1.53517  -2.51018e-05
1850    0.117521    0.543925    -1.63816  -8.75194e-05
1860    0.118576     0.54447  0.000801387  -2.22187e-05
1870    0.117965    0.544154   -0.230449  0.000111866
1880    0.116338    0.543314     1.07878  2.84698e-05
1890    0.117396     0.54386     0.64203  0.000175165
1900    0.112835    0.541503    0.821985  0.000202228
1910    0.113351     0.54177   -0.844026  0.000218052
1920    0.108474    0.539249   -0.562083  0.000131195
1930    0.110727    0.540414     0.64228  -9.03972e-05
1940    0.110282    0.540184     0.28307  -0.000244243
1950    0.115612    0.542938    0.973364  5.37563e-05
1960    0.109207    0.539628      1.0771  0.000366841
1970    0.108276    0.539147   0.0521205  0.000171786
1980    0.105771    0.537852    -1.51205  8.7462e-05
1990    0.106526    0.538243   -0.128912  -9.9808e-05
2000    0.107767    0.538884    0.870976  -0.000142452
2010    0.109375    0.539715    -1.38494  -1.22942e-05
2020    0.108013    0.539011   -0.487871  0.000181941
2030    0.105737    0.537834    0.204301  0.000121484
2040    0.105583    0.537755    -2.66758  0.00010979
2050    0.103541      0.5367      -2.666  -4.86758e-05
2060    0.106557    0.538258   -0.668327  -3.01592e-05
2070    0.104144    0.537011    -1.51491  0.000134546
2080    0.103866    0.536868    0.254169  3.32743e-06
2090    0.104077    0.536977    -0.77049  4.01873e-05
2100    0.103062    0.536452    0.126132  0.000120066
2110    0.101676    0.535736   -0.258573  0.000209454
2120   0.0988731    0.534287    -0.33489  0.000280648
2130   0.0960631    0.532835    -2.38588  -1.44396e-05
2140   0.0991619    0.534437    0.150253   1.982e-05
2150   0.0956667     0.53263    -1.74571  0.000238782
2160   0.0943863    0.531969   -0.669078  0.000171503
2170   0.0922366    0.530858   -0.130764  0.00011615
2180   0.0920633    0.530768    -1.13038  0.000156891
2190   0.0890988    0.529236    0.073537  2.04831e-05
2200   0.0916536    0.530556   -0.721573  -6.92625e-05
2210    0.090484    0.529952     -0.9265  0.000313183
2220     0.08539    0.527319    -1.18225  0.000372942
2230   0.0830252    0.526097     -0.9263  -2.22474e-05
2240   0.0858349    0.527549    -1.49074  -3.13297e-05
2250   0.0836518    0.526421    0.149777  0.000246798
2260    0.080899    0.524998    -1.46517  0.000212873
2270   0.0793943    0.524221   0.0740128  -3.43628e-05
2280   0.0815862    0.525353    -0.18311  -9.06907e-05
2290   0.0812082    0.525158      0.6107  0.000132176
2300   0.0789427    0.523987     1.04723  -0.000122701
2310   0.0836622    0.526426   -0.364568  4.44055e-07
2320   0.0789338    0.523983     1.07247  0.000135595
2330   0.0809503    0.525025   -0.953675  -0.000265142
2340   0.0842367    0.526723     1.17313  6.35244e-05
2350   0.0796798    0.524368   -0.825239  0.000237526
2360   0.0794861    0.524268   -0.491125  3.48315e-06
2370   0.0796101    0.524332   -0.416387  -0.000142683
2380   0.0823398    0.525743    -0.64701  0.000102178
2390   0.0775666    0.523276     -2.9537  0.000223051
2400   0.0778788    0.523437    0.198769  -0.000123826
2410   0.0800431    0.524556    -1.08411  4.85372e-05
2420    0.076908    0.522936    0.248811  -3.48993e-05
2430   0.0807411    0.524917    -1.08476  0.000250563
2440   0.0718968    0.520346    -1.13481  0.000372342
2450   0.0732942    0.521068    -1.39288  -6.9268e-05
2460   0.0732821    0.521062      -0.315  -8.24507e-05
2470   0.0749432     0.52192    0.170793  -8.25543e-05
2480   0.0749332    0.521915  -0.0352603  0.000239653
2490   0.0701502    0.519443    -1.05899  0.000311003
2500   0.0687131      0.5187    -0.49493  5.33178e-05
2510   0.0690838    0.518892   -0.828369  0.000147481
2520   0.0657635    0.517176    0.581347  -0.000111716
2530   0.0713181    0.520047    -0.82972  -2.7005e-05
2540   0.0663036    0.517455   -0.906286  0.000141293
2550   0.0684923    0.518586    0.476431  4.44893e-05
2560   0.0654138    0.516995   -0.599346  0.000102887
2570   0.0664345    0.517523    0.605318  0.000145889
2580   0.0624961    0.515487    -1.82966  0.000224401
2590   0.0619465    0.515203   -0.650866  -7.14492e-06
2600    0.062639    0.515561    -1.95889  0.000130561
2610   0.0593353    0.513854      -1.446  0.000209413
2620   0.0584507    0.513397    -1.26692  0.000114859
2630   0.0570381    0.512667    -2.67671  8.8788e-05
2640   0.0566749    0.512479    -2.01076  1.21072e-07
2650   0.0570357    0.512665   -0.857369  -1.96006e-05
2660    0.057067    0.512681   -0.498961  0.000171982
2670   0.0535961    0.510888   -0.447116  0.000201968
2680   0.0530276    0.510594   -0.345328  -9.32459e-06
2690   0.0537826    0.510984   -0.601625  6.97747e-07
2700   0.0530136    0.510587    -2.21622  -5.92342e-05
2710   0.0549672    0.511596    -2.65302  7.34664e-06
2720   0.0528667    0.510511    -1.83334  0.000303587
2730   0.0488955    0.508458    -1.98554  -5.93437e-05
2740   0.0540536    0.511124    -1.78104  6.14025e-05
2750   0.0476674    0.507824    -1.85881  0.000325044
2760   0.0475527    0.507764    -1.80694  3.15778e-05
2770   0.0470359    0.507497    -2.39767  0.000162473
2780   0.0443032    0.506085    -2.80735  0.000236678
2790   0.0423023    0.505051    -2.32043  -4.1825e-05
2800   0.0451397    0.506517   -0.578681  -3.14912e-05
2810   0.0429322    0.505376     -4.1662  0.000200815
2820   0.0411234    0.504442    -2.21789  4.9408e-05
2830    0.041944    0.504866    -1.29567  -3.48302e-05
2840     0.04182    0.504802    -3.80862  4.96503e-05
2850    0.040951    0.504353    -2.03922  -0.000167369
2860   0.0451674    0.506532    -2.27142  -0.000123278
2870   0.0434166    0.505627    -2.78341  0.000461055
2880   0.0359463    0.501766    -1.96265  0.000277978
2890    0.037857    0.502754    -1.50143  -9.92198e-05
2900   0.0379307    0.502792    -2.60458  -5.86288e-05
2910   0.0390296     0.50336    -3.81052  -4.85027e-05
2920   0.0389007    0.503293    -2.06694  -6.92682e-05
2930   0.0404149    0.504076    -3.60599  2.33144e-05
2940   0.0384345    0.503052    -3.80997  0.00019487
2950   0.0365175    0.502061    -3.27236  0.000112881
2960   0.0361768    0.501885     -3.3234  9.96478e-06
2970   0.0363182    0.501958    -2.19613  9.62673e-05
2980   0.0342515     0.50089    -4.14418  0.000241504
2990   0.0314882    0.499462    -4.50189  0.000155637
3000   0.0311388    0.499281    -3.70776  -6.54854e-05
3010   0.0327979    0.500139    -2.75994  -7.24714e-05
3020   0.0325882    0.500031    -2.58086  2.79592e-05
3030   0.0322387     0.49985    -3.04183  -1.72364e-05
3040   0.0329329    0.500209    -2.53001  0.000115231
3050   0.0299341    0.498659    -1.96655  0.000240954
3060   0.0281138    0.497718    -1.86357  -1.69307e-05
3070   0.0302727    0.498834    -3.83744  1.82887e-05
3080   0.0277481    0.497529    -3.32505  -0.000160697
3090   0.0334866    0.500495    -3.42777  -9.03565e-05
3100   0.0295552    0.498463    -3.65861  0.000421837
3110   0.0250499    0.496135    -4.52961  6.75093e-05
3120    0.028205    0.497765    -3.83794  -0.000294845
3130   0.0309468    0.499182    -2.81221  0.000272675
3140   0.0227515    0.494947    -3.78692  0.00036108
3150   0.0237252     0.49545    -5.29885  -2.31845e-05
3160   0.0232152    0.495187    -3.70963  -3.75375e-05
3170   0.0244759    0.495838    -2.81329  -9.78934e-05
3180   0.0251731    0.496198    -2.55686  -5.55494e-05
3190   0.0255869    0.496412     -1.7622  6.18696e-05
3200   0.0239357    0.495559    -2.32614  -4.51148e-05
3210   0.0264892    0.496879    -1.84022  -0.000230744
3220   0.0285506    0.497944    -3.94276  6.90577e-05
3230   0.0251081    0.496165    -5.09533  0.000108259
3240   0.0263854    0.496825    -3.68571  -0.000120718
3250   0.0275224    0.497413   -0.559744  -5.64086e-05
3260   0.0275135    0.497408     -2.2766  4.53545e-06
3270   0.0274317    0.497366     -2.0714  -4.58876e-05
3280   0.0284313    0.497882   -0.149589  5.15042e-05
3290   0.0264016    0.496833   -0.482502  -2.81235e-05
3300   0.0289938    0.498173   -0.713175  -0.000342837
3310   0.0332584    0.500377    -3.53498  -0.000108046
3320   0.0311547     0.49929    -3.48251  0.000250656
3330   0.0282453    0.497786    -1.50821  0.000149524
3340   0.0281642    0.497744    -3.73833  0.000139225
3350   0.0254608    0.496347    -2.09772  4.82605e-05
3360    0.027199    0.497245    -3.43132  -0.000250814
3370    0.030477     0.49894    -2.38079  -7.94923e-05
3380   0.0287888    0.498067    -3.66187  3.71628e-05
3390   0.0297338    0.498555    -3.25292  4.84594e-05
3400   0.0278196    0.497566    -2.79074  -1.03972e-05
3410   0.0299417    0.498663    -3.35641   6.349e-05
3420   0.0265498     0.49691    -3.68854  0.000151745
3430   0.0269068    0.497094    -5.25234  2.69818e-05
3440   0.0260102    0.496631    -4.53532  0.000163748
3450   0.0236319    0.495402    -3.35556  6.41388e-05
3460   0.0247274    0.495968    -3.48537  0.000283421
3470   0.0179635    0.492472    -1.97156  0.000317165
3480   0.0183841     0.49269    -1.99656  -0.00020215
3490   0.0220065    0.494562    -2.43384  -0.00030692
3500   0.0245225    0.495862    -3.43557  9.13599e-05
3510   0.0201793    0.493618    -5.40815  0.000528443
3520   0.0139537      0.4904    -3.63792  7.69982e-05
3530   0.0186393    0.492822    -3.35783  -6.4404e-05
3540   0.0152418    0.491066    -5.28014  -7.65224e-05
3550   0.0201698    0.493613    -5.40858  -2.71865e-05
3560   0.0157855    0.491347    -4.48543  7.37083e-05
3570   0.0186956    0.492851     -3.4611  0.000180096
3580   0.0121836    0.489485    -6.40754  0.000247943
3590   0.0137367    0.490288     -5.6131  0.000283439
3600  0.00651479    0.486556    -2.94655  -7.64302e-05
3610   0.0152653    0.491078    -4.43549  -0.000382924
3620   0.0141733    0.490514    -3.41008  9.03709e-05
3630   0.0134579    0.490144    -3.74357  6.78265e-05
3640   0.0128167    0.489812    -4.97423  1.84271e-05
3650   0.0130894    0.489953    -2.64092  0.000156104
3660  0.00969465    0.488199    -4.28133  0.000163999
3670  0.00980941    0.488258    -5.02642  -4.21508e-05
3680   0.0105377    0.488635    -3.97557  3.06782e-05
3690  0.00919584    0.487941    -4.89756  0.000215139
3700  0.00623488    0.486411    -4.43581  0.000207998
3710  0.00503589    0.485791    -4.74318  2.36631e-05
3720  0.00576162    0.486166    -5.51392  3.5499e-05
3730  0.00432591    0.485424     -6.3598  0.00013215
3740  0.00311862      0.4848    -4.71813  -0.000274296
3750  0.00981183    0.488259    -5.41248  7.86792e-05
3760  0.00154504    0.483987    -5.84733  0.000349852
3770  0.00281478    0.484643    -5.92517  0.000106448
3780  -0.000583924    0.482887    -4.71956  0.00023899
3790  -0.00196502    0.482173    -6.66736  -0.000178086
3800   0.0029778    0.484728    -6.10415  -2.94355e-05
3810  -0.00137631    0.482477    -5.43763  -4.98376e-05
3820  0.00397456    0.485243    -5.46388  -9.97618e-06
3830  -0.00117679     0.48258    -7.25825  1.66596e-05
3840  0.00364136    0.485071    -6.00354  -0.000155784
3850   0.0019389    0.484191    -6.15667  0.000324384
3860  -0.00284632    0.481718    -6.07923  0.00014349
3870  -0.000930898    0.482708    -5.69427  0.000112852
3880  -0.00510336    0.480551    -4.95093  3.34692e-05
3890  -0.00160028    0.482362     -7.0025  -0.000227843
3900  -0.000546498    0.482906    -7.25983  1.37389e-05
3910  -0.00187506     0.48222    -6.18337  0.000105208
3920  -0.00265066    0.481819    -6.33698  1.38888e-05
3930  -0.00215284    0.482076    -6.10578  0.000181901
3940  -0.00628868    0.479939     -5.4658  8.59941e-05
3950  -0.00387272    0.481187    -5.90236  -0.000133695
3960  -0.00361478     0.48132    -5.85036  -1.78216e-05
3970  -0.00351629    0.481371    -6.23609  9.4716e-05
3980  -0.0055091    0.480341    -6.28691  0.000123085
3990  -0.00597798    0.480099    -5.82561  -1.36351e-05
4000  -0.0052364    0.480482    -4.85195  -6.61455e-05
4010  -0.00465507    0.480783    -5.59544  -0.000102807
4020  -0.00318027    0.481545    -7.74897  0.000140341
4030  -0.00746189    0.479332    -5.49373  0.000380058
4040  -0.0107814    0.477617    -6.05651  0.000243006
4050   -0.012322     0.47682    -5.36484  0.00014206
4060  -0.0136226    0.476148    -5.87831  -4.5308e-05
4070  -0.0114159    0.477289    -4.18675  2.44013e-05
4080  -0.0141106    0.475896    -5.82727  9.78328e-05
4090  -0.0133725    0.476278    -7.54502  0.000168228
4100  -0.0174752    0.474157    -5.72483   0.0002177
4110  -0.0177265    0.474027    -6.10979  -1.60109e-05
4120   -0.017155    0.474323    -6.46832  -3.5868e-06
4130  -0.0176548    0.474064    -6.98151  -4.08822e-05
4140  -0.0163373    0.474745    -7.36607  0.000253052
4150  -0.0227158    0.471449     -5.7514  5.42087e-05
4160  -0.0174215    0.474185    -6.82901  -0.000206305
4170  -0.0185897    0.473581    -6.77699  0.000154426
4180    -0.02051    0.472589    -5.87994  0.000154919
4190  -0.0216881     0.47198    -6.44488  0.000101252
4200  -0.0225351    0.471542     -6.6237  0.000210353
4210  -0.0258952    0.469806    -6.72679  0.000332426
4220  -0.0291836    0.468106    -6.29044  -4.83845e-05
4230  -0.0249275    0.470306    -5.95818  -0.000211907
4240  -0.0249455    0.470297    -7.24029  6.91673e-05
4250  -0.0263108    0.469591    -5.70324  0.000280267
4260  -0.0305508      0.4674    -7.23971  0.000289453
4270  -0.0320999    0.466599    -7.52178  5.7836e-05
4280  -0.0317075    0.466802    -5.98393  -8.17383e-05
4290  -0.0304651    0.467444    -8.36909  -9.04978e-05
4300  -0.0298976    0.467737    -7.93338  0.000168788
4310  -0.0338409    0.465699    -7.39447  0.000117857
4320  -0.0322547    0.466519    -6.98492  -0.000137567
4330  -0.0310895    0.467121    -7.16527  0.000161415
4340   -0.035483    0.464851    -6.62671  0.000384411
4350  -0.0387777    0.463148    -7.95911  0.000351539
4360  -0.0425138    0.461217    -7.29251  -0.00021078
4370  -0.0345621    0.465327    -8.01163  -0.00024068
4380  -0.0377002    0.463705    -6.44813  0.000102844
4390   -0.036619    0.464263    -7.08838  8.4769e-06
4400  -0.0378697    0.463617    -7.01232  -6.10365e-05
4410  -0.0353983    0.464894    -6.93585  7.35989e-05
4420  -0.0393417    0.462856    -7.08898  0.00022114
4430  -0.0398211    0.462609     -6.9612  -0.000182864
4440  -0.0356844    0.464747    -8.11544  -6.96486e-05
4450  -0.0384281    0.463329    -8.47493  0.000248635
4460  -0.0406571    0.462177    -7.34611  3.49887e-05
4470  -0.0391279    0.462967    -7.55158  -0.000153247
4480  -0.0375922    0.463761    -7.70529  -4.8298e-05
4490  -0.0381619    0.463466    -8.03953  0.00034765
4500  -0.0445452    0.460167    -8.21836  0.000185147
4510  -0.0418649    0.461552    -9.19217  -0.000202234
4520  -0.0405005    0.462258    -9.16768  3.15489e-05
4530  -0.0424959    0.461226    -7.73196  0.000315259
4540  -0.0468057    0.458999    -7.47499  0.000120645
4550  -0.0449088    0.459979    -6.73248  -0.00023897
4560  -0.0420263    0.461469    -7.04044  0.000184026
4570  -0.0485893    0.458077     -7.1684  0.000277643
4580  -0.0475792    0.458599    -6.93745  -6.5347e-05
4590  -0.0472823    0.458753    -6.93778  0.000109262
4600  -0.0497644     0.45747    -6.50233  1.95315e-05
4610   -0.047673    0.458551    -6.34812  1.55495e-05
4620  -0.0500754    0.457309    -6.16917  2.41965e-05
4630  -0.0481569    0.458301    -7.14378  -7.92213e-05
4640   -0.048491    0.458128    -7.78443  0.000286939
4650  -0.0538957    0.455335    -7.16828  0.000341955
4660  -0.0553301    0.454593    -6.45096  -0.00036522
4670  -0.0465913     0.45911    -7.50422  -0.000260952
4680   -0.050111    0.457291    -6.96515  0.000494083
4690  -0.0564729    0.454003    -5.93924  0.000235198
4700   -0.054815     0.45486    -6.83714  -0.000147757
4710  -0.0535178     0.45553    -7.06857  2.13739e-05
4720  -0.0552425    0.454639    -6.24778  7.62977e-05
4730  -0.0550438    0.454741    -5.96617  0.000279396
4740  -0.0608304    0.451751    -7.06752  -6.12997e-06
4750  -0.0549212    0.454805    -5.99259  -4.20269e-05
4760  -0.0599899    0.452185    -6.50483  0.00026703
4770  -0.0602618    0.452045    -6.70971  0.000171092
4780  -0.0634117    0.450417    -7.14516  -0.000121378
4790  -0.0578342    0.453299    -6.42837  1.40619e-05
4800  -0.0636929    0.450271    -6.42779  0.000148319
4810  -0.0608006    0.451766    -5.86448  4.21938e-05
4820  -0.0645368    0.449835    -5.14646  -0.00011286
4830  -0.0585434    0.452933    -5.96845  -0.000192131
4840  -0.0606942    0.451821     -5.6857  0.000201346
4850  -0.0625703    0.450852     -4.7895  0.000385899
4860  -0.0684122    0.447832    -5.73714  0.000353996
4870  -0.0696502    0.447193    -7.50607  -0.000145597
4880  -0.0655002    0.449337    -5.40521  -0.000155098
4890  -0.0665483    0.448796    -5.94292  0.000223682
4900  -0.0699739    0.447025    -5.27645  0.000233835
4910  -0.0712249    0.446379    -7.25012  -7.96769e-05
4920  -0.0683803    0.447849    -6.12275  -7.95201e-06
4930  -0.0710659    0.446461    -6.58393  0.000144634
4940   -0.071273    0.446354    -6.66087  4.47687e-05
4950  -0.0719613    0.445998    -7.19931  4.96879e-05
4960  -0.0722668     0.44584    -4.12363  -0.000166778
4970  -0.0686257    0.447722    -6.07258  -5.60511e-05
4980  -0.0711458     0.44642    -5.40576  0.000102645
4990  -0.0706786    0.446661    -6.45754  0.000261341
