Time   Number   
ps   
0          13          21
10          15          19
20          13          21
30          14          20
40          14          22
50          13          21
60          16          24
70          15          21
80          12          20
90          15          21
100          12          20
110          13          21
120          14          20
130          15          17
140          13          15
150          16          18
160          12          26
170          17          19
180          13          21
190          17          21
200          12          16
210          15          21
220          13          19
230          13          17
240          16          20
250          15          23
260          15          19
270          15          21
280          14          20
290          15          19
300          14          16
310          14          18
320          14          16
330          12          20
340          12          16
350          13          21
360          13          21
370          16          20
380          13          21
390          17          19
400          11          25
410          13          21
420          13          19
430          13          21
440          15          21
450          14          18
460          15          21
470          14          24
480          15          23
490          16          16
500          15          19
510          15          21
520          14          22
530          15          19
540          14          20
550          13          21
560          14          22
570          10          22
580          10          18
590          12          20
600          15          19
610          17          17
620          14          18
630          15          19
640          14          22
650          14          20
660          15          19
670          15          21
680          16          22
690          14          18
700          12          18
710          14          18
720          13          19
730          17          19
740          13          17
750          14          18
760          14          24
770          13          19
780          15          23
790          13          17
800          15          19
810          14          22
820          12          18
830          14          22
840          13          19
850          13          21
860          13          25
870          15          19
880          16          22
890          14          18
900          17          21
910          15          19
920          14          20
930          16          20
940          16          20
950          14          20
960          15          23
970          12          18
980          13          19
990          16          18
1000          14          20
1010          17          17
1020          12          16
1030          15          19
1040          15          19
1050          12          16
1060          13          19
1070          13          19
1080          14          20
1090          15          21
1100          15          17
1110          10          26
1120          14          18
1130          16          20
1140          15          19
1150          15          21
1160          16          18
1170          16          22
1180          14          20
1190          13          19
1200          16          20
1210          15          21
1220          13          19
1230          15          19
1240          16          20
1250          15          19
1260          15          19
1270          17          23
1280          14          18
1290          16          16
1300          15          17
1310          16          20
1320          12          18
1330          15          21
1340          14          22
1350          16          18
1360          16          22
1370          16          20
1380          14          22
1390          15          19
1400          14          20
1410          15          17
1420          14          22
1430          16          20
1440          14          20
1450          15          19
1460          13          17
1470          15          15
1480          14          22
1490          14          18
1500          15          19
1510          11          17
1520          13          19
1530          13          21
1540          14          20
1550          14          20
1560          11          19
1570          13          19
1580          16          20
1590          13          23
1600          15          17
1610          14          22
1620          14          20
1630          14          22
1640          15          21
1650          14          22
1660          16          20
1670          12          22
1680          13          21
1690          12          22
1700          17          19
1710          14          20
1720          15          19
1730          14          18
1740          13          21
1750          13          23
1760          15          21
1770          14          18
1780          15          21
1790          16          22
1800          14          16
1810          13          19
1820          16          20
1830          13          19
1840          15          23
1850          13          19
1860          12          22
1870          15          15
1880          12          20
1890          12          26
1900          16          20
1910          13          19
1920          15          19
1930          16          22
1940          14          24
1950          16          20
1960          14          20
1970          14          16
1980          13          19
1990          15          25
2000          13          21
2010          16          22
2020          16          22
2030          15          17
2040          14          24
2050          14          22
2060          12          18
2070          13          23
2080          14          20
2090          13          19
2100          15          23
2110          15          25
2120          12          20
2130          12          20
2140          16          18
2150          14          16
2160          13          19
2170          13          23
2180          15          19
2190          15          21
2200          15          19
2210          13          19
2220          12          22
2230          15          21
2240          14          24
2250          13          21
2260          14          24
2270          16          20
2280          16          20
2290          15          23
2300          14          22
2310          16          20
2320          17          23
2330          16          20
2340          12          18
2350          13          25
2360          15          19
2370          15          17
2380          14          24
2390          14          22
2400          13          21
2410          13          19
2420          15          19
2430          15          23
2440          17          17
2450          16          20
2460          15          19
2470          14          20
2480          13          17
2490          15          21
2500          11          21
2510          13          19
2520          15          19
2530          16          22
2540          15          21
2550          14          24
2560          16          20
2570          17          21
2580          15          23
2590          15          21
2600          16          22
2610          15          19
2620          13          25
2630          16          20
2640          14          16
2650          15          23
2660          15          23
2670          15          17
2680          12          22
2690          15          21
2700          13          23
2710          14          16
2720          15          21
2730          16          22
2740          14          24
2750          15          19
2760          15          23
2770          14          18
2780          14          20
2790          14          18
2800          15          21
2810          16          20
2820          13          19
2830          14          22
2840          15          21
2850          14          22
2860          14          22
2870          14          20
2880          15          21
2890          17          19
2900          16          18
2910          15          23
2920          13          23
2930          15          23
2940          15          21
2950          15          21
2960          13          19
2970          12          22
2980          17          21
2990          15          23
3000          15          21
3010          16          22
3020          13          19
3030          13          25
3040          13          19
3050          15          17
3060          15          21
3070          15          19
3080          16          22
3090          13          21
3100          16          18
3110          16          22
3120          14          22
3130          15          21
3140          13          21
3150          15          17
3160          15          21
3170          17          19
3180          16          18
3190          13          19
3200          14          18
3210          11          21
3220          13          23
3230          16          20
3240          15          21
3250          14          22
3260          15          19
3270          13          17
3280          14          18
3290          13          21
3300          11          17
3310          16          18
3320          13          17
3330          13          23
3340          12          16
3350          15          19
3360          13          19
3370          13          21
3380          15          17
3390          14          18
3400          13          21
3410          14          20
3420          13          19
3430          13          19
3440          11          17
3450          15          21
3460          12          22
3470          12          20
3480          14          16
3490          13          21
3500          11          19
3510          14          20
3520          15          19
3530          14          22
3540          12          18
3550          13          19
3560          14          16
3570          14          20
3580          13          21
3590          14          22
3600          15          17
3610          14          24
3620          14          22
3630          14          18
3640          13          21
3650          15          19
3660          16          22
3670          14          24
3680          15          19
3690          13          19
3700          16          18
3710          14          20
3720          14          22
3730          14          20
3740          14          22
3750          14          18
3760          15          23
3770          14          20
3780          14          20
3790          15          21
3800          13          17
3810          15          21
3820          16          20
3830          14          22
3840          15          17
3850          14          22
3860          13          19
3870           9          25
3880          15          23
3890          15          17
3900          16          18
3910          13          21
3920          13          19
3930          14          22
3940          11          23
3950          15          17
3960          14          20
3970          12          22
3980          14          20
3990          14          16
4000          13          17
4010          11          25
4020          14          20
4030          15          21
4040          10          16
4050          14          18
4060           8          18
4070          13          17
4080          12          22
4090          13          21
4100          13          19
4110          13          19
4120          15          17
4130          14          18
4140          15          21
4150          10          20
4160          16          18
4170           8          14
4180          13          19
4190          16          16
4200          15          17
4210           9          21
4220          14          20
4230          14          22
4240          13          19
4250          13          19
4260          15          19
4270          15          21
4280          14          22
4290          14          22
4300          15          19
4310          13          19
4320          11          19
4330          14          20
4340          12          22
4350          14          20
4360          16          22
4370          13          21
4380          10          20
4390          11          19
4400          15          17
4410          15          21
4420          14          18
4430          16          18
4440          13          17
4450          11          19
4460          12          18
4470          14          20
4480          14          22
4490          13          23
4500          16          18
4510          13          25
4520          15          15
4530          13          19
4540          12          22
4550          14          20
4560          14          22
4570          15          21
4580          16          18
4590          14          20
4600          11          23
4610          15          25
4620          13          21
4630          15          21
4640          15          19
4650          13          21
4660          14          18
4670          15          23
4680          16          20
4690          14          22
4700          15          23
4710          15          21
4720          15          19
4730          14          18
4740          14          16
4750          15          21
4760          15          21
4770          12          20
4780          14          18
4790          15          19
4800          16          26
4810          14          20
4820          13          17
4830          15          21
4840          14          20
4850          11          21
4860          15          21
4870          11          19
4880          16          20
4890          13          21
4900          13          17
4910          10          20
4920          13          19
4930          12          20
4940          15          21
4950          15          23
4960          13          19
4970          11          19
4980          10          20
4990          11          23
5000          13          21
5010          16          18
5020          14          22
5030          14          22
5040          12          18
5050          13          19
5060          13          19
5070          14          20
5080          14          20
5090          13          19
5100          12          18
5110          15          21
5120          14          22
5130          14          22
5140          14          20
5150          15          21
5160          12          22
5170          15          17
5180          14          22
5190          13          19
5200          14          20
5210          15          19
5220          15          19
5230          14          20
5240          13          15
5250          14          20
5260          13          15
5270          10          14
5280          12          18
5290          14          24
5300          12          20
5310          12          24
5320          14          18
5330          16          22
5340          14          20
5350          14          20
5360          15          19
5370          12          20
5380          13          19
5390          14          18
5400          13          19
5410          13          19
5420          13          19
5430          13          17
5440          10          14
5450          14          22
5460          12          20
5470          14          16
5480          12          16
5490          11          19
5500          13          15
5510          11          19
5520          13          15
5530          16          20
5540          13          19
5550          11          19
5560          15          15
5570          15          19
5580          13          15
5590          14          18
5600          13          19
5610          13          19
5620           9          17
5630          14          18
5640          14          20
5650          13          21
5660          14          20
5670          13          19
5680          14          20
5690          12          16
5700          11          13
5710          14          20
5720          14          20
5730          15          19
5740          13          15
5750          15          15
5760          12          24
5770          12          24
5780          13          21
5790          16          18
5800          13          17
5810          14          20
5820          13          19
5830          13          19
5840          16          20
5850          14          22
5860          13          21
5870          10          20
5880          13          19
5890          14          22
5900          12          20
5910          15          17
5920          13          19
5930          16          20
5940          15          17
5950          15          19
5960          15          21
5970          15          19
5980          11          21
5990          12          22
6000          13          19
6010          13          23
6020          16          18
6030          14          20
6040          15          19
6050          13          23
6060          15          19
6070          14          24
6080          11          23
6090          14          18
6100          13          19
6110          12          22
6120          11          17
6130          16          22
6140          15          21
6150          14          22
6160          16          20
6170          14          18
6180          13          21
6190          13          21
6200          14          20
6210          13          23
6220          12          16
6230          13          17
6240          15          17
6250          14          20
6260          17          21
6270          14          18
6280          14          22
6290          14          24
6300          14          18
6310          13          19
6320          13          17
6330          11          19
6340          13          23
6350          14          20
6360          16          20
6370          11          19
6380          16          18
6390          15          21
6400          12          20
6410          12          22
6420          16          20
6430          16          20
6440          15          19
6450          13          19
6460          12          18
6470          12          22
6480          13          21
6490          14          20
6500          13          21
6510          14          20
6520          15          17
6530          15          19
6540          15          21
6550          12          18
6560          12          18
6570          14          18
6580          15          21
6590          11          21
6600          15          19
6610          13          19
6620          15          21
6630          14          22
6640          13          19
6650          16          20
6660          14          18
6670          11          21
6680          16          18
6690          14          18
6700          17          21
6710          14          20
6720          15          21
6730          14          18
6740          13          21
6750          15          21
6760          15          17
6770          13          19
6780          11          19
6790          12          20
6800          15          23
6810          13          23
6820          13          19
6830          15          21
6840          14          22
6850          13          19
6860          12          22
6870          16          20
6880          15          19
6890          11          15
6900          12          16
6910          13          23
6920          11          19
6930          12          18
6940          13          21
6950          13          25
6960          13          19
6970          12          20
6980          13          19
6990          15          19
7000          14          22
7010          13          19
7020          15          19
7030          13          23
7040          15          17
7050          11          23
7060          13          23
7070          13          21
7080          13          21
7090          14          16
7100          11          19
7110          12          18
7120          14          16
7130          13          21
7140          13          25
7150          12          18
7160          14          16
7170          15          21
7180          12          20
7190          13          15
7200          17          19
7210          15          15
7220          13          17
7230          14          20
7240          15          17
7250          14          20
7260          15          19
7270          15          19
7280          14          18
7290          11          23
7300          15          17
7310          13          19
7320          16          20
7330          16          20
7340          12          20
7350          13          17
7360          14          18
7370          13          19
7380          14          16
7390          16          18
7400          13          17
7410          15          19
7420          14          18
7430          10          24
7440          13          15
7450          13          19
7460          14          16
7470          13          17
7480          16          16
7490          14          18
7500          15          21
7510          12          16
7520          16          18
7530          12          20
7540          13          17
7550          14          16
7560          12          20
7570          14          22
7580          14          18
7590          13          15
7600          15          17
7610          13          17
7620          14          20
7630          15          17
7640          12          20
7650          14          16
7660          15          19
7670          15          15
7680          14          18
7690          14          18
7700          11          15
7710          13          17
7720          15          19
7730          15          17
7740          13          19
7750          15          19
7760          12          18
7770          12          18
7780          14          16
7790          13          19
7800          12          20
7810          11          17
7820          14          20
7830          11          19
7840          12          20
7850          11          21
7860          13          21
7870          14          18
7880          13          17
7890          12          20
7900          15          17
7910          14          14
7920          14          18
7930          14          18
7940          13          19
7950          14          18
7960          15          19
7970          12          20
7980          13          19
7990          14          16
8000          14          18
8010          13          21
8020          13          17
8030          14          18
8040          10          14
8050          11          15
8060          12          16
8070          13          17
8080          14          16
8090          13          17
8100          11          19
8110          13          17
8120          14          16
8130          14          18
8140          12          16
8150          13          15
8160          14          16
8170          15          17
8180          12          18
8190          14          18
8200          13          19
8210          12          18
8220          12          14
8230          13          17
8240          11          21
8250          13          19
8260          13          19
8270          15          17
8280          15          19
8290          14          18
8300          12          20
8310          13          21
8320          12          18
8330          13          19
8340          13          17
8350          13          19
8360          13          19
8370          12          20
8380          13          21
8390          13          15
8400          13          17
8410          14          18
8420          16          18
8430          14          18
8440          14          22
8450          13          21
8460          11          21
8470          12          22
8480          12          20
8490          13          21
8500          13          21
8510          15          19
8520          13          21
8530          14          20
8540          12          20
8550          16          18
8560          13          21
8570          13          17
8580          15          23
8590          14          18
8600          16          20
8610          13          21
8620          12          20
8630          13          21
8640          12          22
8650          13          21
8660          15          21
8670          13          19
8680          15          19
8690          12          18
8700          15          23
8710          16          24
8720          14          18
8730          13          19
8740          15          21
8750          15          23
8760          13          23
8770          14          20
8780          12          26
8790          15          19
8800          14          20
8810          12          20
8820          13          19
8830          16          22
8840          16          18
8850          15          19
8860          14          20
8870          14          18
8880          13          15
8890          14          20
8900          15          19
8910          13          21
8920          15          21
8930          16          24
8940          18          22
8950          15          21
8960          15          21
8970          14          22
8980          13          21
8990          11          21
9000          15          21
9010          16          20
9020          16          20
9030          15          19
9040          16          20
9050          16          20
9060          14          22
9070          15          21
9080          14          20
9090          13          21
9100          16          20
9110          16          20
9120          14          20
9130          12          18
9140          16          24
9150          15          21
9160          14          22
9170          14          22
9180          16          20
9190          12          20
9200          15          21
9210          16          20
9220          14          22
9230          13          17
9240          14          20
9250          14          22
9260          12          22
9270          15          19
9280          12          22
9290          15          21
9300          13          23
9310          12          20
9320          14          20
9330          14          22
9340          15          19
9350          12          16
9360          14          24
9370          14          20
9380          14          20
9390          15          21
9400          12          24
9410          15          21
9420          15          23
9430          12          20
9440          15          21
9450          15          17
9460          15          21
9470          14          20
9480          15          19
9490          16          18
9500          15          21
9510          14          22
9520          15          23
9530          14          20
9540          13          19
9550          13          23
9560          13          23
9570          13          21
9580          15          19
9590          17          17
9600          16          20
9610          15          17
9620          14          20
9630          15          21
9640          13          21
9650          16          22
9660          14          24
9670          15          21
9680          16          20
9690          14          20
9700          14          26
9710          16          22
9720          14          20
9730          15          21
9740          13          21
9750          14          22
9760          15          21
9770          14          18
9780          14          22
9790          15          19
9800          14          18
9810          14          20
9820          13          19
9830          15          21
9840          16          20
9850          15          21
9860          17          21
9870          12          18
9880          16          20
9890          15          21
9900          17          19
9910          15          19
9920          15          21
9930          13          23
9940          13          21
9950          16          20
9960          13          21
9970          17          19
9980          12          18
9990          12          22
10000          14          22
