Time   Number   
ps   
0          11          11
10          10          10
20          10          12
30          11          13
40           9          15
50          10          14
60          10          12
70          12          12
80          12          12
90          11          13
100          11          13
110          10          12
120           7          15
130          10          12
140           9          15
150          11          15
160          10          12
170          11          13
180           9          13
190          10          12
200          11          11
210          10          10
220           9          11
230          11          11
240           8          12
250          10          10
260          10          12
270          11          11
280          11          11
290          10          12
300          12          12
310          10          12
320          12          12
330          10          14
340          10          16
350          10          10
360          10          12
370          12          14
380          11          13
390          11          11
400          12          12
410           9          13
420          11          11
430           9          13
440          12          12
450          11          13
460          10          12
470          11          11
480          11          13
490          10          16
500          11          11
510          10          10
520          11          11
530          13          13
540          11          11
550           9          11
560          10          14
570          11          11
580          10          10
590          11          13
600          10          10
610          10          12
620          11          13
630          10          16
640          12          12
650          12          14
660          12          12
670          12          14
680          10          10
690          10          12
700          10          10
710           9          13
720          10          12
730          11          11
740          11          11
750          10          14
760          11          11
770          11          11
780          10          12
790           8          16
800          10          14
810          10          16
820          11          13
830          10          10
840          11          13
850          10          10
860          12          12
870          10          12
880           9           9
890          11          15
900          10          10
910          10          12
920           9          13
930          12          14
940          10          12
950          11          13
960          11          13
970          12          14
980          10          10
990          11          13
1000          11          13
1010          10          12
1020          11          11
1030          12          12
1040          12          12
1050          12          14
1060          11          13
1070          13          13
1080          11          15
1090          13          13
1100          10          10
1110          10          14
1120          11          15
1130           9          11
1140          12          12
1150           8          14
1160          11          15
1170          11          11
1180          10          14
1190          12          14
1200          11          13
1210          10          14
1220          12          12
1230           9          13
1240          12          12
1250          11          13
1260           9          15
1270          10          10
1280          12          14
1290          11          13
1300          12          16
1310          12          12
1320          11          13
1330          11          17
1340           9          15
1350          11          11
1360          11          13
1370          11          13
1380          10          14
1390          11          15
1400          12          14
1410          12          12
1420          11          15
1430          10          12
1440          11          13
1450          10          10
1460          10          12
1470          11          13
1480          11          13
1490          11          13
1500          11          11
1510          12          12
1520          12          12
1530          10          12
1540          10          12
1550          10          12
1560           9          11
1570          11          13
1580           9          11
1590          13          15
1600          10          12
1610           9          11
1620          11          13
1630          11          15
1640          12          12
1650          13          13
1660          10          10
1670          11          11
1680          10          10
1690          12          14
1700          10          12
1710          11          11
1720           9          13
1730          11          11
1740          10          12
1750          10          12
1760          11          11
1770          10          10
1780          13          15
1790          11          13
1800          11          15
1810          11          11
1820          10          12
1830          10          10
1840          12          16
1850          11          11
1860          11          15
1870          10          14
1880          10          14
1890          10          14
1900           9          13
1910          11          11
1920          12          12
1930           8          18
1940          10          12
1950          10          14
1960          10          14
1970           8          14
1980          11          11
1990          11          13
2000          11          11
2010          11          11
2020          11          11
2030          10          12
2040           9          13
2050          11          11
2060           9          13
2070          11          11
2080          11          11
2090          12          14
2100          12          12
2110          11          11
2120          13          13
2130          11          13
2140          11          11
2150           9          11
2160          10          12
2170           9          11
2180          10          14
2190           9          11
2200           8          12
2210          12          16
2220          11          11
2230          11          13
2240          12          14
2250          10          12
2260          11          13
2270          13          15
2280          11          13
2290          13          13
2300          12          14
2310          11          13
2320          11          11
2330           9           9
2340          11          13
2350          11          13
2360          11          11
2370           9          15
2380          11          15
2390          12          14
2400          12          12
2410          11          13
2420          13          13
2430          11          13
2440          11          15
2450          10          12
2460          11          11
2470          11          15
2480          11          11
2490          13          13
2500          10          10
2510          11          15
2520          12          14
2530          12          12
2540          11          11
2550          12          12
2560          12          12
2570          11          11
2580          11          15
2590          10          10
2600          12          12
2610          11          15
2620          12          12
2630          11          11
2640          11          15
2650          10          12
2660          11          15
2670          12          12
2680          13          15
2690          11          15
2700          12          12
2710          12          12
2720          11          11
2730          12          14
2740          11          15
2750          10          12
2760          11          11
2770          10          12
2780          12          12
2790          11          13
2800          11          11
2810          11          11
2820          11          15
2830          10          16
2840          10          12
2850          12          12
2860          11          15
2870          13          13
2880          10          14
2890          12          16
2900          11          13
2910          13          17
2920          12          12
2930          12          12
2940          10          14
2950          13          13
2960          10          10
2970          11          13
2980          11          13
2990          12          16
3000          11          15
3010          10          16
3020          13          13
3030          11          11
3040          12          14
3050          11          13
3060          12          14
3070          10          12
3080          12          12
3090          12          14
3100          12          12
3110          12          12
3120           9          11
3130          12          14
3140          11          11
3150          10          12
3160          12          12
3170          13          15
3180          11          11
3190          10          10
3200          11          11
3210          12          12
3220          11          13
3230          11          13
3240          11          13
3250          11          11
3260          12          12
3270           8          16
3280          11          13
3290          11          11
3300          12          14
3310          11          13
3320           9          13
3330          12          12
3340          12          12
3350          11          13
3360           9           9
3370          10          12
3380          11          13
3390          11          13
3400          11          11
3410          12          12
3420          10          12
3430          10          12
3440           9          13
3450          13          13
3460          11          13
3470          12          12
3480           9          15
3490           8          14
3500          11          13
3510          12          14
3520          11          13
3530          11          11
3540          12          12
3550          11          13
3560          11          11
3570          13          15
3580          11          11
3590          10          12
3600          11          13
3610          10          12
3620          11          13
3630          10          10
3640          11          11
3650          11          11
3660          11          11
3670          11          11
3680          11          15
3690           8          14
3700          10          12
3710          11          11
3720          11          13
3730          10          12
3740          12          12
3750          11          11
3760          11          15
3770          11          15
3780          10          14
3790          12          14
3800          12          14
3810          10          12
3820          10          12
3830          10          14
3840          10          12
3850          12          12
3860          10          12
3870          12          12
3880          11          11
3890          11          11
3900          11          11
3910           9          11
3920          10          12
3930          11          11
3940          11          11
3950          12          14
3960          12          12
3970          12          12
3980           8          10
3990          11          11
4000          10          12
4010           9          13
4020          10          12
4030          12          12
4040          12          12
4050           8          14
4060          11          11
4070          10          12
4080           9          13
4090          11          13
4100           9          11
4110          10          12
4120           9          13
4130          10          12
4140          10          12
4150          11          13
4160          12          12
4170          12          12
4180           9          13
4190          10          12
4200           9          15
4210           9          13
4220          12          12
4230          11          11
4240           9          15
4250          11          11
4260          12          12
4270          12          12
4280          10          12
4290          11          13
4300          11          11
4310          12          12
4320          11          15
4330          12          12
4340          12          12
4350          11          13
4360          10          10
4370          11          11
4380          10          10
4390          12          12
4400          12          14
4410          11          13
4420           9          11
4430           9          17
4440          11          13
4450          11          13
4460          13          15
4470          10          10
4480          11          11
4490          11          13
4500          10          14
4510           8          12
4520          10          12
4530          13          13
4540          11          13
4550          11          13
4560          11          11
4570          13          15
4580          10          14
4590          12          14
4600          12          14
4610           8          14
4620          10          12
4630          11          11
4640          11          11
4650          11          11
4660          10          12
4670           9          15
4680          10          16
4690          12          14
4700          11          13
4710           9          11
4720          11          13
4730          11          11
4740          13          13
4750          11          13
4760          13          13
4770          10          14
4780          12          12
4790          10          12
4800           9          13
4810          10          10
4820          10          12
4830          11          11
4840          11          13
4850          10          10
4860           9           9
4870          11          15
4880           9          13
4890          12          12
4900          11          13
4910          13          15
4920          10          14
4930          11          13
4940          10          12
4950          10          12
4960          11          11
4970           9          13
4980          12          14
4990          11          11
5000          10          14
5010          10          12
5020          11          11
5030          10          12
5040          11          11
5050          11          15
5060          11          11
5070          10          14
5080           9          15
5090          12          12
5100          11          13
5110          11          11
5120          10          12
5130          10          12
5140           9          11
5150           8          14
5160          11          13
5170          11          13
5180          10          12
5190          10          12
5200          10          12
5210          11          11
5220          11          11
5230          10          12
5240          11          13
5250          11          13
5260          11          13
5270           9          11
5280          12          12
5290          11          15
5300          10          12
5310          11          11
5320           9          13
5330          13          13
5340          11          13
5350          11          15
5360          11          11
5370           9          13
5380          11          11
5390           9          13
5400           9           9
5410           8          10
5420           9          13
5430          10          12
5440          10          14
5450          11          11
5460           9          13
5470          10          12
5480          11          13
5490          11          11
5500          12          12
5510          10          14
5520          11          13
5530          10          12
5540          11          11
5550          10          10
5560          12          14
5570          11          11
5580          10          12
5590          12          14
5600          10          14
5610          12          12
5620          11          15
5630          11          11
5640          10          16
5650          11          11
5660          12          12
5670          10          12
5680          10          14
5690          11          11
5700          10          14
5710          11          13
5720          11          13
5730           9          11
5740          10          16
5750          10          14
5760          12          12
5770          10          12
5780          10          12
5790          12          16
5800          10          12
5810          12          14
5820          10          10
5830          10          12
5840          11          13
5850           9          15
5860          11          11
5870           9           9
5880          10          10
5890           9          11
5900          11          13
5910          11          15
5920          12          12
5930          11          13
5940          10          14
5950          12          14
5960           9          15
5970          12          12
5980          11          15
5990           9          11
6000          11          15
6010          12          12
6020          11          11
6030          11          11
6040          10          14
6050          10          12
6060          10          14
6070           9          13
6080          10          14
6090          10          12
6100          10          14
6110          10          10
6120          12          12
6130          12          12
6140          11          11
6150          10          12
6160          13          13
6170          12          12
6180          11          13
6190          11          13
6200          10          12
6210          12          12
6220          10          10
6230          12          14
6240          12          12
6250          12          12
6260          12          14
6270          12          14
6280          11          13
6290          11          15
6300          11          11
6310          11          13
6320          11          11
6330          13          13
6340          11          11
6350          11          11
6360          10          10
6370          12          14
6380          13          13
6390          11          13
6400          12          12
6410          14          14
6420          11          11
6430           9          13
6440          12          14
6450          11          11
6460          11          11
6470          11          11
6480          11          11
6490           9          11
6500          12          12
6510          10          10
6520          12          14
6530          10          12
6540           9          13
6550          12          12
6560          11          11
6570          10          14
6580          11          13
6590          10          14
6600          10          12
6610          11          11
6620          11          15
6630          10          12
6640          12          14
6650          10          12
6660          11          11
6670           9          11
6680          10          10
6690          10          10
6700          12          12
6710           9          11
6720           9          11
6730           9          13
6740          10          16
6750           9          11
6760          12          12
6770          12          14
6780          11          13
6790          12          14
6800          11          11
6810          11          13
6820          10          10
6830           8          12
6840          10          14
6850          10          12
6860           9          11
6870          11          15
6880          11          13
6890          10          12
6900          11          11
6910          11          11
6920          10          12
6930          11          13
6940          10          12
6950           9          11
6960          10          12
6970          11          11
6980          11          13
6990          10          16
7000           9          13
7010           9          11
7020           9          15
7030          10          10
7040          11          11
7050           9          11
7060           8          10
7070          11          13
7080           9          13
7090          10          12
7100          12          12
7110           9          11
7120          10          12
7130          11          11
7140           9          13
7150          11          13
7160          12          12
7170          10          10
7180          10          10
7190          11          11
7200          10          12
7210           9          11
7220          11          13
7230           7           9
7240          11          11
7250          11          13
7260           9          11
7270          11          11
7280          10          12
7290          10          12
7300           9          11
7310          11          13
7320          11          13
7330          11          11
7340           9           9
7350          12          12
7360          10          10
7370          11          11
7380           9          11
7390          11          11
7400          11          11
7410          10          10
7420          10          10
7430          11          11
7440           9          13
7450          11          13
7460          10          10
7470          11          13
7480          11          11
7490          10          10
7500          12          12
7510          10          10
7520          11          11
7530          10          10
7540          11          13
7550           9          11
7560          10          12
7570          12          12
7580          11          11
7590          10          12
7600          11          11
7610          11          11
7620          12          14
7630          10          12
7640           9          11
7650          10          12
7660          11          13
7670          11          11
7680          10          12
7690          10          10
7700           9          13
7710          11          11
7720          10          12
7730           9          11
7740          10          10
7750          10          12
7760          10          12
7770          11          11
7780          10          12
7790          10          12
7800          10          12
7810          11          15
7820           8          12
7830          11          11
7840          10          12
7850          10          12
7860          10          10
7870          11          11
7880          10          14
7890           9          13
7900          10          10
7910           8          14
7920          11          11
7930          10          12
7940           9          11
7950          10          12
7960          11          11
7970          10          12
7980          11          11
7990          12          14
8000          10          10
8010          11          13
8020           9           9
8030          11          11
8040           9          11
8050          11          13
8060          12          12
8070          10          14
8080          10          12
8090          12          12
8100           9          13
8110          12          12
8120          11          11
8130          11          11
8140          12          12
8150          10          14
8160           9          13
8170          11          11
8180          10          12
8190          12          12
8200          10          12
8210          12          12
8220          10          14
8230          10          12
8240          11          13
8250          12          14
8260          11          11
8270          10          12
8280          12          12
8290          11          11
8300          10          10
8310          10          10
8320          11          13
8330          11          11
8340          11          11
8350          11          11
8360           8          14
8370          10          12
8380           8          14
8390          12          12
8400          12          12
8410          11          11
8420          10          12
8430          12          12
8440          11          11
8450          10          12
8460          10          10
8470          11          11
8480          11          11
8490          10          14
8500          12          14
8510           9          11
8520           9          13
8530          10          12
8540          10          12
8550           7          11
8560          10          10
8570          11          15
8580          12          12
8590          12          12
8600          11          13
8610          11          13
8620          11          11
8630          10          14
8640          11          15
8650          11          13
8660          11          13
8670          12          14
8680          10          12
8690          11          13
8700          10          10
8710          12          12
8720          11          11
8730           9          13
8740          11          13
8750           9          11
8760          12          12
8770          12          12
8780          12          12
8790          11          11
8800          11          11
8810          11          13
8820          11          13
8830           8          10
8840          12          12
8850          10          14
8860          13          13
8870          12          12
8880           8          12
8890          11          13
8900          12          14
8910          11          13
8920          10          10
8930          11          11
8940          10          12
8950          11          13
8960          10          12
8970          10          12
8980          11          13
8990          11          11
9000          10          12
9010          10          14
9020          10          14
9030          11          13
9040          11          11
9050          10          12
9060          11          11
9070           8          12
9080          10          14
9090           9          13
9100          12          12
9110          12          12
9120          10          12
9130          12          12
9140          12          12
9150          11          15
9160           9          11
9170          10          10
9180           9          11
9190           8          14
9200          10          10
9210          11          11
9220          10          14
9230          11          11
9240          13          13
9250          11          11
9260          11          11
9270          11          11
9280          12          14
9290          10          14
9300           9          13
9310           9          11
9320          10          10
9330          10          12
9340          10          12
9350           8          16
9360          11          15
9370          10          16
9380          11          11
9390          11          11
9400          12          14
9410          11          13
9420          12          12
9430          14          14
9440          11          11
9450          12          12
9460          10          12
9470          10          12
9480           9          13
9490          11          11
9500          11          11
9510          12          14
9520          12          12
9530          11          11
9540           9          13
9550           8          16
9560           8           8
9570          13          13
9580          10          14
9590          10          14
9600          10          12
9610          12          14
9620          12          12
9630          11          13
9640          11          11
9650          12          14
9660          13          13
9670          11          11
9680          12          12
9690          12          12
9700          10          14
9710          12          12
9720          12          12
9730          10          12
9740          12          14
9750          10          12
9760          11          13
9770          11          13
9780          10          12
9790          11          11
9800          11          15
9810          11          13
9820          13          13
9830          13          13
9840          10          10
9850          10          14
9860          12          14
9870          12          12
9880          11          13
9890          11          13
9900          11          11
9910          12          12
9920          11          13
9930          11          11
9940          11          13
9950           9          13
9960          13          13
9970          10          14
9980          12          12
9990          11          15
10000          12          14
