Time   C(t)   
ps   
0           1           1  8.90929e-10   0.0277512
10    0.731933    0.873749    -3.00948    0.014646
20     0.70708    0.862043    0.207363  0.00154083
30    0.701117    0.859235     1.00817  0.000694489
40     0.69319    0.855502   -0.598941  0.000793487
50    0.685247    0.851761    -1.26746  0.00083698
60     0.67645    0.847618    0.203832  0.000796661
70    0.669314    0.844257    0.338608  0.000966328
80    0.657124    0.838516       2.483  0.000925979
90    0.650794    0.835535    0.338085  0.000731796
100    0.642488    0.831622    -1.26654  0.000255829
110    0.645678    0.833125   -0.198012  0.000270981
120    0.637068     0.82907    0.873921  0.000749257
130    0.630692    0.826067   0.0701019  0.000455156
140    0.627965    0.824783   -0.868232  0.000583157
150    0.619029    0.820574   0.0701017  0.000626332
160    0.615438    0.818883   -0.333311  0.000670248
170    0.605624    0.814261    -1.40446  0.00072788
180    0.600881    0.812027     1.14033  0.000488979
190    0.595845    0.809655     1.67539  0.000688303
200    0.587115    0.805543   -0.199843  0.000490978
210    0.586025     0.80503      1.8082  0.000506589
220    0.576983    0.800772     1.40714  0.00063512
230    0.573323    0.799048    0.603584  0.000665146
240     0.56368    0.794506   -0.332266  0.000409895
250    0.565125    0.795187     0.33547  0.00039703
260    0.555739    0.790767   -0.467565  0.000511405
270    0.554897     0.79037    0.603845  0.000284368
280    0.550052    0.788088     1.94258  0.000327668
290    0.548343    0.787283     1.54048  0.000271255
300    0.544627    0.785533     2.34377  0.000572604
310    0.536891     0.78189     2.20939  0.000415772
320    0.536312    0.781617     2.47633  0.000287804
330    0.531135    0.779179    0.601099  0.000446266
340    0.527386    0.777413     1.27079  0.000260195
350    0.525931    0.776728    0.198078  0.000318494
360    0.521016    0.774413     1.13602  0.000304565
370     0.51984    0.773859    -1.94409  0.000493011
380    0.511156    0.769769  -0.0683361  0.000739253
390    0.505055    0.766896    0.869081  0.000350443
400    0.504147    0.766468  -0.0689905  0.000105315
410    0.502949    0.765904    -1.81049  9.09954e-05
420    0.502327    0.765611    0.197424  0.00019279
430    0.499093    0.764088    -1.67676  6.23494e-05
440     0.50108    0.765024   0.0621236  0.000600685
450    0.487079     0.75843     -2.2109  0.000542891
460    0.490223     0.75991   -0.875164  4.95657e-05
470    0.486088    0.757963   -0.203897  0.000486834
480    0.480486    0.755324    -1.27452  0.00029798
490    0.480128    0.755156    0.331023  0.00010889
500    0.478308    0.754299    0.061993  0.000240718
510    0.475314    0.752889   -0.471488  0.000241166
520    0.473485    0.752027    0.999543  0.000256404
530    0.470186    0.750473   -0.740648  0.000418304
540    0.465119    0.748087    -1.81154  0.000257456
550    0.465037    0.748048    -1.81311  0.000199448
560     0.46113    0.746208   -0.339589  0.00024385
570     0.46016    0.745751    0.329846  0.000156076
580    0.458008    0.744738   -0.741564  0.000377685
590    0.452606    0.742194   -0.873987  0.000215825
600    0.453692    0.742705    -1.54538  -0.000167815
610    0.455962    0.743775    -2.21756  0.000127929
620    0.451133      0.7415    0.193892  0.000572374
630    0.444515    0.738383    0.328145  0.000558674
640     0.43996    0.736238    0.195985  0.000337212
650    0.437771    0.735207   -0.876471  0.000144832
660    0.437063    0.734874  -0.0731764  -6.31273e-05
670    0.439033    0.735801   -0.074615  0.000115636
680     0.43475    0.733784    -1.14616  0.000816523
690    0.422703     0.72811    -1.41165  0.000205737
700    0.430636    0.731846   -0.878696  -0.000360733
710    0.429917    0.731508     0.72855  -4.77627e-05
720    0.431591    0.732296  -0.0753995  0.000296777
730    0.423982    0.728713     1.13053  0.000446862
740    0.422654    0.728087    -1.01334  2.78741e-05
750    0.423424     0.72845    -2.35273  0.000238414
760    0.417885    0.725841    -1.41584  0.000389031
770    0.415644    0.724786    -1.68356  0.000179218
780    0.414301    0.724153    0.994572  1.38134e-05
790    0.415367    0.724656   -0.880133  1.39788e-05
800    0.414021    0.724022     1.52884  0.000497364
810     0.40542    0.719971     1.53119  0.000619029
820    0.401641    0.718191    0.325791  0.000317824
830    0.399064    0.716977     1.26347  0.000197354
840    0.397694    0.716332     2.33488  0.000137118
850    0.396321    0.715685     1.79957  0.000334877
860    0.390996    0.713178   0.0579388   7.689e-05
870    0.394783    0.714961   -0.210699  -1.37955e-05
880    0.391272    0.713307     2.19958  0.000183913
890    0.391105    0.713229   -0.211222  -5.9621e-05
900    0.392464    0.713869    0.591027  1.42455e-06
910    0.391077    0.713215    -1.15047  0.000368282
920    0.385099      0.7104    -2.35443  4.7344e-05
930     0.39013     0.71277   -0.481429  -1.32129e-05
940    0.385363    0.710524    -1.68761  0.000569211
950    0.378746    0.707408    0.993265  0.000370674
960     0.37795    0.707033   -0.346652  4.89399e-05
970    0.377767    0.706947    -1.41872  0.000403129
980    0.369887    0.703236    -2.75746  0.000311127
990    0.371544    0.704016    -1.15112  3.7834e-06
1000    0.369811      0.7032   -0.615289  0.000513303
1010    0.361278    0.699181    -2.35574  0.000514051
1020     0.35953    0.698358    -3.69435  0.000159551
1030    0.358087    0.697678    -3.29303  0.000221956
1040    0.355091    0.696267    -1.82017  0.000113738
1050    0.355812    0.696607    -2.62477  0.000269485
1060    0.349702    0.693729    -3.96299  -4.12524e-05
1070    0.356638    0.696996    -2.89459  -0.00018068
1080    0.353315    0.695431    -3.83043  0.000488423
1090    0.346869    0.692395    -2.22253  0.000317723
1100    0.346961    0.692438    -3.29408  0.000334415
1110    0.340181    0.689245    -4.36627  0.000240964
1120    0.342141    0.690168     -4.0992  0.000195056
1130     0.33628    0.687408    -3.42964  0.000257722
1140    0.336987    0.687741    -2.22502  0.000274371
1150    0.330792    0.684823    -4.63504  0.000525928
1160    0.326468    0.682787    -5.03544  8.69244e-05
1170    0.329054    0.684004     -2.8955  0.000166208
1180    0.323144    0.681221    -3.83213  0.000497086
1190    0.319112    0.679322    -2.89289  -3.81321e-05
1200    0.323907     0.68158    -3.16309  0.000136016
1210    0.316392    0.678041    -4.76955  0.000420316
1220    0.315501    0.677621    -5.43977  4.16815e-05
1230    0.315558    0.677648    -5.17192  5.76466e-05
1240    0.314348    0.677078     -5.4399  0.000438559
1250    0.306787    0.673517    -4.50262  -5.62519e-06
1260     0.31446    0.677131    -5.97862  1.11371e-05
1270    0.306564    0.673413    -5.44186  0.000280976
1280    0.308841    0.674485    -6.24647  0.000154673
1290    0.303471    0.671956    -5.30761  0.000154583
1300    0.305749    0.673029    -2.76399  0.000171357
1310    0.300044    0.670342    -5.70932  0.000331263
1320    0.299124    0.669908    -5.84423  -2.00331e-05
1330    0.300444     0.67053    -5.31023  0.000108302
1340    0.296958    0.668888    -5.30866  0.000445373
1350    0.291537    0.666335    -5.44226  0.000173099
1360    0.293496    0.667258    -5.97927  9.3475e-05
1370    0.289667    0.665455     -5.0408  0.000318873
1380    0.287118    0.664254    -3.70233  0.000432579
1390    0.281016     0.66138    -3.30061  0.000320373
1400    0.280711    0.661236    -4.77492  0.000224456
1410    0.276527    0.659266    -5.84489  0.000386575
1420    0.272979    0.657595    -5.17519  0.000257917
1430    0.271368    0.656836    -4.90851  0.000372161
1440    0.265536     0.65409    -5.44513  0.000453986
1450    0.262288     0.65256    -6.38138  0.000341401
1460    0.258708    0.650874     -5.9794  1.66297e-05
1470    0.261956    0.652403    -5.04381  0.000391892
1480     0.25087    0.647182    -4.37137  0.00060407
1490    0.249874    0.646713    -5.71194  0.000132353
1500    0.248223    0.645936     -4.7757  0.000328891
1510    0.243297    0.643615    -4.10456  3.47652e-05
1520    0.247528    0.645608    -5.71325  -0.000112162
1530     0.24554    0.644672    -2.90112  0.000297499
1540    0.241578    0.642806    -3.57082  0.000495276
1550    0.235634    0.640007    -3.56964  0.000216691
1560    0.237244    0.640765    -2.23208  0.000267048
1570    0.230293    0.637491    -4.50628  0.000415563
1580    0.228933    0.636851    -3.83776  3.71695e-05
1590     0.22955    0.637141    -4.64223  0.000202682
1600    0.224879    0.634941    -3.16832  0.000566926
1610    0.218211    0.631801    -3.03394  0.000137359
1620    0.222132    0.633648    -4.37477  0.000188109
1630    0.214449    0.630029    -3.97136  0.000221076
1640     0.21771    0.631565    -3.97371  -7.70673e-05
1650    0.215991    0.630755    -6.38504  0.000505154
1660    0.207607    0.626807    -3.83854  0.000522625
1670    0.205538    0.625832    -3.70494  0.000240566
1680    0.202796    0.624541    -5.31271  0.000224392
1690     0.20105    0.623719    -6.38268  0.000375533
1700    0.195285    0.621004    -4.37399  0.000342724
1710    0.194196     0.62049    -4.77544  -7.53962e-05
1720    0.196793    0.621714    -3.70599  0.000327586
1730    0.187644    0.617405    -3.57069  0.000546195
1740    0.185869    0.616569    -5.84724  -7.42823e-06
1750    0.187793    0.617475    -3.97345  -5.77733e-05
1760    0.187025    0.617113    -5.71403  0.000127506
1770    0.185243    0.616274    -4.77753  0.000330447
1780    0.180416    0.614001    -6.38294  0.000347982
1790    0.178283    0.612996    -6.25013  0.000179686
1800    0.176822    0.612308    -5.98202  2.75515e-05
1810    0.177732    0.612736    -6.25026  -0.000192892
1820     0.18068    0.614125    -5.71586  0.000180686
1830    0.174118    0.611035     -6.9193  0.000333656
1840    0.174007    0.610982    -6.51877  0.00019855
1850    0.170147    0.609164    -6.65223  0.00035236
1860     0.16696    0.607663    -7.32154  0.000131258
1870    0.167522    0.607928    -6.25118  6.34119e-05
1880    0.165691    0.607066    -7.32324  0.000251742
1890    0.162487    0.605557    -7.85855  0.000389391
1900    0.157904    0.603398    -5.44814  0.000390277
1910    0.154682     0.60188    -5.17937  0.000374147
1920    0.150421    0.599874    -5.84829  -5.51283e-05
1930    0.155784      0.6024    -5.84999  -8.91089e-05
1940    0.152203    0.600713    -6.92009  0.00023782
1950    0.151028     0.60016     -5.7156  1.40354e-05
1960    0.151922    0.600581    -7.32376  0.000256285
1970    0.145902    0.597746    -5.04617  0.000135327
1980    0.149216    0.599306    -6.25248  -5.44325e-05
1990    0.146991    0.598258     -8.5289  0.000309546
2000    0.143025     0.59639    -7.05539  0.000205965
2010    0.142871    0.596318    -6.78767  0.00022412
2020    0.138542    0.594279    -8.93023  0.000294081
2030     0.13699    0.593548    -7.85829  -8.87483e-05
2040    0.140317    0.595115    -6.38674  0.000225721
2050    0.132475    0.591422    -7.45723  0.000208086
2060    0.136156    0.593155    -7.72522  -0.00010584
2070    0.134592    0.592419    -9.19794  0.00010396
2080    0.134076    0.592176    -8.39465  -8.8805e-05
2090    0.136368    0.593255     -5.5837  6.93344e-05
2100     0.13269    0.591523    -7.18964  0.000192335
2110    0.132522    0.591444    -9.46619  -5.36665e-05
2120    0.133763    0.592028    -9.33194  5.21287e-05
2130    0.131479    0.590953    -8.93075  0.000299358
2140    0.127776    0.589209    -8.93101  3.47279e-05
2150    0.130784    0.590626    -10.6729  0.000176921
2160    0.124237    0.587542    -10.5375  0.000105827
2170    0.128668    0.589629    -10.1372  -7.07582e-05
2180    0.125653    0.588209    -10.6719  0.000159722
2190    0.125474    0.588124    -11.3418  -8.89122e-05
2200    0.127431    0.589046    -10.1377  0.000213989
2210    0.121194    0.586109    -11.4758  1.77175e-05
2220    0.127076    0.588879    -11.7455  3.64043e-05
2230    0.120466    0.585766    -11.0746  0.000339863
2240    0.120279    0.585678    -12.1459  0.000144092
2250    0.117584    0.584409    -11.6108  7.25552e-05
2260    0.118828    0.584995    -12.4152  1.91167e-05
2270    0.117201    0.584228      -10.54  0.000288746
2280    0.113053    0.582275    -11.7435  0.000181261
2290    0.113576    0.582521    -11.7447  0.00018204
2300    0.109412     0.58056    -12.5477  0.000398889
2310    0.105598    0.578764    -12.4128  3.83783e-05
2320    0.108645    0.580199    -14.2892  -0.00012402
2330    0.108079    0.579932    -12.5485  3.85556e-05
2340    0.107874    0.579835    -11.3434  0.000292803
2350    0.102223    0.577174    -14.0202  0.000238693
2360      0.1031    0.577587    -12.2804  7.59535e-05
2370    0.100704    0.576459    -14.4222  0.000112383
2380    0.100852    0.576528    -13.8871  0.000112851
2390   0.0984467    0.575396    -12.0129  0.000149496
2400   0.0978623     0.57512    -12.0124  0.000296372
2410   0.0925193    0.572604    -12.2807  0.000278546
2420   0.0922913    0.572497     -13.619  -8.72485e-05
2430   0.0942642    0.573426    -11.6112  0.000114699
2440   0.0899974    0.571416    -12.9509  0.000132999
2450   0.0916043    0.572173    -12.2813  6.00576e-05
2460   0.0887962     0.57085    -13.6193  0.000152128
2470   0.0885617     0.57074    -9.87039  0.00018964
2480   0.0850034    0.569064    -9.73588  -3.19496e-05
2490   0.0892007    0.571041    -10.4067  -0.000346223
2500   0.0919279    0.572325    -10.4075  -1.35858e-05
2510   0.0894724    0.571169    -10.8091  0.000301611
2520   0.0858957    0.569484    -11.0767  0.000209408
2530   0.0852843    0.569196    -11.6121  7.98512e-05
2540   0.0842986    0.568732    -11.6123  -0.00012495
2550   0.0877833    0.570373    -10.9445  8.03132e-05
2560   0.0826924    0.567976    -10.1402  0.000491067
2570   0.0779619    0.565748     -12.149  0.000305288
2580   0.0765866      0.5651    -11.6133  -0.000105884
2590   0.0800796    0.566745    -12.1499  -6.83345e-05
2600   0.0779533    0.565744    -11.4803  4.38333e-05
2610   0.0792029    0.566332    -11.4795  -1.2238e-05
2620   0.0781981    0.565859    -10.8112  0.000251311
2630   0.0741767    0.563965    -11.8821  8.19962e-05
2640   0.0765581    0.565087    -10.9452  0.000101556
2650   0.0721456    0.563008    -11.7474  8.24586e-05
2660    0.074909     0.56431    -12.5523  -0.000200948
2670   0.0761645    0.564901    -13.2223  0.00017775
2680    0.071354    0.562636    -13.2214  0.000329757
2690   0.0695694    0.561795    -12.4186  0.000102619
2700   0.0693016    0.561669    -12.1507  0.000236346
2710   0.0648425    0.559569    -13.2219  0.000160424
2720   0.0660931    0.560158    -11.6146  -0.000220729
2730   0.0692571    0.561648    -12.9547  0.000237807
2740    0.061337    0.557918    -12.0154  0.000448361
2750   0.0602898    0.557425    -11.6141  -0.000336237
2760   0.0680617    0.561085    -9.74137  -0.000278926
2770   0.0658684    0.560052    -11.0798  0.000411931
2780   0.0598231    0.557205    -11.6149  0.000412798
2790   0.0576124    0.556164     -13.758  0.000124963
2800   0.0573238    0.556028    -10.2762  -4.83638e-05
2810   0.0585797    0.556619    -10.0092  -4.84083e-05
2820    0.058292    0.556484    -8.53544  -9.91579e-06
2830    0.058778    0.556713    -10.0095  0.000125861
2840   0.0557748    0.555298    -9.60725  0.000184229
2850   0.0550934    0.554977    -10.5445  0.000398826
2860   0.0477983    0.551542      -12.82  0.000126848
2870   0.0525564    0.553783    -11.6166  -0.00026198
2880   0.0530379    0.554009    -12.1523  8.84887e-05
2890   0.0507867    0.552949    -11.2146  0.00014723
2900   0.0500932    0.552622    -11.6163  0.000304427
2910   0.0446981    0.550082    -12.2849  0.00016765
2920   0.0467402    0.551043    -11.6161  -8.66601e-05
2930   0.0464313    0.550898    -11.6163  -2.80451e-05
2940   0.0473011    0.551307    -10.2782  -4.77437e-05
2950   0.0473862    0.551348    -12.0194  9.01088e-05
2960    0.045499    0.550459    -11.8854  0.00036675
2970   0.0400512    0.547893    -11.6158  0.000268662
2980   0.0401257    0.547928    -10.4118  -0.000165948
2990   0.0433701    0.549456    -8.80565  -0.000126545
3000   0.0426566     0.54912    -10.2785  -7.99224e-06
3010     0.04353    0.549531    -10.0105  1.19913e-05
3020   0.0424168    0.549007    -9.20736  0.000310698
3030    0.037316    0.546605    -8.80447  0.000251457
3040   0.0373877    0.546639    -11.4833  0.000272535
3050   0.0318653    0.544038    -8.53557  0.000272914
3060   0.0319294    0.544068    -8.13491  0.00035424
3070   0.0247805    0.540701    -9.60724  0.000134037
3080   0.0292486    0.542805    -8.00118  -4.55922e-05
3090   0.0256924     0.54113    -8.80499  0.000476912
3100   0.0197104    0.538313    -7.86562  0.000135543
3110   0.0229815    0.539854    -9.87536  -0.000206503
3120   0.0238405    0.540258    -10.2779  -8.6021e-05
3130   0.0247019    0.540664    -10.6794  0.000197119
3140   0.0198981    0.538401    -10.4111  -4.59719e-05
3150   0.0256214    0.541097    -9.47495  -4.7395e-06
3160   0.0199929    0.538446    -9.47378  0.000136739
3170   0.0228866    0.539809    -9.87654  1.55982e-05
3180   0.0196809    0.538299     -9.8764  0.000259854
3190   0.0176895    0.537361    -10.5458  9.73605e-05
3200   0.0177337    0.537382    -11.0822  -0.000168024
3210     0.02105    0.538944    -11.0827  -2.49381e-05
3220   0.0182325    0.537617    -10.8147  0.000261663
3230   0.0158167    0.536479    -11.3498  0.000180319
3240   0.0146261    0.535919    -10.8142  1.63639e-05
3250   0.0154895    0.536325    -11.8861  -2.4628e-05
3260   0.0151187    0.536151    -11.4842  5.77481e-05
3270   0.0143345    0.535781    -10.6809  7.85351e-05
3280    0.013548    0.535411     -11.083  0.000140858
3290   0.0115173    0.534454    -11.7523  7.90096e-05
3300   0.0119678    0.534667    -12.0207  -3.57525e-06
3310   0.0115888    0.534488     -10.815  0.000100265
3320  0.00996246    0.533722    -11.4846  0.000246179
3330  0.00666526    0.532169    -9.47561  5.91718e-05
3340  0.00877902    0.533165    -10.6811  5.97603e-05
3350  0.00547006    0.531606    -11.0815  0.000310451
3360     0.00257     0.53024    -10.0099  -4.45861e-05
3370  0.00636178    0.532026    -10.1448  -0.00046368
3380   0.0118436    0.534608      -10.28  -6.58857e-05
3390  0.00767949    0.532647    -9.34253  0.000227721
3400  0.00728919    0.532463    -9.34188  8.12307e-05
3410  0.00605488    0.531882    -9.07298  0.000208003
3420  0.00312913    0.530504    -10.0099  0.000102834
3430   0.0039982    0.530913     -8.6714  -0.000319873
3440  0.00952659    0.533517    -10.4138  -0.000129702
3450  0.00659224    0.532135    -8.80631  0.000251412
3460  0.00449835    0.531149     -9.8768  0.000145927
3470   0.0036737     0.53076    -8.93938  -2.3913e-05
3480  0.00497661    0.531374    -11.0822  -2.48684e-06
3490  0.00372344    0.530784    -9.74241  -0.000109478
3500  0.00716618    0.532405    -9.60973  -0.000323417
3510   0.0101918     0.53383    -7.60156  3.98149e-05
3520  0.00636988     0.53203    -7.86836  -3.50564e-06
3530   0.0102619    0.533863     -7.4677  1.85786e-05
3540  0.00599831    0.531855    -9.20828  1.79964e-05
3550  0.00990196    0.533694    -8.94147  -0.000175351
3560  0.00950533    0.533507    -9.07546  -0.000111446
3570   0.0121309    0.534743    -9.47666  0.000277736
3580  0.00395061    0.530891    -9.74307  0.000147793
3590  0.00917502    0.533351    -7.33409  -0.00021952
3600  0.00834101    0.532958    -8.53845  0.000257354
3610  0.00402794    0.530927    -9.61025  6.20194e-05
3620  0.00710062    0.532374    -9.47718  0.000150002
3630   0.0010279    0.529514    -9.61051  0.000237067
3640  0.00235928    0.530141    -8.27112  -4.58707e-05
3650  0.00194531    0.529946    -9.61025  0.000107175
3660  0.00021578    0.529132     -11.351  -2.28435e-06
3670    0.001991    0.529968    -9.20945  0.000283589
3680  -0.00545601     0.52646    -10.0114  6.37342e-05
3690  0.000716314    0.529367    -9.74503  -4.51936e-05
3700  -0.00455214    0.526886      -10.28  0.000329017
3710  -0.00586403    0.526268    -10.0121  0.000175611
3720  -0.00806435    0.525232    -8.80617  -1.06308e-06
3730  -0.00584277    0.526278    -8.94173  -0.00013379
3740  -0.00538855    0.526492    -10.6826  -0.000112149
3750  -0.00359979    0.527335    -10.4155  2.11161e-05
3760  -0.00581087    0.526293    -11.0851  0.000266036
3770  -0.00892051    0.524829    -10.0131  0.000266802
3780  -0.0111469     0.52378    -10.1467  4.41369e-05
3790  -0.00980325    0.524413    -10.8164  8.93684e-05
3800  -0.0129343    0.522938    -9.61077  2.19893e-05
3810   -0.010243    0.524206    -9.07612  -6.73285e-05
3820  -0.0115877    0.523573    -10.2809  0.000224677
3830  -0.0147366     0.52209    -9.74477  0.000157627
3840  -0.0147402    0.522088    -10.5479  -0.000247976
3850  -0.00977705    0.524425    -11.0853  -2.22425e-05
3860  -0.0142954    0.522297    -11.3516  -4.57504e-05
3870  -0.00886204    0.524856    -12.1557  -0.000271959
3880  -0.00885622    0.524859    -10.2819  4.48519e-05
3890  -0.00975908    0.524434    -11.2193  9.04568e-05
3900  -0.0106654    0.524007    -9.61261  0.000250355
3910  -0.0147662    0.522076    -11.7546  -3.16417e-07
3920   -0.010659     0.52401    -11.7554  3.92366e-07
3930   -0.014774    0.522072    -10.0139  9.1368e-05
3940  -0.0124864    0.523149    -10.5507  0.000183957
3950  -0.0184532    0.520339     -10.281  0.000160911
3960  -0.0157046    0.521634    -10.9515  4.70476e-05
3970  -0.0193941    0.519896    -10.9506  0.000185046
3980  -0.0194055    0.519891    -11.0848  -0.000114357
3990   -0.017107    0.520973    -12.8263  -2.1964e-05
4000  -0.0189662    0.520098    -12.2903  4.71299e-05
4010  -0.0180496    0.520529    -12.6927  2.42864e-05
4020   -0.019452    0.519869    -12.4245  0.00039632
4030   -0.025976    0.516796    -12.4237  0.000280717
4040  -0.0250663    0.517225    -13.4955  -0.000184432
4050  -0.0222874    0.518533     -12.961  -0.000184875
4060  -0.0213688    0.518966    -12.0238  -9.20071e-05
4070  -0.0204472      0.5194    -13.0939  -6.88598e-05
4080  -0.0199916    0.519615    -13.0948  -0.000116129
4090  -0.0181246    0.520494    -12.9611  4.83512e-05
4100  -0.0209586    0.519159    -12.1567  7.16694e-05
4110   -0.019558    0.519819    -11.0865  0.000143105
4120  -0.0238207    0.517811    -10.8167  7.21882e-05
4130  -0.0210018    0.519139    -9.88072  -0.000163923
4140  -0.0205423    0.519355    -10.8177  -4.60289e-05
4150  -0.0200812    0.519572    -10.8185  -4.61617e-05
4160   -0.019619     0.51979    -12.6927  0.000239478
4170  -0.0248708    0.517317    -13.2284  0.000239788
4180  -0.0244148    0.517531    -13.0935  -0.000189057
4190  -0.0210896    0.519098    -12.0231  -4.58137e-05
4200  -0.0234985    0.517963    -12.5585  0.000169346
4210  -0.0244765    0.517502     -12.693  9.79869e-05
4220  -0.0254583     0.51704    -11.4877  2.08188e-06
4230  -0.0245182    0.517483    -12.1575  0.000219203
4240  -0.0298423    0.514975     -11.354  0.000219425
4250  -0.0289067    0.515416    -12.8272  -0.00011792
4260  -0.0274839    0.516086    -12.2922  7.55547e-05
4270  -0.0304178    0.514704    -11.2213  0.000148268
4280  -0.0304493    0.514689    -11.7565  -6.98026e-05
4290  -0.0290217    0.515362    -12.5609  -9.42851e-05
4300  -0.0285636    0.515577    -11.6234  0.000173719
4310  -0.0324961    0.513725    -12.8284  0.000198391
4320  -0.0325314    0.513709    -12.4272  0.000150464
4330  -0.0355054    0.512308    -12.8281  0.000150717
4340  -0.0355457    0.512289    -12.0251  -9.42282e-05
4350  -0.0336208    0.513196    -13.2305  0.000201049
4360  -0.0395667    0.510395    -13.4971  0.000349026
4370  -0.0406013    0.509908    -11.2213  4.82183e-06
4380  -0.0396632     0.51035    -12.5608  -0.00024249
4390  -0.0357515    0.512192    -12.1588  0.000104024
4400  -0.0417436     0.50937    -13.2306  0.000451265
4410  -0.0447768    0.507942     -13.632  -6.9404e-05
4420  -0.0403556    0.510024    -15.2403  -0.000168707
4430  -0.0414027    0.509531    -13.8998  -6.99103e-05
4440  -0.0389573    0.510682    -12.6959  5.52548e-05
4450  -0.0425078     0.50901    -11.4905  0.000155159
4460  -0.0420605    0.509221    -12.5616  -6.98974e-05
4470  -0.0411098    0.509669    -13.3653  5.37224e-06
4480   -0.042168     0.50917    -12.1601  -2.00024e-05
4490  -0.0407098    0.509857    -12.8298  0.000131607
4500  -0.0448001    0.507931    -13.7671  -7.07455e-05
4510  -0.0392949    0.510523    -12.6974  -0.000171466
4520  -0.0413708    0.509546    -11.7591  -4.58645e-05
4530  -0.0383776    0.510955    -13.2331  8.15788e-05
4540  -0.0430024    0.508777     -12.562  5.57043e-05
4550  -0.0394917    0.510431    -12.1611  -0.000326182
4560  -0.0364787     0.51185    -12.4292  0.00018397
4570  -0.0431711    0.508698     -12.428  0.000234979
4580  -0.0411783    0.509636    -12.2948  8.26608e-05
4590  -0.0448243    0.507919    -12.6952  0.000133866
4600  -0.0438556    0.508375    -12.6957  -0.000174314
4610   -0.041338    0.509561    -13.2318  -7.15809e-05
4620   -0.042424     0.50905    -12.5626  5.70899e-05
4630  -0.0424798    0.509023    -12.4288  -0.000279356
4640  -0.0368369    0.511681    -11.3583  -0.000176066
4650  -0.0389585    0.510682    -10.6885  0.000238554
4660   -0.041608    0.509434    -10.6877  -2.10971e-05
4670  -0.0385365    0.510881     -12.028  5.76848e-05
4680  -0.0427617    0.508891     -11.894  0.000371002
4690  -0.0459566    0.507386    -12.0269  0.000241484
4700  -0.0475913    0.506616    -10.9558  -0.000177433
4710  -0.0424079    0.509057    -11.0898  -9.85248e-05
4720  -0.0456208    0.507544    -10.4201  0.000295511
4730  -0.0483182    0.506274    -10.6881  5.9077e-05
4740  -0.0468024    0.506988    -10.8221  0.000244863
4750  -0.0532154    0.503967    -11.7584  0.00024504
4760  -0.0517032    0.504679    -11.0898  -0.000151514
4770  -0.0501851    0.505394    -11.2239  -0.000178686
4780  -0.0481295    0.506363    -10.5541  -0.000232599
4790  -0.0455331    0.507585    -10.0198  3.35567e-05
4800  -0.0488006    0.506046    -10.5543  0.000247128
4810  -0.0504757    0.505258    -10.2867  -0.000207415
4820  -0.0446523       0.508    -10.8232  8.79195e-05
4830  -0.0522341    0.504429    -11.4915  8.69513e-05
4840  -0.0463913    0.507181    -10.0201  3.46767e-05
4850  -0.0529276    0.504103    -10.4207  0.000330751
4860  -0.0530063    0.504066    -10.6883  0.000170283
4870  -0.0563333    0.502499    -12.0272  -0.000181926
4880  -0.0493678    0.505779    -10.1534  -0.000344641
4890  -0.0494405    0.505745    -9.88621  0.000306711
4900   -0.055502     0.50289     -10.153  0.000198189
4910  -0.0534042    0.503878    -9.48398  8.46665e-06
4920  -0.0556714    0.502811    -10.4215  0.000254551
4930  -0.0584953    0.501481    -9.75131  0.000200619
4940  -0.0596838    0.500921    -9.48306  3.66131e-05
4950  -0.0592275    0.501136    -8.41218  -0.000128367
4960  -0.0571164     0.50213    -8.27871  -0.000128734
4970  -0.0566528    0.502348    -8.68094  0.000506748
4980  -0.0672514    0.497357    -8.94801  9.1969e-05
4990  -0.0584922    0.501482    -10.0211  -0.00032281
