Time   C(t)   
ps   
0           1           1  2.18695e-09   0.0866023
10    0.128901    0.795063   -0.550635   0.0437091
20    0.125817    0.794338     1.31483  0.000815977
30    0.112582    0.791224    0.486075  0.000557784
40    0.114662    0.791713    -1.17482  0.000429916
50    0.103983    0.789201   -0.914021  0.00114468
60   0.0917681    0.786327   -0.704948  -8.85978e-05
70    0.105755    0.789618    0.016153  7.53224e-05
80   0.0902616    0.785973   0.0186847  0.000921018
90   0.0873349    0.785284    -2.31442  0.000803917
100   0.0741833     0.78219    -1.53603  -8.72299e-05
110   0.0890795    0.785695     1.77948  -0.000347424
120   0.0811318    0.783825   -0.292521  0.00100274
130   0.0690247    0.780977   -0.290901  -0.00030519
140   0.0872356    0.785261     1.15743  -0.000621072
150   0.0814462    0.783899    0.795508  0.000349793
160   0.0802397    0.783615      1.9345  0.00049304
170   0.0715854    0.781579    -1.95296  0.00077862
180   0.0646673    0.779951   -0.292876  -0.00041545
190   0.0798944    0.783534  -0.0881567  -0.000579889
200   0.0762651     0.78268   -0.139577  0.000748065
210   0.0649331    0.780014  -0.0863334  0.00057315
220   0.0648021    0.779983    -1.27953  9.02068e-05
230   0.0631289    0.779589   0.0699529  -0.000130199
240   0.0674061    0.780596    -1.53856  -0.000339824
250   0.0699254    0.781188    0.379032  0.000101278
260   0.0653805    0.780119   -0.243227  0.000344434
270   0.0630367    0.779568    -1.17497  0.000588883
280   0.0536028    0.777348    -1.64201  0.000379106
290   0.0554546    0.777784    0.379184  9.20562e-05
300   0.0517617    0.776915   -0.605904  -5.24063e-05
310   0.0565027    0.778031    0.587042  4.79471e-05
320   0.0508028     0.77669    -1.69449  -8.14535e-06
330   0.0566656    0.778069    -0.86574  -0.000196957
340   0.0547419    0.777616    0.535115  0.00022603
350    0.052145    0.777005    0.379133  -0.000153076
360   0.0578035    0.778337     2.03836  0.000271684
370   0.0467114    0.775727  -0.0869912  0.000181845
380   0.0541666    0.777481   -0.451947  0.000205546
390   0.0426004     0.77476    0.689377  -0.00028819
400   0.0599304    0.778837      1.3622  -0.000197515
410   0.0465507    0.775689    0.949364  0.000710341
420   0.0457235    0.775495    -2.11046  -0.000434451
430   0.0552398    0.777733   -0.348346  -0.000288494
440   0.0514934    0.776852     -1.1775  0.000115821
450   0.0529233    0.777188    0.479492  0.000251733
460   0.0464588    0.775668    -2.31852  -8.68877e-05
470   0.0546611    0.777597    -1.12785  -0.00034631
480    0.053385    0.777297   -0.660515  0.000523758
490   0.0441859    0.775133     1.15343  0.000411181
500   0.0451613    0.775362   -0.815788  0.000219822
510   0.0397895    0.774099    -1.02243  0.000310738
520   0.0389466      0.7739    -1.74849  -1.78868e-05
530   0.0401472    0.774183    -1.69753  -0.000211208
540   0.0431707    0.774894    -2.57957  -0.000462118
550   0.0493896    0.776357    -1.38723  -0.000120939
560   0.0455895    0.775463    -1.95666  6.08811e-05
570   0.0481719    0.776071   0.0646362  0.00012992
580   0.0429911    0.774852     1.10145  -9.89854e-05
590   0.0501517    0.776536    0.790192  0.000439531
600   0.0342005    0.772784    0.118336  0.000106953
610   0.0480126    0.776033     1.04886  3.99159e-05
620   0.0334022    0.772596   0.0657501  0.000566765
630   0.0366773    0.773366   -0.454327  -0.000362372
640   0.0406496    0.774301    0.529799  0.000269936
650   0.0312786    0.772096     1.20495  0.000361979
660     0.03341    0.772598    0.477872  4.04226e-05
670   0.0304701    0.771906    0.895361  -0.000490886
680   0.0432277    0.774907    0.944199  -0.000236835
690   0.0352068     0.77302    0.892273  -0.000157498
700   0.0463777    0.775649    -1.13155  8.64822e-05
710   0.0334772    0.772614    0.322852  0.00116387
720   0.0231003    0.770172     1.93015  0.000458393
730   0.0243093    0.770457   0.0641804  -0.000365134
740    0.030403     0.77189   0.0626112  -0.000226068
750   0.0288307     0.77152    -1.18105  -0.000401693
760   0.0384368     0.77378    0.425338  -0.000203709
770   0.0329048    0.772479    0.321333  0.000203557
780   0.0343657    0.772823     1.87711  -0.000239711
790   0.0376991    0.773607     2.03147  -0.000392154
800   0.0422088    0.774668     2.65332  -0.000615409
810   0.0500072    0.776502    0.474682  -1.87734e-05
820   0.0425842    0.774756     -0.6136  0.000661038
830   0.0367865    0.773392     1.98005  0.000133999
840   0.0399043    0.774126    -1.23515  -0.000112299
850   0.0390325     0.77392    0.994962  -7.74629e-05
860   0.0414535     0.77449     1.92691  5.13047e-06
870   0.0389299    0.773896    0.215049  0.000205407
880   0.0373454    0.773524     1.14948  0.000465829
890   0.0296133    0.771704    0.373209  0.00062021
900   0.0249412    0.770605      2.0833  2.97438e-05
910   0.0290184    0.771565   -0.198137  -0.000336999
920   0.0316811    0.772191    0.320776  5.3711e-05
930   0.0279442    0.771312  0.00825373  0.000195982
940   0.0277615    0.771269     2.08269  0.000327397
950   0.0213962    0.769771     2.34166  -0.000100797
960   0.0297774    0.771743  0.00800048  -0.000445738
970    0.030311    0.771869   -0.200162  0.000578876
980   0.0181999    0.769019     1.92752  0.000591353
990   0.0184839    0.769086     2.44582  0.000186874
1000   0.0144625     0.76814   -0.613398  -0.000794518
1010   0.0343743    0.772825     1.56079  -0.000974817
1020   0.0339588    0.772727      1.8726  0.000677506
1030   0.0208242    0.769637     2.44476  0.000666359
1040   0.0206316    0.769591  0.00622841  -0.000425622
1050   0.0293366    0.771639     1.87296  -0.00111224
1060   0.0428763    0.774825      1.8187  0.000632954
1070   0.0166775    0.768661     0.88883  0.00111472
1080    0.020582     0.76958     2.44359  -0.000125119
1090   0.0191799     0.76925    0.214442  0.000309586
1100   0.0143902    0.768123     2.54795  0.000116353
1110   0.0168528    0.768702    0.680364  -0.000391938
1120    0.022229    0.769967     1.19821  -0.000101468
1130   0.0188822     0.76918    0.886905  0.000565853
1140    0.010912    0.767305   -0.148641  -0.000138369
1150   0.0216496    0.769831     1.04182  8.47471e-06
1160   0.0107425    0.767265     1.04395   0.0002266
1170   0.0171176    0.768765    0.937971  -0.000284377
1180     0.01643    0.768603     2.49415  -0.000346474
1190   0.0240471    0.770395    0.989848  -7.77544e-05
1200   0.0179851    0.768969   -0.201985  0.000349768
1210   0.0170517    0.768749    0.783103  0.000534754
1220  0.00729001    0.766453      2.9622  -0.000372557
1230   0.0245029    0.770502   -0.825662  -0.000580763
1240   0.0189053    0.769185   -0.980784  0.00028985
1250   0.0187059    0.769138  -0.0486355  0.000377003
1260   0.0113652    0.767411    0.575194  -0.000127956
1270    0.021265     0.76974   -0.826472  0.000107257
1280  0.00922006    0.766907   -0.565624  0.000303885
1290   0.0151873    0.768311   -0.411868  -0.00015205
1300   0.0122611    0.767622   -0.100157  -6.61887e-05
1310   0.0165111    0.768622   -0.257152  0.000206813
1320  0.00812481    0.766649    -1.03347  0.000703057
1330  0.00244993    0.765314    -1.18869  -0.000562712
1340    0.019379    0.769297    0.260899  -0.00041341
1350   0.0107181    0.767259    0.936402   0.0009169
1360  0.00104103    0.764983    0.574181  0.000470022
1370  0.00131769    0.765048    -1.55274  0.00014711
1380  -0.00190117     0.76429     -1.0321  -0.000827682
1390   0.0178713    0.768942    0.156438  -0.000515372
1400  0.00840628    0.766715    0.365158  0.00106025
1410  -0.00333363    0.763953     1.40273  -5.3749e-05
1420  0.00948126    0.766968     2.12788  -0.000592354
1430  0.00851345    0.766741   -0.153097  0.000285467
1440  0.00377193    0.765625    -2.01987  0.000298514
1450  0.00254317    0.765336    0.469467  -0.000129058
1460   0.0063531    0.766232     1.55729  9.71613e-06
1470  0.00234884     0.76529    0.572054  3.45701e-05
1480   0.0056617     0.76607     2.85338  0.000136241
1490  -0.000375977    0.764649   -0.205175  0.00043986
1500  -0.00313551       0.764     2.49106  -0.00026877
1510  0.00499943    0.765914     1.08894  -0.000509862
1520  0.00706173    0.766399     1.24528  -0.000142942
1530  0.00785828    0.766586      2.4366  0.000390874
1540  -0.000755755     0.76456     2.48954  0.000225675
1550  0.00334478    0.765525   -0.984835  0.000456518
1560  -0.00988612    0.762412     1.60866  0.000660798
1570  -0.00987117    0.762415     1.03944  -0.000295423
1580  -0.00397766    0.763802  -0.0513695  -0.000551691
1590  0.00116264    0.765011     1.55426  0.000151556
1600  -0.00700878    0.763089    0.623322  0.000600043
1610  -0.0108382    0.762188     1.09041  -0.000155914
1620  -0.0038905    0.763822       1.711  7.58542e-05
1630  -0.0123553    0.761831     1.24528  -0.000233858
1640  0.000786664    0.764923    0.932806  -0.000993578
1650  0.00751625    0.766506   -0.830928  0.000152101
1660  -0.00225536    0.764207  -0.000759878  0.000564878
1670  -0.00378131    0.763848     1.55577  0.000126943
1680  -0.00479422     0.76361   -0.415261  -0.000131706
1690  -0.00114719    0.764468      2.2289  -0.000468844
1700  0.00458267    0.765816     1.08793  -0.000249199
1710  0.00383679     0.76564    0.725151  0.000464638
1720  -0.0047101    0.763629   -0.778141  0.000569426
1730  -0.00755172    0.762961    -1.24467  -8.02878e-05
1740  -0.00310435    0.764007   0.0511673  -0.000353961
1750  -0.000472505    0.764626   -0.209276  0.000285023
1760  -0.00880481    0.762666    0.777583  -0.000329525
1770  0.00611799    0.766177   -0.313434  -0.000446764
1780  0.000130477    0.764768     0.25776  0.000455366
1790  -0.00298932    0.764034   -0.209783  -1.58093e-05
1800  0.000446663    0.764843    0.826624  -0.000173205
1810  0.000474785    0.764849    0.411564  -0.000200086
1820  0.00444839    0.765784     1.60314  -2.71089e-06
1830  0.000529003    0.764862    -0.36612  0.000405544
1840  -0.00366248    0.763876    0.982302  0.000208434
1850  -0.00363968    0.763881  -0.0531925  -0.000134455
1860  -0.000973386    0.764509     1.76004  -0.000134607
1870  -0.000947544    0.764515     2.01917  6.36678e-05
1880  -0.00224674    0.764209   -0.313636  0.000103508
1890  -0.0030177    0.764028     1.60482  -0.000215059
1900  0.00205445    0.765221     1.81105  -0.000401414
1910  0.00501058    0.765916     1.75852  0.000329968
1920  -0.00454492    0.763668    0.204668  0.000356697
1930  -0.00212336    0.764238   -0.678591  -6.89249e-05
1940  -0.00316642    0.763993     1.70755  0.000438657
1950  -0.0108965    0.762174     1.86359  -0.00047082
1960  0.00624999    0.766208    0.409438  -0.000738514
1970  0.00387378    0.765649     1.03241  0.000855234
1980  -0.0108547    0.762184   -0.158515  0.000198325
1990  -9.27275e-05    0.764716   0.0986378  -0.000324268
2000  -0.00436934     0.76371   0.0998529  -0.000299084
2010  0.00588896    0.766123     1.39488  0.000132643
2020  -0.00702221    0.763086   0.0487364  0.000212526
2030  0.00163844    0.765123    0.254468  -0.000799522
2040  0.00896822    0.766847    0.720138  0.000524924
2050  -0.00886004    0.762653   -0.315864  0.00171737
2060  -0.0253792    0.758767    0.619575  -0.000544496
2070  0.00202987    0.765215  -0.0575479  -0.00152144
2080   0.0050496    0.765926    0.304977  -0.00028876
2090  0.00780507    0.766574    -1.56241  0.000391596
2100  -0.00278233    0.764083      1.8607  0.000459964
2110  -0.00139421     0.76441   -0.783255  -0.00013899
2120  -2.53354e-06    0.764737    0.978606  -0.000153064
2130  0.00166707     0.76513    0.977036  0.000175169
2140  -0.00350591    0.763913   -0.162059  -0.000126411
2150  0.00419529    0.765725    0.406704  -0.000263209
2160  0.00175828    0.765151   -0.163072  -0.000360687
2170    0.011409    0.767422   -0.370728  -0.000195741
2180   0.0056731    0.766072     2.32495  0.00123585
2190  -0.0133079    0.761607     0.30518  0.000217213
2200  0.00132884     0.76505    -1.35602  -0.000788589
2210  0.00246387    0.765317    0.251126  -8.59756e-05
2220  0.00304835    0.765455    0.977543  -0.000252454
2230  0.00751296    0.766505  -0.0597247  0.000509875
2240  -0.00714914    0.763056    -0.21434   0.0008432
2250  -0.00935104    0.762538    -1.56069  -4.36655e-05
2260  -0.00627583    0.763261    0.201934  -0.000878707
2270  0.00822311    0.766672   -0.163528  -0.000699041
2280    0.007705     0.76655   -0.889386  1.00075e-05
2290  0.00802296    0.766625    -1.25429  0.00117011
2300  -0.0156973    0.761045    0.304116  0.000220025
2310  0.00362245     0.76559    0.458327  -0.000925654
2320  0.00281578      0.7654    0.769229  3.87125e-05
2330   0.0028482    0.765408    0.562231  -0.000719791
2340   0.0172116    0.768787     1.49382  -0.000157992
2350  0.00600803    0.766151    0.819484  0.000600588
2360  0.00519984    0.765961   -0.892172  -0.000187051
2370  0.00974906    0.767031     1.07927  -0.000427269
2380   0.0137452    0.767971   -0.166565  -0.000315299
2390    0.016055    0.768515    0.869842  0.000363398
2400  0.00647725    0.766261    0.455795  0.000278537
2410   0.0104843    0.767204    0.248139  0.000351212
2420  -0.000546991    0.764609    -1.14998  0.000194702
2430  0.00659024    0.766288    -1.09927  0.000352985
2440  -0.0076067    0.762948     0.50995  5.32423e-05
2450   0.0055254    0.766038     0.14469  -0.000387289
2460  0.000139091     0.76477   -0.631627  0.000124929
2470  0.00302682     0.76545   -0.581372  -3.15932e-05
2480  0.000770956    0.764919      -1.255  0.000455201
2490  -0.0060772    0.763308    0.819484  -8.91426e-05
2500  0.00255381    0.765338   -0.425237  -0.000548169
2510  0.00488618    0.765887    0.870095  8.30367e-05
2520  0.000893073    0.764948    0.195959  0.000169278
2530  0.00150062    0.765091    -1.25586  -0.000493546
2540    0.010764     0.76727     1.23115  0.000199047
2550  -0.00248033    0.764154    0.973644  0.000241484
2560  0.00593431    0.766134   0.0397229  -0.000480612
2570  0.00713191    0.766415   -0.737758  0.00019925
2580   0.0019493    0.765196     1.02572  0.000272026
2590  0.00169139    0.765136    -2.29278  0.000185772
2600  -0.00176613    0.764322    -3.43395  0.000506442
2610  -0.00843744    0.762753     -2.3449  -1.73167e-05
2620  -0.0014198    0.764404   -0.893084  -0.00105319
2630   0.0126264    0.767708    -2.34627  -0.0009386
2640   0.0173522     0.76882    -2.03598  9.77946e-05
2650   0.0106705    0.767248     -2.3984  0.000507759
2660  0.00719702    0.766431    -4.05788  0.000127652
2670  0.00811746    0.766647    -3.48678  -0.000136304
2680  0.00992311    0.767072    -2.24363   2.531e-05
2690  0.00761126    0.766528    -0.84379  0.000894871
2700  -0.00797431    0.762862    -2.03496  0.000468287
2710  -0.00175448    0.764325    -2.08598  -0.000297615
2720  -0.00202202    0.764262    -2.70925  -0.000343244
2730   0.0051104     0.76594    -1.25849  0.00016031
2740  -0.00522821    0.763508    -2.55382  0.000975894
2750  -0.0144075    0.761348    -0.73857  -0.000492875
2760  0.00462928    0.765827    -1.10393  -0.000611318
2770  -0.00218112    0.764224   -0.118183  0.00108438
2780  -0.0170583    0.760724    -1.72391  0.000489758
2790  -0.0119763     0.76192    -1.25672  -0.000762963
2800  -0.00179907    0.764314    -1.67482  -0.000914405
2810  0.00631181    0.766223    -1.62365  1.21103e-05
2820  -0.00204127    0.764257    -1.57092  -0.000364184
2830   0.0135955    0.767936    -0.74176  0.000162527
2840  -0.0052918    0.763493    -1.93243  0.00095826
2850  -0.00556973    0.763427    -1.56985  -0.000168151
2860  -0.00192878    0.764284    -2.40108  -0.000394725
2870  0.00232478    0.765285    -2.71259  2.74509e-05
2880  -0.0024778    0.764155    -0.48243  0.000223559
2890  -0.00214641    0.764233   -0.949364  -0.0003059
2900  0.00364019    0.765594    -1.10474  -0.000321519
2910  0.00428396    0.765745    -1.98689  8.75464e-05
2920  0.00188926    0.765182     -3.0236  0.000239787
2930  -0.000511775    0.764617    -2.34971  -0.000125372
2940   0.0043967    0.765772    -2.45367  0.000256407
2950  -0.00563991    0.763411    -3.43708  0.000408939
2960  -0.00378207    0.763848    -1.67608  -0.000140105
2970  -0.00283782     0.76407     -3.4381  -0.000278499
2980  0.00178792    0.765158    -3.54266  -0.000417236
2990   0.0055069    0.766033     -2.8164  -6.49599e-05
3000  0.00308712    0.765464    -3.18084  1.14643e-05
3010  0.00527762    0.765979    -2.50716  0.000381842
3020  -0.00454973    0.763667    -1.72821  0.000289406
3030  -0.000510508    0.764618    -1.83156  -0.000419985
3040  0.00384997    0.765643    -1.98846  0.000260118
3050  -0.00571288    0.763394    0.138918  0.000135836
3060  0.00113325    0.765004   -0.899362  -0.000157662
3070  -0.00255963    0.764135     -1.6776  0.000696394
3080  -0.0127946    0.761728    -2.29769  -0.000127386
3090  -1.19076e-05    0.764735    -2.71548  -0.000593988
3100  -0.000914861    0.764522    -1.98922  0.000371632
3110  -0.00744455    0.762986    -1.41782  0.000387986
3120  -0.00867458    0.762697    -2.35103  -0.000910757
3130   0.0107706    0.767272  -0.0713712  -0.00083337
3140  0.00799281    0.766618   -0.797129  0.000388011
3150  0.00301035    0.765446    -2.19631  0.000483298
3160  -0.00167315    0.764344    -1.93764  0.000185417
3170  -0.00069799    0.764573   0.0845103  -0.00028705
3180  0.00406785    0.765695    -1.31629  -0.000682687
3190   0.0129558    0.767786   -0.693731  0.000154457
3200  0.000978706    0.764968   -0.641198  7.41187e-05
3210   0.0114734    0.767437    -2.45696  -0.000336758
3220  0.00771387    0.766552    0.291002  -0.0003229
3230   0.0179314    0.768956     -1.1098  -0.000832192
3240   0.0243577    0.770468    -2.45818  0.000296969
3250    0.011992    0.767559    -1.73161  0.000152722
3260   0.0213033    0.769749    -2.77019  -3.70403e-05
3270   0.0127328    0.767733    -2.61304  0.000618095
3280  0.00894137    0.766841    -3.07962  -0.000197654
3290   0.0166859    0.768663    -2.25082  -0.000711405
3300   0.0231695    0.770189    -0.74743  -0.000118367
3310   0.0190532     0.76922   -0.280952  7.37893e-05
3320   0.0216937    0.769841   -0.801838  0.000413271
3330   0.0107878    0.767276  -0.0221284  0.00044589
3340   0.0127759    0.767743    0.184971  -0.000280045
3350   0.0163887    0.768593    -2.51147  4.33489e-05
3360   0.0119089    0.767539    -0.43744  -0.000476508
3370   0.0259189    0.770835    -2.04621  -3.76357e-05
3380   0.0126616    0.767716   -0.851942  0.000171799
3390   0.0224829    0.770027     -2.7711  -0.000266186
3400   0.0179853    0.768969    -1.63008  0.000875084
3410  0.00498119    0.765909    -1.94068  0.000288291
3420   0.0122195    0.767612   -0.488911  -0.00018434
3430    0.008668    0.766777    -2.25209  -0.00107151
3440   0.0336497    0.772654    -2.04676  -0.000481157
3450   0.0182911    0.769041    -4.32642   0.0012585
3460  0.00847976    0.766733    -2.20067  -7.21045e-05
3470   0.0197332     0.76938     -4.4823  -7.07364e-05
3480  0.00989448    0.767065    -2.51192  0.000704387
3490  0.00564549    0.766066    -2.92648  2.82109e-05
3500  0.00933026    0.766933    -1.78708  -0.000601209
3510   0.0176697    0.768895    -3.13474  -0.000403441
3520   0.0173991    0.768831    -2.77328  0.000426293
3530   0.0091438    0.766889      -1.839  0.000560267
3540  0.00619374    0.766195    -1.11244  0.000328803
3550  0.00256774    0.765342    -3.08287  0.000262956
3560  0.000934623    0.764957    -3.49722  -0.000388734
3570   0.0103424    0.767171    -3.65507  -0.000456189
3580   0.0100584    0.767104    -1.42597  -0.000458343
3590   0.0195093    0.769327    -1.47744  -0.00025723
3600    0.015203    0.768314    -1.84007  0.000667081
3610  0.00616765    0.766189     -2.9284  0.000129096
3620   0.0126211    0.767707    -2.41172  -8.88765e-05
3630  0.00794518    0.766607    -2.51461  -0.000242346
3640    0.017468    0.768847      -1.271  7.99712e-05
3650  0.00634575    0.766231    -2.87784  0.00108014
3660  -0.00413474    0.763765    -3.29189  4.65284e-05
3670  0.00541519    0.766012    -1.37415  -0.000615903
3680  0.00818333    0.766663    -1.11618  0.000353796
3690  -0.00166073    0.764347    -1.73743  0.000388113
3700  0.000421074    0.764837    -4.07048  0.00032181
3710  -0.00809694    0.762833    -1.73738  0.000270544
3720  -0.00498981    0.763564    -2.67084  6.63914e-05
3730  -0.00942476     0.76252    -2.77287  -0.00115455
3740   0.0181011    0.768996    -1.99858  -0.000949051
3750  0.00955626    0.766986    -3.50162  0.00156295
3760  -0.0131579    0.761642    -1.63317  0.00123865
3770  -0.0152167    0.761158    -1.94367  -0.000451274
3780  -0.00413246    0.763765    -1.01248  -0.000711633
3790  -0.000984027    0.764506     -2.4643  0.000135975
3800  -0.00685196    0.763126    -2.56785  0.000170444
3810  -0.0043929    0.763704     -2.2568  -0.000263678
3820  -0.00157839    0.764366    -2.05061  -0.000648206
3830  0.00857122    0.766754     -2.5182  -0.000457582
3840  0.00757325    0.766519    -2.62125  0.00058996
3850  -0.00322798    0.763978    -1.68641  -0.000127513
3860   0.0101235    0.767119    -3.19163  -0.00061755
3870  0.00912302    0.766884    -1.53362  0.000627748
3880  -0.00243144    0.764166    -2.56907  0.000857932
3890  -0.00803563    0.762847    -1.68667  -0.000109069
3900  -0.00025006    0.764679    -2.05091  -0.000620793
3910  0.00438024    0.765768    -1.37637  0.000208776
3920  -0.00442559    0.763696    -2.98342  0.000102026
3930  0.00233972    0.765288    0.540812  -0.000358052
3940  0.00273546    0.765381   -0.392704  0.000831938
3950   -0.014299    0.761374   -0.183528  3.15552e-05
3960  0.00210436    0.765233    -2.20831  -0.000411725
3970  -0.00606453    0.763311    -1.58489  -0.000504618
3980   0.0121967    0.767607   -0.497519  -0.000163831
3990  -0.00278791    0.764082    -1.01522  0.000657935
4000  -0.000961985    0.764511    0.228239  -0.00050629
4010  0.00733789    0.766464  -0.0303309  -0.000507417
4020  0.00918636    0.766899    -1.84604  0.000427725
4030  -0.00121661    0.764451     -1.4821  -0.000149707
4040   0.0121805    0.767603    -1.11983  -0.00107065
4050   0.0201964    0.769489    -0.86207  -0.000259434
4060   0.0173692    0.768824    -0.49919  0.000863899
4070  0.00291838    0.765424   -0.083828  0.00121127
4080  -0.00685626    0.763125    -1.43053  -4.06253e-05
4090  0.00373089    0.765615   -0.446402  -0.000768638
4100  0.00851649    0.766741    -1.84751  -0.000461193
4110   0.0129547    0.767785   -0.032357  8.62797e-05
4120   0.0067909    0.766335   -0.602638  0.000397386
4130  0.00500703    0.765916    -1.48397  3.17832e-05
4140  0.00615523    0.766186    -1.74406  -7.8223e-05
4150  0.00657149    0.766284    -1.01856  -9.69459e-05
4160  0.00809415    0.766642   -0.551826  -0.000244892
4170   0.0114693    0.767436   -0.499797  0.000161158
4180  0.00487098    0.765884      -1.225  0.000272039
4190  0.00602856    0.766156    -2.88478  0.000143842
4200  0.00199415    0.765207     0.27814  0.000199618
4210  0.00203621    0.765217    -2.36561  0.000107498
4220  -0.000155813    0.764701   -0.707505  -0.0002653
4230   0.0073422    0.766465    -1.01851  -0.000115897
4240  0.00216212    0.765246    -1.53641  0.000275636
4250  0.00182947    0.765168    -2.15937  -0.000547941
4260   0.0131209    0.767824    -2.88665  0.000202366
4270  -0.00221786    0.764216    -2.47038  0.000671109
4280  -0.000301238    0.764667    -1.48514  -0.000116543
4290  0.000112996    0.764764    -1.43336  -0.000230375
4300  0.00430626    0.765751    -1.84883  -0.000211969
4310  0.00435237    0.765762    -1.17581  0.000374305
4320  -0.00317984     0.76399   0.0699275  -0.000194462
4330   0.0082416    0.766677    -2.73077  -6.04249e-05
4340  -0.00197135    0.764274    -1.69254  0.000451755
4350  -0.000793504    0.764551    -2.15938  -0.000347019
4360  0.00496903    0.765907   -0.190719  0.000550525
4370   -0.011804    0.761961     -1.7969  0.000129261
4380  0.00238381    0.765298    -1.59082  -1.8368e-06
4390  -0.0117673    0.761969    -2.00435  0.000533677
4400  -0.00828974    0.762787   -0.708264  -0.000117366
4410  -0.00941995    0.762521    -1.79791  0.000595382
4420  -0.0201974    0.759986    -1.74497  -0.000775111
4430  0.00608227    0.766169    -2.68031  -0.000639047
4440  -0.00741643    0.762993    -1.64305  0.000247033
4450  0.00114161    0.765006     -1.9538  0.000172129
4460   -0.010859    0.762183     -2.2647  -6.25911e-05
4470  0.00239343    0.765301    -2.99218  5.64853e-05
4480  -0.0119887    0.761917    -2.88655  -0.000922424
4490   0.0208419    0.769641   -0.712821  -0.000510584
4500  -0.00177702     0.76432     -3.7693  0.00126626
4510  -0.00448335    0.763683    -3.19963  0.000114111
4520  -0.00405924    0.763783    -1.38518  -0.000475355
4530  0.00502375     0.76592    -3.25216  0.000371138
4540   -0.011482    0.762036    -4.02858  0.000705857
4550  -0.00909338    0.762598    -1.69533  0.000235467
4560  -0.0161913    0.760928    -4.65084  0.000413816
4570  -0.0173697    0.760651   -0.813941  -8.05285e-05
4580  -0.0145808    0.761307    -3.19943  -0.000319163
4590  -0.0109864    0.762153    -3.40693  -8.11239e-05
4600  -0.0129583    0.761689    -3.09608  -0.000241649
4610  -0.00615346     0.76329    -3.20064  -0.000201682
4620  -0.00892464    0.762638    -2.62975  -0.000143246
4630  -0.00328853    0.763964    -3.04577  0.000358952
4640  -0.0161037    0.760949    -2.83786  0.000338443
4650  -0.0100574    0.762371    -2.68229  -0.000283313
4660  -0.0104374    0.762282    -2.47615  1.79121e-05
4670  -0.0104156    0.762287    -1.02423  0.000200086
4680  -0.0144391    0.761341    -3.04517  1.80895e-05
4690  -0.0107774    0.762202    -1.54259  -0.000407545
4700  -0.00628824    0.763258    -2.52767  0.000404657
4710  -0.0188706    0.760298     -2.8904  -6.41112e-05
4720  -0.00500602     0.76356    -2.16677  -0.000163945
4730  -0.0155917    0.761069    -2.83923  1.71774e-05
4740  -0.00534957    0.763479    -2.01079  0.000490721
4750  -0.0254061    0.758761    -1.43898  0.000756692
4760  -0.0204834    0.759919   -0.713175  -0.000760771
4770  -0.0101907     0.76234    -2.01048  0.000267668
4780  -0.0258368    0.758659    -1.49147   0.0005968
4790  -0.0221267    0.759532    -3.40946  -0.000164832
4800  -0.0225401    0.759435    -2.89141  0.000165883
4810  -0.0254443    0.758752    -1.43979  -0.000166099
4820  -0.0192182    0.760216    -2.84014  -0.000436516
4830   -0.016714    0.760805    -1.49213  2.02809e-05
4840  -0.0196238    0.760121     -1.6477  -0.000878682
4850  0.00085963     0.76494    -2.37549  -0.000628609
4860  -0.0070516    0.763079    -1.80505  0.00146397
4870  -0.0284197    0.758052    -3.04709  0.000921866
4880  -0.0254889    0.758741    -2.16722  -0.000104052
4890  -0.0263387    0.758541    -2.21869  -0.000252581
4900  -0.0204373    0.759929    -2.89303  7.60145e-07
4910  -0.0263539    0.758538    -2.99643  -0.000572276
4920  -0.00899178    0.762622    -1.80622  -0.000275066
4930  -0.0208525    0.759832    -2.21905  0.00108202
4940  -0.0306323    0.757531    -2.37336  0.00106524
4950  -0.0421573     0.75482     -2.9445  -0.00038259
4960  -0.0229805    0.759331    -2.42757  -0.000616499
4970  -0.0298274     0.75772    -2.68639  6.44786e-05
4980    -0.02427    0.759028    -1.85739  -0.00012726
4990  -0.0272822    0.758319    -1.75318  -0.000318998
