Time   C(t)   
ps   
0           1           1  1.47077e-09   0.0424187
10    0.586072    0.596248    -1.55869   0.0240612
20    0.518776    0.530606   -0.380986  0.00570368
30    0.471999    0.484979    0.181031  0.00398118
40    0.439153     0.45294    -2.71971  0.00327757
50    0.406447    0.421039    -1.84246  0.00285224
60    0.382108    0.397297    -5.82472  0.00255884
70    0.355271     0.37112    -2.72652  0.00223536
80    0.337401    0.353689    -2.62807  0.00163476
90    0.322575    0.339229    -4.18144  0.00152583
100    0.306884    0.323923    -2.32258  0.00142426
110     0.29409    0.311444    -3.77153  0.00122567
120    0.282371    0.300012    -1.13847  0.00117839
130    0.270523    0.288455    -2.58727  0.00126736
140    0.257023    0.275288   -0.159384  0.00113862
150     0.24775    0.266243     -2.3824  0.000757305
160    0.241877    0.260514    -3.16009  0.000724798
170    0.233254    0.252103    -2.12845  0.000868414
180    0.224509    0.243573    -2.38795  0.000896505
190    0.215324    0.234614   -0.890927  0.000798018
200    0.208549    0.228005    -1.35586  0.00058844
210    0.203555    0.223134    -2.54643  0.00064261
220    0.195696    0.215469      -2.393  0.000702015
230    0.189515    0.209439    -1.35929  0.000682364
240    0.182049    0.202157   -0.119998  0.000482029
250    0.179874    0.200036   -0.948781  0.000363786
260    0.174773     0.19506    -1.46561  0.000545181
270    0.168971      0.1894    -1.05248  0.000442485
280    0.165924    0.186428   -0.899808  0.000233071
290    0.164309    0.184853   0.0812943  0.000297631
300    0.159971    0.180622     1.11515  0.00032483
310    0.157813    0.178516   0.0278296  0.000341594
320    0.153139    0.173958     2.50873  0.000213782
330    0.153537    0.174346    0.749684  0.00024931
340    0.148153    0.169094     1.68035  0.000359425
350    0.146349    0.167334    0.387546  0.000236933
360    0.143414    0.164472     1.67969  0.000253475
370    0.141279    0.162389      2.7646  0.000272869
380    0.137957    0.159149     3.48746  0.000340641
390    0.134466    0.155744     1.93783  0.000295578
400    0.132045    0.153382     1.88492  0.000350197
410    0.127462    0.148912     1.93672  0.000372391
420    0.124598    0.146118     2.19344  0.000248919
430    0.122484    0.144056     1.93495  0.000273848
440    0.119121    0.140775     1.52223  0.000203929
450    0.118405    0.140078     3.12416  0.000128557
460    0.116549    0.138267    -1.32182  0.000275372
470    0.112898    0.134706     1.57231  0.000240516
480    0.111739    0.133575     2.03704  0.000162278
490    0.109652     0.13154    0.538704  0.000230656
500    0.107126    0.129076     1.21098   0.0001684
510    0.106284    0.128255    0.124867  0.000174313
520     0.10364    0.125675     2.24252  0.000248343
530    0.101318     0.12341    0.123909  0.000191452
540   0.0998108     0.12194    0.123303  0.000200112
550   0.0973153    0.119506     2.13958  0.000238851
560   0.0950337    0.117281     1.57221  0.00013238
570   0.0946677    0.116924     2.08763  2.84139e-05
580   0.0944655    0.116726      2.6561  6.69785e-05
590   0.0933282    0.115617     1.26172  7.25821e-05
600   0.0930138     0.11531    0.432987  0.000105824
610   0.0912117    0.113552   -0.755058  0.000103213
620   0.0909496    0.113297     -0.2923  0.000114569
630   0.0889203    0.111317    -1.68638  0.000111957
640   0.0887104    0.111113   -0.342989  2.65203e-05
650   0.0883899      0.1108   -0.653581  8.74966e-05
660   0.0869605    0.109406    -1.42865  0.000118133
670   0.0860272    0.108495    -1.42966  0.000135062
680   0.0842592    0.106771    -1.17112  0.000115867
690   0.0837099    0.106235  -0.0351722  0.000113395
700   0.0819913    0.104559    0.843946  1.88991e-05
710   0.0833319    0.105866    0.325402  1.35381e-05
720   0.0817206    0.104295    0.946081  9.71198e-05
730   0.0813895    0.103972     1.72009  2.75556e-05
740   0.0811695    0.103757     1.35775  0.000103121
750   0.0793271     0.10196     2.49531  0.000136852
760   0.0784324    0.101087     1.35825  -5.70826e-06
770   0.0794413    0.102071    0.685875  1.96286e-05
780   0.0780399    0.100704  -0.0888889  0.00017119
790   0.0760175   0.0987318    -1.69117   0.0001631
800   0.0747779   0.0975226     -1.0713  9.03085e-05
810   0.0742113     0.09697     1.82237  0.000113079
820   0.0725163   0.0953166    0.065348  0.000127377
830   0.0716638   0.0944851    0.891406  5.99314e-05
840   0.0713176   0.0941475    0.788565  0.00013076
850   0.0690485   0.0919342     1.40813  9.69782e-05
860   0.0693781   0.0922556    0.890548  -7.48858e-06
870   0.0691983   0.0920803     1.76841  3.50181e-05
880   0.0686777   0.0915724     1.45857  0.000120254
890   0.0667932   0.0897343    -1.53845  0.000163073
900   0.0654162   0.0883912     1.66521  0.000152081
910   0.0637516   0.0867674     1.04574  0.00011251
920   0.0631661   0.0861963    0.425821  7.85997e-05
930   0.0621796   0.0852341     1.25183  0.000113016
940   0.0609057   0.0839915     1.25248  9.89567e-05
950   0.0602005   0.0833036     3.11139  0.000133551
960   0.0582347   0.0813862     1.30338  0.000119442
970   0.0578117   0.0809735     1.30317  7.10426e-05
980   0.0568139   0.0800002     0.73505  1.37579e-05
990   0.0575365   0.0807051    0.940682  5.98624e-05
1000   0.0556166   0.0788324    0.476308  5.69768e-05
1010    0.056397   0.0795936    0.837185  2.55683e-05
1020   0.0551052   0.0783336     2.12858  0.000129313
1030   0.0538107   0.0770709      1.7676  0.000126722
1040   0.0525708   0.0758615     3.78195  9.52179e-05
1050   0.0519063   0.0752134     4.81597  0.000159119
1060   0.0493884   0.0727573     4.60943  6.66806e-05
1070   0.0505727   0.0739125     5.95246  -6.92651e-05
1080   0.0507737   0.0741086     6.00295  9.31015e-05
1090   0.0487107   0.0720963     5.38384  0.00015713
1100   0.0476311   0.0710433     6.20984  6.73385e-05
1110   0.0473639   0.0707826     5.64263  5.87901e-05
1120   0.0464553   0.0698964     5.27989  6.47217e-05
1130   0.0460695     0.06952     5.27973  -5.16884e-06
1140   0.0465587   0.0699972      3.5219  1.82508e-05
1150   0.0457045    0.069164     4.86585  6.79672e-05
1160   0.0451994   0.0686713     3.72869  -8.02409e-06
1170    0.045865   0.0693205      3.4705  -1.97191e-05
1180   0.0455937    0.069056     3.41815   5.065e-05
1190    0.044852   0.0683324     3.05541  8.30732e-05
1200   0.0439323   0.0674353     2.84887  9.69004e-06
1210   0.0446582   0.0681434     2.74517  -3.73244e-05
1220   0.0446788   0.0681635     4.19191  1.8581e-05
1230   0.0442865   0.0677809     5.12111  0.000107182
1240   0.0425351   0.0660725     4.34528  0.000193074
1250   0.0404251   0.0640143     4.03671  0.000246768
1260   0.0375998   0.0612585     4.29576  0.000105074
1270   0.0383236   0.0619645     3.67467  3.72941e-05
1280   0.0368539   0.0605309     2.27883  0.000117442
1290   0.0359747   0.0596734     2.12454  0.000105853
1300   0.0347368   0.0584659     3.77862  0.000106073
1310   0.0338533   0.0576041     3.93347  3.48125e-05
1320   0.0340406   0.0577868     3.57203  2.89883e-05
1330   0.0332735   0.0570386     3.88202  4.0949e-05
1340   0.0332216   0.0569879     4.08856   8.188e-06
1350   0.0331098   0.0568789     4.29515  8.30553e-05
1360   0.0315605   0.0553677     6.10383  5.01936e-05
1370   0.0321059   0.0558997     6.62005  8.34364e-05
1380   0.0298918     0.05374     6.46617  9.24851e-05
1390   0.0302562   0.0540954     6.05233  5.62752e-06
1400   0.0297792   0.0536302     6.46571  -1.54885e-05
1410    0.030566   0.0543976     6.72299  1.46903e-05
1420   0.0294854   0.0533436     5.79298  9.61132e-05
1430   0.0286437   0.0525226     5.84433  -3.36776e-06
1440   0.0295528   0.0534093     6.25801  5.80726e-06
1450   0.0285275   0.0524093     4.55339  2.99406e-05
1460   0.0289539   0.0528252     4.44974  -9.72709e-05
1470    0.030473   0.0543069     6.15366  7.25743e-05
1480   0.0275025   0.0514094     6.15381  0.000130234
1490   0.0278683   0.0517662     7.03257  5.46625e-05
1500   0.0264092    0.050343     6.15426  6.99194e-05
1510   0.0264699   0.0504022     6.98067  3.66229e-05
1520   0.0256767   0.0496286     6.20641  2.74886e-05
1530   0.0259201    0.049866     6.20611  -1.82428e-05
1540   0.0260416   0.0499845     5.37894  9.49677e-05
1550   0.0240208   0.0480133     6.15401  0.000110389
1560   0.0238338    0.047831     6.51499  5.85982e-05
1570   0.0228488   0.0468701     6.87677  9.86257e-05
1580   0.0218613   0.0459069     5.63622  5.58032e-05
1590   0.0217327   0.0457815     5.99821  3.13466e-05
1600   0.0212344   0.0452954     5.01564  1.29016e-05
1610   0.0214747   0.0455298     3.87889  -7.96244e-05
1620   0.0228269   0.0468488     4.23982  -2.41159e-05
1630    0.021957   0.0460003     3.20646  0.000148966
1640   0.0198476   0.0439427     3.67139  2.53303e-05
1650   0.0214504   0.0455061     4.75584  -4.57259e-05
1660   0.0207621   0.0448347     3.92923  -2.49883e-06
1670   0.0215004   0.0455549     3.98153  4.42196e-05
1680   0.0198777   0.0439721     4.91154  2.23964e-05
1690   0.0210525    0.045118     5.01403  -3.97139e-05
1700    0.020672   0.0447468      4.6009  -1.49429e-05
1710   0.0213513   0.0454095     3.05117  -3.9901e-05
1720     0.02147   0.0455252     2.99952  -4.00353e-05
1730    0.022152   0.0461905     3.72178  -4.32295e-05
1740   0.0223346   0.0463686     4.49745  5.33555e-07
1750   0.0221414   0.0461801     3.92968  -2.14659e-05
1760   0.0227639   0.0467873     3.56684  2.88209e-05
1770   0.0215649   0.0456178     3.87768  6.33964e-05
1780    0.021496   0.0455506     5.27252  1.3208e-05
1790   0.0213008   0.0453602       4.342  0.000101556
1800   0.0194648   0.0435694     4.80804  3.79495e-06
1810   0.0212249   0.0452861     4.29021  -3.07574e-05
1820     0.02008   0.0441694     3.98072  7.03041e-05
1830   0.0198188   0.0439146     3.10256  -1.18903e-05
1840   0.0203178   0.0444014     4.65209  -4.99627e-05
1850    0.020818   0.0448893     3.98042  -5.59334e-06
1860   0.0204297   0.0445105     5.06502  -4.38352e-05
1870   0.0216948   0.0457445     5.99518  -8.80528e-06
1880   0.0206058   0.0446822     5.22001  1.01647e-05
1890   0.0214915   0.0455462     5.94333  -1.20419e-05
1900   0.0208466   0.0449172     5.68514  6.13732e-05
1910    0.020264   0.0443489     4.80658  5.51247e-05
1920   0.0197441   0.0438418     4.90988  4.56476e-05
1930    0.019351   0.0434584     4.49609  -8.78144e-06
1940   0.0199197   0.0440131     5.47734  1.05326e-05
1950   0.0191404   0.0432529     5.73608  7.16014e-05
1960   0.0184877   0.0426163     6.35651  4.60201e-05
1970     0.01822   0.0423551     5.42655  -4.73754e-05
1980   0.0194352   0.0435405      5.2189  -7.96949e-05
1990   0.0198139   0.0439098      4.2894  1.70482e-05
2000   0.0190942   0.0432079     3.97931  4.61601e-05
2010   0.0188907   0.0430093     3.97951  -8.98238e-05
2020   0.0208907   0.0449602     3.40998  -8.342e-05
2030   0.0205591   0.0446367     4.34034  4.61991e-05
2040   0.0199667   0.0440589     3.97926  0.000104868
2050   0.0184617   0.0425909     4.18519  0.000137655
2060   0.0172137   0.0413735     4.49533  -1.85574e-05
2070   0.0188329   0.0429529     3.46102  -5.43435e-05
2080   0.0183005   0.0424337      3.9778  5.98389e-05
2090   0.0176361   0.0417856     4.23598  5.67024e-05
2100   0.0171665   0.0413275     3.35727  6.01366e-05
2110   0.0164334   0.0406124     3.82235  6.68391e-05
2120   0.0158297   0.0400236     3.15103  1.11428e-05
2130   0.0162105    0.040395     4.18469  -2.82539e-05
2140   0.0163948   0.0405748     3.92574  -1.97683e-06
2150     0.01625   0.0404336     4.28718  4.74797e-05
2160   0.0154452   0.0396485     3.56426  0.000100415
2170   0.0142417   0.0384747      3.9259  8.41162e-05
2180   0.0137629   0.0380076     4.02919  -4.81044e-05
2190   0.0152038   0.0394131      3.7184  -5.14235e-05
2200   0.0147913   0.0390107     2.73619  0.000150876
2210   0.0121863   0.0364698     1.59974  8.13009e-05
2220   0.0131653   0.0374247     1.18585  -8.47088e-05
2230   0.0138805   0.0381223    0.668719  2.8391e-05
2240   0.0125975   0.0368708     2.37405  0.000195216
2250  0.00997616    0.034314     1.54774  6.86373e-05
2260   0.0112247   0.0355318     1.13345  -1.45894e-05
2270   0.0102679   0.0345986     1.18509  7.56974e-05
2280  0.00971079   0.0340551     1.23679  -1.46662e-05
2290   0.0105613   0.0348847     2.26974  -4.53512e-06
2300  0.00980149   0.0341436     2.42469  5.25309e-05
2310  0.00951065   0.0338599      2.2186  -1.46608e-05
2320   0.0100947   0.0344296      3.2516  -4.49956e-05
2330   0.0104106   0.0347377     2.73442  -5.52616e-05
2340   0.0111999   0.0355077     2.99296  -2.83228e-05
2350    0.010977   0.0352902     2.01075  7.98779e-05
2360  0.00960238   0.0339494      2.0631  3.59413e-05
2370   0.0102582   0.0345891     2.99251  -4.5666e-06
2380  0.00969371   0.0340385      3.1995  2.93288e-05
2390  0.00967162   0.0340169      1.8036  4.30561e-05
2400  0.00883259   0.0331985     3.19985  4.31183e-05
2410  0.00880925   0.0331757     2.94121  -1.47277e-05
2420  0.00912715   0.0334858     3.30254  1.60065e-05
2430  0.00848912   0.0328635     3.04451  3.99404e-05
2440  0.00832834   0.0327066     2.88921  9.24435e-06
2450  0.00830424   0.0326831     2.63052  -5.59084e-05
2460  0.00944651   0.0337973      3.0443  -2.1624e-05
2470  0.00873672    0.033105     3.87082  -2.18039e-05
2480  0.00988258   0.0342227     3.04345  -0.000135406
2490   0.0114448   0.0357465     3.04289  2.98093e-05
2500   0.0092864   0.0336412     3.40619  8.83548e-05
2510  0.00967775   0.0340229     3.40594  -3.91905e-05
2520   0.0100702   0.0344057     3.50893  -7.39249e-05
2530   0.0111562    0.035465     5.00717  3.68792e-05
2540  0.00933263   0.0336862     3.50898  6.80297e-05
2550  0.00979565   0.0341379     3.35323  -4.98384e-05
2560   0.0103294   0.0346585     4.02526  -2.55963e-05
2570   0.0103076   0.0346372     4.43864  -3.61651e-05
2580   0.0110527    0.035364     4.23144  -1.52653e-05
2590   0.0106129    0.034935     4.59393  -2.58725e-05
2600   0.0115701   0.0358688     4.80032  -5.03509e-05
2610   0.0116199   0.0359173     3.19784  2.65649e-05
2620   0.0110388   0.0353505     4.33464  7.22197e-05
2630   0.0101755   0.0345084     3.35278  0.000125112
2640  0.00853662   0.0329098     3.55871  1.98219e-05
2650  0.00977907   0.0341217     2.88694  -1.16433e-05
2660  0.00876948   0.0331369     2.42206  0.000111681
2670  0.00754546    0.031943     2.47376  8.01665e-05
2680  0.00716616    0.031573     2.78289  -9.41241e-07
2690  0.00756428   0.0319614     3.14488  2.03705e-05
2700  0.00675874   0.0311756     2.52485  8.42111e-05
2710  0.00588006   0.0303186     3.40397  -9.32202e-05
2720  0.00862315   0.0329942     3.35126  -9.32257e-05
2730  0.00774457   0.0321372     3.09323  2.74091e-05
2740  0.00807497   0.0324595     2.21466  -1.88167e-05
2750  0.00812091   0.0325043     2.42125  -2.96085e-05
2760  0.00866714   0.0330371     3.14412  4.54789e-05
2770  0.00721133   0.0316171     2.00797  8.84598e-05
2780  0.00689794   0.0313114     2.88628  -3.67829e-05
2790  0.00794699   0.0323347     2.78269  -7.63108e-05
2800  0.00842416   0.0328001     3.04138  4.57556e-05
2810  0.00703187    0.031442     3.45491  3.49449e-05
2820  0.00772526   0.0321184     3.04077  -2.97489e-05
2830  0.00762685   0.0320224     3.24767  5.32039e-05
2840  0.00666118   0.0310805     3.86754  0.000103939
2850  0.00554808   0.0299947      3.5056  0.000125959
2860    0.004142   0.0286232     4.22922  3.55949e-05
2870  0.00483618   0.0293003     2.98938  -2.59208e-05
2880  0.00466041   0.0291289     2.98872  1.03265e-05
2890  0.00462965   0.0290989      2.5243  -3.33522e-05
2900  0.00532746   0.0297795     2.83353  1.03868e-05
2910  0.00442191   0.0288962     3.09187  5.04911e-05
2920  0.00431764   0.0287945     3.97068  6.78534e-06
2930  0.00428621   0.0287639     2.21376  2.51285e-05
2940  0.00381507   0.0283043     2.16216  -5.18809e-05
2950  0.00532382    0.029776      3.4019  -8.12805e-05
2960  0.00544068     0.02989     2.93617  -1.53806e-05
2970  0.00563143    0.030076     2.36769  -8.04854e-06
2980  0.00560165    0.030047     2.21305  1.03608e-05
2990  0.00542422   0.0298739     1.59217  4.36361e-05
3000  0.00472892   0.0291957     1.90195  -8.20921e-05
3010  0.00706606   0.0314754     3.34914  -8.58158e-05
3020  0.00644524   0.0308698     2.41898  -9.19285e-07
3030  0.00708445   0.0314933      3.2455  -1.94129e-05
3040   0.0068335   0.0312486      3.0897  1.76851e-05
3050  0.00673075   0.0311483     2.72791  -4.61701e-06
3060  0.00692584   0.0313386       2.883  -4.60774e-06
3070   0.0068229   0.0312382      4.1747  3.64743e-05
3080  0.00619635   0.0306271     2.41762  4.02869e-05
3090  0.00601716   0.0304523     2.77885  4.79327e-05
3100   0.0052377    0.029692     2.41782  7.43082e-05
3110    0.004531   0.0290027     2.83126  5.94915e-05
3120  0.00404787   0.0285314     2.67606  -1.5625e-05
3130   0.0048435   0.0293075      2.8826  -6.83654e-05
3140  0.00541518   0.0298651     3.08904  -6.09178e-07
3150  0.00485568   0.0293194     4.22574  -5.36376e-05
3160  0.00648793   0.0309115     3.29396  -1.19751e-05
3170  0.00509519    0.029553       3.812  9.39652e-05
3180  0.00460862   0.0290784     2.98499  1.07437e-05
3190  0.00488031   0.0293434     2.41661  -1.95997e-05
3200  0.00500062   0.0294607      1.3826  1.46177e-05
3210  0.00458796   0.0290582     1.84768  7.94787e-05
3220  0.00341104   0.0279102     2.20982  4.90907e-05
3230  0.00360614   0.0281005     1.69254  -1.57124e-05
3240  0.00372529   0.0282168     2.00298  5.32131e-05
3250  0.00254188   0.0270624     2.46841  -4.2917e-06
3260  0.00381112   0.0283005     2.36441  -8.09924e-05
3270  0.00416173   0.0286425     1.69238  -8.51509e-05
3280  0.00551414   0.0299616     1.33045  3.80278e-05
3290  0.00340117   0.0279006     1.89918  4.56037e-05
3300  0.00460207    0.029072     2.00161  6.53222e-05
3310  0.00209473   0.0266263     1.79507  8.84723e-05
3320  0.00283262    0.027346      2.2081  -7.3898e-05
3330  0.00357269   0.0280679     1.84576  -4.30477e-05
3340  0.00369358   0.0281858     2.25884  2.67896e-05
3350   0.0030369   0.0275453     3.03431  9.69323e-05
3360  0.00175493   0.0262948     2.72413  5.8165e-05
3370   0.0018736   0.0264106     2.93087  2.32804e-05
3380  0.00128932   0.0258407     2.41449    3.73e-06
3390    0.001799   0.0263378      1.0193  2.34208e-05
3400  0.000820905   0.0253838      2.0522  2.33795e-05
3410  0.00133141   0.0258817     1.84566  -5.89914e-05
3420  0.00200073   0.0265346     1.74211  3.13948e-05
3430  0.000703512   0.0252693    0.915653  5.50005e-05
3440  0.000900722   0.0254616    0.967301  -9.47846e-05
3450   0.0025992   0.0271183     1.32868  -7.91387e-05
3460   0.0024835   0.0270055    0.759954  -3.99098e-05
3470   0.0033974   0.0278969    0.863349  -6.37573e-05
3480  0.00375864   0.0282493     1.38003  -2.42588e-05
3490  0.00388258   0.0283702    0.966594  -2.8331e-05
3500  0.00432526    0.028802    0.553212  -8.46817e-06
3510  0.00405194   0.0285354      1.9997  9.92281e-05
3520   0.0023407   0.0268662    0.914796  6.74412e-05
3530  0.00270312   0.0272197    0.966797  8.38274e-05
3540  0.000664155   0.0252309    0.397764  0.000119995
3550  0.000303216   0.0248788    0.708003  -2.0082e-05
3560  0.00106579   0.0256226    0.965686  -3.21261e-05
3570  0.000945737   0.0255055     1.32777  -8.121e-06
3580  0.00122821   0.0257811  -0.0161728  -1.61859e-05
3590  0.00126945   0.0258213     1.17197  7.99459e-06
3600  0.00106832   0.0256251    0.965383  5.65767e-05
3610  0.00013792   0.0247176    0.654539  7.29161e-05
3620  -0.000389999   0.0242026    0.499344  -3.97748e-06
3630  0.00021747   0.0247952    0.757481  -6.89762e-05
3640  0.000989524   0.0255482     1.11881  3.26581e-05
3650  -0.000435692   0.0241581    0.291947  0.000118267
3660  -0.00137581   0.0232411    -1.36128  2.46916e-05
3670  -0.000929525   0.0236764    -1.46508  -9.38114e-05
3680  0.000500417   0.0250712   -0.379976  -0.000122727
3690  0.00152501   0.0260706    -1.25884  -6.97737e-05
3700  0.00189589   0.0264323    -1.25859  7.79978e-05
3710  -3.49436e-05    0.024549   -0.999646  2.45165e-05
3720  0.00140556    0.025954    -1.62068  -4.52688e-05
3730  0.000870433   0.0254321    -1.25829  -3.7307e-05
3740   0.0021517   0.0266818     -2.2923  -5.79743e-05
3750  0.00202992   0.0265631      -1.052  -2.51103e-05
3760  0.00265391   0.0271717   -0.277135  8.08539e-06
3770  0.00186821   0.0264053   -0.431826  -3.35882e-05
3780  0.00332567    0.027827     1.01456  -8.76666e-05
3790  0.00362154   0.0281156   -0.535626  2.87746e-05
3800  0.00275018   0.0272656   -0.638618  4.5489e-05
3810  0.00271176   0.0272281    -1.00076  3.73326e-05
3820  0.00200353   0.0265373    -1.25869  1.64381e-05
3830    0.002383   0.0269075    -1.82762   1.238e-05
3840  0.00175593   0.0262958    -1.62058  1.65445e-05
3850  0.00205211   0.0265847    -1.56928  -1.78069e-07
3860  0.00175949   0.0262993    -1.77582  0.000117924
3870  -0.000306376   0.0242842    -1.46538  0.000122392
3880  -0.000688351   0.0239116    -2.49904  2.9794e-05
3890  -0.000902256    0.023703    -3.58414  4.46242e-06
3900  -0.0007776   0.0238246     -3.6363  -5.07128e-05
3910  0.000112001   0.0246923    -3.27502  2.36981e-07
3920  -0.000782339   0.0238199    -2.86128  1.71378e-05
3930  -0.000230755    0.024358    -2.29336  3.43866e-05
3940  -0.00147007   0.0231491    -2.70639  4.42242e-06
3950  -0.000319203   0.0242717     -2.5517  -8.95806e-05
3960  0.00032154   0.0248967    -2.75869  -1.69958e-05
3970  2.07133e-05   0.0246032    -2.03517  9.45861e-05
3980  -0.00157018   0.0230515    -2.18986  6.0363e-05
3990  -0.00118655   0.0234257    -1.93177  1.33067e-05
4000  -0.00183632   0.0227919    -1.67354  3.05375e-05
4010  -0.0017973   0.0228299    -1.26061  1.33945e-05
4020  -0.00210421   0.0225306    -1.57039  -8.25276e-06
4030  -0.00163224   0.0229909    -1.77724  8.72651e-05
4040  -0.00384951   0.0208282    -1.20831  0.000104722
4050  -0.00372668    0.020948    -0.43339  -2.1014e-05
4060  -0.00342923   0.0212381    -1.72559  -2.54313e-05
4070  -0.00321805   0.0214441    -1.15711  4.43852e-05
4080  -0.00431693   0.0203722   -0.175404  3.12936e-05
4090  -0.00384392   0.0208336    -1.31266  6.66075e-05
4100  -0.00564908   0.0190728    -1.67424  -8.01741e-06
4110  -0.00368358     0.02099    -2.03653  -2.97194e-05
4120  -0.0050547   0.0196526   -0.950572  -6.09523e-05
4130  -0.00246453   0.0221791   -0.744891  -6.96501e-05
4140  -0.00366169   0.0210114    -1.05462  4.91733e-05
4150   -0.003448   0.0212198    -1.57115  1.4029e-05
4160  -0.00394227   0.0207377     -1.7265  6.28205e-05
4170  -0.00470441   0.0199943    -1.41596  3.63457e-05
4180  -0.00466919   0.0200286    -1.41641  6.32538e-05
4190  -0.00596948   0.0187603     -1.5191  2.76793e-05
4200  -0.00522277   0.0194887     -1.7783  -5.69312e-05
4210  -0.00483086   0.0198709   -0.485996  -2.13585e-05
4220  -0.0047956   0.0199053   -0.485845  1.44013e-05
4230  -0.00511888     0.01959   -0.640889  5.43937e-06
4240  -0.00490439   0.0197992    -1.46796  -1.69886e-05
4250  -0.00477911   0.0199214    -1.10678  3.70214e-05
4260  -0.00564482    0.019077   -0.538148  2.80359e-05
4270  -0.00533983   0.0193745    -1.31337  2.37125e-05
4280  -0.00611907   0.0186144   -0.693243  2.82316e-05
4290  -0.00590446   0.0188237    -1.05503  3.74953e-05
4300  -0.00686897   0.0178829    -1.26187  5.11601e-05
4310  -0.00692766   0.0178257    -1.36506  -3.51061e-05
4320  -0.00616685   0.0185678    -1.93369  1.9587e-05
4330  -0.00731941   0.0174436    -1.15923  8.34688e-05
4340  -0.00783623   0.0169395   -0.849144  5.17732e-05
4350  -0.00835487   0.0164336    -1.05558  1.06793e-05
4360  -0.00804981   0.0167311    -1.67636  6.59242e-05
4370  -0.00967336   0.0151475    -1.57261  7.05901e-05
4380  -0.00946162    0.015354    -2.34813  6.45309e-06
4390  -0.00980242   0.0150216    -2.24504  2.95222e-05
4400  -0.0100521   0.0147781    -2.65817  2.03819e-05
4410  -0.0102101    0.014624    -1.62482  5.29127e-05
4420  -0.0111103   0.0137459    -1.67601  2.51722e-05
4430  -0.0107135   0.0141329    -2.14159  1.60746e-05
4440  -0.0114318   0.0134323     -2.0898  -1.65925e-05
4450  -0.0103816   0.0144566    -2.19334  -3.05002e-05
4460  -0.0108218   0.0140273    -2.60683  -2.139e-05
4470  -0.00995385   0.0148739     -2.1421  -7.75813e-05
4480  -0.00927018   0.0155408    -1.83232  -1.21565e-05
4490  -0.00971072    0.015111    -1.57403  5.82428e-05
4500   -0.010435   0.0144045    -1.83221  1.88951e-06
4510  -0.00974851   0.0150742    -1.88416  -7.82182e-05
4520  -0.00887067   0.0159304    -2.40089  -8.79448e-05
4530  -0.00798961   0.0167898    -2.24661  -2.66792e-05
4540  -0.00833709   0.0164509     -2.3495  7.75266e-05
4550  -0.00954014   0.0152774     -2.1944  6.82238e-05
4560  -0.00970156     0.01512     -2.4012  -1.7175e-05
4570  -0.00919664   0.0156125    -2.71103  -5.53574e-05
4580  -0.00859442   0.0161999    -1.88467  -1.2521e-05
4590  -0.00894622   0.0158567     -2.2461  -1.74459e-05
4600  -0.0082455   0.0165402    -2.03981   -7.98e-05
4610  -0.00735022   0.0174135    -2.09161  -3.19995e-05
4620  -0.00760551   0.0171645    -1.88462  -2.74096e-05
4630  -0.00680203   0.0179482    -1.57458  -5.15415e-05
4640  -0.00657468     0.01817     -2.3502  -8.27406e-06
4650  -0.00663655   0.0181096    -2.29845  -2.77083e-05
4660  -0.00602051   0.0187105    -2.60849  -3.48319e-06
4670  -0.00656689   0.0181776    -2.35015  5.96029e-05
4680  -0.00721257   0.0175478    -2.65984  -6.19651e-05
4690  -0.00532759   0.0193864    -2.71219  -3.3943e-06
4700  -0.00714468    0.017614    -1.98796  8.9147e-05
4710  -0.00711053   0.0176473    -2.50484  -3.77129e-05
4720  -0.00639042   0.0183497    -2.55644  -7.21489e-05
4730  -0.00566755   0.0190548    -2.09121  -9.70119e-05
4740  -0.00445019   0.0202423     -2.4019  -3.32816e-05
4750  -0.00500192   0.0197041    -2.19516  0.000104641
4760   -0.006543   0.0182009    -1.57524  7.0324e-05
4770  -0.0064084   0.0183322    -1.93707  3.11119e-05
4780  -0.00716524   0.0175939    -1.98847  -1.35368e-05
4790  -0.00613766   0.0185963    -1.83388  -3.46857e-06
4800  -0.00709587   0.0176616    -2.14336  2.12471e-05
4810  -0.0065626   0.0181818    -1.57544  -5.34313e-05
4820  -0.00602724    0.018704    -1.36895  -8.86606e-05
4830  -0.00478939   0.0199114    -2.29886  -7.38972e-05
4840  -0.0045493   0.0201456    -2.24711  6.13309e-05
4850  -0.00601601   0.0187149    -2.29851  4.63062e-05
4860  -0.00547542   0.0192422    -2.19556  -9.95429e-05
4870  -0.00402515   0.0206568    -2.09262  -5.43738e-05
4880  -0.00438795    0.020303    -2.04032  -1.93301e-05
4890  -0.00363855   0.0210339    -2.29886  -2.9441e-05
4900  -0.00379913   0.0208773    -2.40241  3.64183e-05
4910  -0.00436691   0.0203235    -1.88573  5.68895e-05
4920  -0.00493692   0.0197675    -2.24721  5.7113e-05
4930  -0.00550917   0.0192093    -2.60895  2.15548e-05
4940  -0.00536801    0.019347     -2.7646  -3.97539e-05
4950  -0.00471409   0.0199848    -2.04082  -4.49932e-05
4960  -0.00446815   0.0202247    -2.09328  4.73503e-05
4970  -0.0056611   0.0190611    -1.88588  1.02182e-06
4980  -0.00448859   0.0202048    -2.09282  -9.06282e-06
4990  -0.00547985   0.0192379    -2.14402  -1.91475e-05
