Time   C(t)   
ps   
0           1           1  7.52271e-10   0.0377613
10    0.621304    0.820199   -0.675045   0.0199768
20    0.600465    0.810305     1.75631  0.00219224
30    0.577459    0.799382     2.03853  0.00167462
40    0.566972    0.794403     -1.1442  0.00116587
50    0.554142    0.788311    -3.11051  0.00122621
60    0.542448    0.782759   -0.585786  0.000889426
70    0.536353    0.779865     -1.8011  0.000842988
80    0.525588    0.774754    -2.64328  0.000912461
90    0.518104    0.771201    -1.05302  0.000263014
100    0.520328    0.772256    -0.40032  0.000517082
110    0.507762     0.76629    -3.39374  0.00111172
120    0.498094      0.7617   -0.771709  0.000450911
130    0.498744    0.762009    -3.67651  0.000569484
140    0.486704    0.756292    -0.49287  0.000902292
150    0.480698    0.753441    -1.89749  0.000385956
160    0.478985    0.752627    0.629068  0.000259639
170    0.475505    0.750975    -1.05603  0.000318888
180    0.472607    0.749599    -1.52591  0.000476584
190    0.465974     0.74645    -1.62002  0.000271095
200    0.467185    0.747025     1.65644  0.000144231
210    0.463089     0.74508  -0.0281993  0.000537959
220    0.456426    0.741916    -2.08679  0.000489646
230    0.453296    0.740431   -0.497075  2.72796e-05
240     0.45588    0.741657    -1.24589  0.000442319
250     0.44445     0.73623     1.37532  0.000472158
260    0.446437    0.737174    0.624772  0.000315484
270     0.43814    0.733235    -1.43428  0.000325517
280    0.439927    0.734083    -3.77482  0.000207774
290    0.433985    0.731262    -3.40142  0.000555126
300    0.428824    0.728812    -1.34209  0.000397362
310    0.426037    0.727488   -0.405439  0.000418183
320    0.420461    0.724841    -1.99497  -6.88702e-05
330    0.427415    0.728142    -2.93272  0.000130944
340    0.417842    0.723597    0.810695  0.000280002
350    0.421815    0.725483   -0.594744  -0.00016806
360    0.421203    0.725193     2.02546  0.00064099
370    0.408995    0.719397   -0.124862  0.000711775
380    0.406967    0.718434    0.341636  0.000253029
390    0.403934    0.716994        -0.5  0.000444005
400    0.398087    0.714218   -0.312157  0.000274153
410    0.398451    0.714391    -1.43583  0.000285082
420    0.392386    0.711511   -0.687935  0.000315535
430    0.392141    0.711394     1.65178  0.000316489
440    0.386056    0.708506     1.46476  0.000115252
450    0.389836      0.7103    -0.96915  0.000105937
460    0.383937      0.7075     2.86837  0.000449066
470    0.380854    0.706036   -0.782313  2.5484e-05
480    0.383428    0.707258   -0.222257  -9.56357e-05
490    0.382767    0.706944     1.08871  0.000390376
500     0.37562    0.703551   -0.875777  0.000299561
510    0.376776    0.704099     -2.5617  5.69254e-05
520    0.374481     0.70301    -1.06344  0.000158517
530    0.373605    0.702594     1.08944  -0.000125977
540    0.377001    0.704206    -1.90727  -0.000217709
550     0.37796    0.704661    -2.65727  0.000158957
560    0.373822    0.702697   -0.970429  0.000189677
570    0.374166     0.70286      -1.066  0.00021078
580    0.369606    0.700695    0.806124  0.000272331
590     0.36872    0.700274   -0.409918  0.000457413
600    0.360458    0.696352    -0.59575  0.000376014
610    0.361199    0.696704    0.993327  6.94305e-05
620    0.359069    0.695693    -2.28158  0.000264587
630    0.355907    0.694191   -0.410648  0.000378242
640    0.351505    0.692101    -2.18812  0.000327513
650    0.349357    0.691081   -0.784323  -8.39293e-05
660    0.353183    0.692898   -0.879707  0.000215413
670    0.345049    0.689036    -2.09465  0.000308211
680    0.347019    0.689971    0.992871  3.02419e-05
690    0.344444    0.688749   -0.878884  -2.16931e-05
700    0.347453    0.690177    0.149772  0.000279048
710    0.338863    0.686099    0.245156  5.07921e-05
720    0.346437    0.689695    0.149955  -0.000197428
730    0.342812    0.687974   -0.973811  0.000269344
740     0.34105    0.687137    0.807404  -9.41992e-05
750    0.344696    0.688868    0.804388  -8.37162e-05
760    0.342724    0.687932    -1.62797  0.000374703
770    0.337202     0.68531     1.64922  -4.22865e-05
780     0.34357    0.688334    0.336243  -0.000271711
790    0.342636     0.68789     1.46028  0.000124905
800    0.341072    0.687148   -0.505667  0.000334662
810    0.335943    0.684712     0.89703  0.00037715
820    0.333529    0.683566     1.55347  0.000241618
830     0.33111    0.682418     0.80585  0.00026318
840    0.328265    0.681067     1.27345  0.000169058
850    0.327729    0.680813    -1.72235  -0.00012535
860    0.330772    0.682257    0.522806  -0.000262484
870    0.332979    0.683305   -0.787065  5.35354e-05
880    0.329702    0.681749     2.02144  0.000328083
890    0.326417     0.68019   -0.504936  0.000138395
900    0.326934    0.680435    0.804114  0.000138903
910    0.323639    0.678871    -1.25548  2.23964e-05
920    0.326486    0.680222   0.0546625  3.33935e-05
930    0.322971    0.678554     3.61106  0.000266857
940    0.321149    0.677688      2.9569  0.000278182
950    0.317408    0.675912    0.522166  0.000374508
960    0.313659    0.674132     3.61243  0.000268747
970    0.312033     0.67336     0.33533  0.000226806
980    0.309123    0.671978     1.92687  0.000141728
990    0.309198    0.672014      1.6441  9.94384e-05
1000    0.307134    0.671034      1.8325  0.000367239
1010    0.301853    0.668527     1.36563  9.98661e-05
1020    0.305136    0.670086     0.80256  0.000240086
1030    0.297052    0.666247     3.42486  0.000368929
1040    0.297758    0.666582     3.33039  9.05901e-05
1050     0.29524    0.665387      1.7383  6.90579e-05
1060    0.296377    0.665927     4.54616  0.000177236
1070    0.291695    0.663704     3.14337  0.000198898
1080    0.292399    0.664038     3.14218  0.000286059
1090    0.285974    0.660988     3.42358  0.000156516
1100    0.289268    0.662552     1.92441  -0.000394808
1110     0.29387    0.664737     2.11179  -3.78937e-05
1120    0.290026    0.662912     3.70306  0.000287108
1130    0.288128     0.66201    0.428062  0.000168335
1140     0.28666    0.661313     3.33012  -5.96508e-05
1150    0.289321    0.662577     3.05027  4.93303e-05
1160    0.285673    0.660845     3.04918  3.81768e-05
1170    0.288557    0.662214     3.98437  -5.01573e-06
1180    0.285773    0.660892     1.36225  0.000366153
1190    0.281234    0.658737    -1.25722  -0.000201929
1200    0.289812     0.66281    0.705622  -9.21383e-05
1210    0.283077    0.659612    -0.23021  0.000498828
1220    0.279835    0.658073     1.08149  0.000214784
1230    0.278781    0.657573    -0.41659  7.2524e-05
1240    0.278385    0.657384     1.08204  -0.000136285
1250    0.281507    0.658867    -1.35251  0.000216065
1260    0.274063    0.655333     1.54982  0.00012773
1270    0.278952    0.657654     2.29772  0.000305355
1280    0.267956    0.652433     1.45736  0.00036041
1290    0.271744    0.654231     1.45663  -0.0002022
1300       0.272    0.654353   -0.416864  0.000140521
1310    0.268934    0.652897    0.332496  0.000362463
1320    0.264751    0.650911   -0.415493  0.000285502
1330    0.263224    0.650186    0.519242  -0.00026947
1340    0.270141     0.65347   -0.136471  -0.000158323
1350     0.26639    0.651689    0.425777  0.000219493
1360    0.265751    0.651386    0.612157  0.000432129
1370    0.257748    0.647586     1.36188  0.000309861
1380    0.259553    0.648443     1.36179  0.00012109
1390    0.255326    0.646436    0.705256  0.000143428
1400    0.256685    0.647081    -1.35388  -0.000169697
1410     0.25872    0.648048      1.4537  0.000379681
1420    0.249091    0.643476     2.48437  0.000312497
1430     0.25247     0.64508    0.704434  -0.000158342
1440    0.252258     0.64498   -0.138117  5.49987e-05
1450     0.25137    0.644558    0.890723  0.000460897
1460     0.24304    0.640603    0.800092  0.000179402
1470    0.247782    0.642854     3.41636  0.000180588
1480    0.239428    0.638888    0.892002  0.000508276
1490    0.237616    0.638028    -1.72783  1.15499e-05
1500    0.239197    0.638779      1.9213  -0.000351039
1510    0.244637    0.641361     3.88624  0.000159183
1520    0.236014    0.637267     1.73492  0.00055652
1530    0.233507    0.636077    0.236838  0.000478536
1540    0.226443    0.632723     0.60969  0.000274334
1550     0.22802    0.633472     1.17093  -2.10091e-05
1560    0.226863    0.632922    0.890539  0.000229988
1570     0.22342    0.631288    0.983547  0.000436148
1580     0.21814    0.628781     1.17276  0.000162385
1590    0.220173    0.629746    0.889534  0.000128841
1600    0.215563    0.627557     1.26513   0.0003582
1610    0.213009    0.626344      2.1085  9.49949e-05
1620    0.213664    0.626655    0.890083  0.00034844
1630     0.20604    0.623036    0.704251  0.000371777
1640    0.206228    0.623125   -0.137294  -6.49542e-05
1650    0.207339    0.623652   -0.419058  9.65707e-05
1660    0.204297    0.622208    0.516955  0.000489452
1670     0.19755    0.619005   -0.512157  0.000108598
1680    0.202125    0.621177     1.63935  -0.000133712
1690    0.200224    0.620274     1.73272  0.00038745
1700    0.194376    0.617498     1.35868  0.000318493
1710    0.193854     0.61725   0.0482633  1.73181e-05
1720    0.194029    0.617333     1.73291  -8.73692e-05
1730    0.195602     0.61808     1.82537  0.000227157
1740    0.189486    0.615176   -0.139945  0.000378952
1750    0.188023    0.614481     2.48236  0.000158185
1760    0.186322    0.613674   -0.700091  2.98783e-05
1770    0.187425    0.614198    -0.88766  -5.18598e-05
1780     0.18736    0.614166   0.0468925  0.000100374
1790    0.185418    0.613244   -0.421526  4.18231e-05
1800    0.186523    0.613769    0.421024  5.38565e-05
1810     0.18434    0.612733   -0.233227  0.000442129
1820    0.177681    0.609571     1.45251  0.000171957
1830    0.180901      0.6111    0.795978  -0.000133755
1840    0.180356    0.610841     2.19959  0.000160966
1850    0.177682    0.609572    0.796344  0.000113945
1860    0.178077    0.609759     1.45142  0.000197284
1870    0.173736    0.607698     1.82582  0.000161932
1880    0.174838    0.608221     2.10676  2.02306e-05
1890    0.173332    0.607506    0.701143  0.000305323
1900    0.168732    0.605322     2.66746  0.000175001
1910    0.169832    0.605844    0.326097  0.000473621
1920    0.159259    0.600825    0.608684  0.000390577
1930     0.16202    0.602136    0.889351  5.79678e-05
1940      0.1581    0.600274     1.26431  0.000380564
1950    0.154409    0.598522    -1.07751  0.000106156
1960    0.155977    0.599266     2.29296  -0.000192953
1970    0.158268    0.600354    0.887981  -0.000145387
1980    0.158885    0.600647   -0.142047  0.000262753
1990    0.153013    0.597859     2.57317  0.000599945
2000    0.146886     0.59495     2.01166  0.000227948
2010    0.148454    0.595694     1.44986  4.8025e-05
2020    0.145925    0.594494    0.793785  0.000361904
2030    0.141216    0.592258    0.326554  0.000386899
2040    0.138187     0.59082    0.982541  0.000254782
2050     0.13612    0.589839    0.328017  0.000279738
2060    0.132592    0.588164     1.17002  0.00018323
2070    0.132456    0.588099     1.07546  -5.91978e-05
2080    0.133776    0.588726     3.41481  -4.70579e-05
2090    0.133397    0.588545     2.94602  0.000293899
2100    0.127898    0.585935     3.13387  0.000526115
2110    0.122874     0.58355     2.94721  0.000148783
2120    0.124923    0.584522     1.82399  6.39938e-05
2130    0.121595    0.582942     2.10494  7.60578e-05
2140    0.123402      0.5838     1.72943  0.000235982
2150    0.116875    0.580701    0.419653  0.000272891
2160    0.117944    0.581209     2.66572  4.04987e-05
2170    0.116065    0.580316     4.91271  0.000582042
2180    0.106303    0.575682     3.04159  0.000299555
2190    0.110074    0.577472     2.29223  -0.000192476
2200    0.110152    0.577509     4.44429  0.000325799
2210    0.103558    0.574378     3.60238  7.87504e-05
2220    0.108577    0.576761      4.4441  5.49044e-05
2230     0.10246    0.573857     4.81888  0.000314833
2240    0.102281    0.573772     5.38012  -4.41585e-05
2250    0.103343    0.574276     5.66033  -0.000280485
2260     0.10789    0.576435     3.69282  0.000142399
2270    0.100495    0.572924     4.44292  0.000378902
2280    0.100312    0.572837     3.97523  8.07028e-05
2290   0.0988809    0.572158     3.69337  0.000255855
2300   0.0951953    0.570408     4.34899  0.000206304
2310   0.0947548    0.570199     2.47614  9.42547e-05
2320   0.0933102    0.569513     3.59954  1.9126e-05
2330   0.0943723    0.570017     5.47148  -0.00015661
2340   0.0964424       0.571     1.25928  0.000245742
2350   0.0894574    0.567684     4.06814  0.000296178
2360   0.0905189    0.568187     2.00855  -0.000106269
2370   0.0915828    0.568693     3.78748  -0.000397061
2380   0.0984601    0.571958     4.25407  -0.000271221
2390   0.0970072    0.571268     1.91389  0.000449448
2400   0.0894711     0.56769      3.0393  0.000145858
2410   0.0940901    0.569883     1.72715  -0.000259326
2420   0.0946576    0.570153     2.66389  -0.000285708
2430   0.0998042    0.572596     1.44657  6.6787e-06
2440   0.0945241    0.570089     2.38277  0.000261002
2450   0.0945842    0.570118      1.7277  9.60875e-05
2460   0.0926023    0.569177     2.10146  -9.55477e-05
2470   0.0964952    0.571025     1.35174  -1.86112e-05
2480   0.0929745    0.569353     3.22468  0.000634549
2490   0.0838042    0.564999     2.10228  0.000186664
2500   0.0892413    0.567581     1.16536  -4.32104e-05
2510   0.0846684     0.56541     2.00836  9.75687e-05
2520   0.0872899    0.566654     1.63286  0.00012407
2530    0.082187    0.564232     2.00937  0.000136806
2540   0.0845538    0.565355     2.75681  -0.000405008
2550   0.0902871    0.568077     3.03702  0.000202212
2560   0.0805095    0.563435     3.13076  0.000525619
2570   0.0797747    0.563086     1.91417  0.000203323
2580   0.0764431    0.561504     3.03857  3.48248e-05
2590   0.0790782    0.562756     5.19027  2.22892e-05
2600   0.0759973    0.561293     3.69438  -9.52717e-05
2610   0.0809837     0.56366     4.06668  -0.000160181
2620   0.0792009    0.562814     4.44136  6.09618e-05
2630   0.0797644    0.563081     3.13094  -0.000239535
2640   0.0839916    0.565088     3.03666  8.91313e-06
2650   0.0795862    0.562997     5.00224    0.000428
2660   0.0754316    0.561024     3.22468  3.52014e-05
2670   0.0788822    0.562662     3.31787  -0.000135124
2680   0.0781341    0.562307     2.66243  0.000232944
2690   0.0742233     0.56045     2.94347  -0.00016224
2700   0.0813789    0.563848     3.41033  -0.000360002
2710   0.0814233    0.563869      3.4107  -7.05592e-05
2720   0.0827901    0.564518     4.34762  0.000339796
2730   0.0746274    0.560642     3.78656  0.000154438
2740   0.0797013    0.563051     3.97212  -0.000162875
2750   0.0778849    0.562189     2.66179  0.000368043
2760   0.0723405    0.559557      4.4409  0.000408736
2770   0.0697102    0.558308     3.13149  -0.000109909
2780   0.0745386      0.5606     4.15996  -0.000176451
2790   0.0732392    0.559983     4.53446  -9.71358e-05
2800   0.0764814    0.561523     3.22358  0.000304551
2810   0.0671482    0.557091     5.84607  0.000237463
2820   0.0717321    0.559268     5.00261  -0.000190487
2830   0.0709579      0.5589     5.47029  0.000238832
2840   0.0669555       0.557     4.90932  0.000266187
2850   0.0656342    0.556372     4.81604  -8.34081e-05
2860   0.0686236    0.557792     4.62774  -0.000204848
2870   0.0697311    0.558318     5.28309  2.42792e-05
2880    0.068138    0.557561     4.34717  1.06081e-05
2890    0.069519    0.558217      4.3458  0.000146429
2900   0.0652095    0.556171     3.41051  0.000608061
2910   0.0573578    0.552443     5.93917  0.000215243
2920   0.0609046    0.554127     6.31248  -0.000164582
2930   0.0606494    0.554006     5.75215  3.92184e-05
2940   0.0601202    0.553755     4.44045  3.93063e-05
2950   0.0598633    0.553632     3.97157  0.000326546
2960   0.0535893    0.550654     5.37765  0.000190148
2970   0.0560603    0.551827     5.65612  -0.000316026
2980   0.0599098    0.553655     6.49913  2.64386e-05
2990   0.0555315    0.551576     6.49977  6.71884e-05
3000   0.0585661    0.553017     6.49877  5.41575e-05
3010   0.0544484    0.551062     5.75014  0.000302022
3020   0.0525256    0.550149     5.28281  0.000330657
3030   0.0478352    0.547922     5.75087  -2.81708e-05
3040    0.053089    0.550416     7.34077  0.000277177
3050   0.0422917     0.54529     5.84488  0.000124233
3060   0.0506044    0.549236     5.74886  -0.000304633
3070   0.0483843    0.548182     7.71481  6.93036e-05
3080   0.0492183    0.548578     6.87189  -9.74433e-05
3090   0.0503332    0.549108     7.62162  0.000390589
3100   0.0414065    0.544869     7.24803  -1.94646e-07
3110   0.0503371     0.54911     7.24639  -1.2899e-05
3120   0.0416645    0.544992     6.40393  9.78703e-05
3130   0.0483797     0.54818     6.87208  -1.2962e-05
3140   0.0419237    0.545115     7.80855  0.000548147
3150   0.0374168    0.542975     8.27815  8.54481e-05
3160   0.0402148    0.544304     9.49337  -0.000181536
3170   0.0410475    0.544699     7.34104  2.9533e-05
3180   0.0396241    0.544023     7.43387  5.7704e-05
3190   0.0398934    0.544151     8.08903  -0.000225129
3200   0.0441267    0.546161      7.8069  2.96962e-05
3210   0.0392995    0.543869     7.80846  0.000199469
3220   0.0401373    0.544267     7.43432  0.000285796
3230   0.0335836    0.541155     7.62162  0.000200661
3240   0.0361241    0.542361     6.77925  -9.75689e-05
3250   0.0355349    0.542082     7.99538  0.000358954
3260    0.028945    0.538953     6.03035  0.000488315
3270   0.0257686    0.537445     5.65612  -0.000269193
3280   0.0343289    0.541509     7.89973  -0.00021174
3290   0.0300034    0.539455     7.24648  0.000418836
3300   0.0259522    0.537532     7.43323  7.47836e-05
3310   0.0285078    0.538745     7.61979  0.000277234
3320   0.0204075    0.534899     6.68451  0.000565905
3330   0.0171897    0.533372     7.99529  0.000278897
3340   0.0148295    0.532251     6.02962  -3.86535e-05
3350   0.0179627    0.533739     7.62134  -9.36524e-06
3360   0.0150168     0.53234     7.33967  -8.24351e-05
3370   0.0196114    0.534521     8.18149  -0.000242058
3380    0.019858    0.534638      8.1814  0.000281119
3390   0.0139891    0.531852     6.59086  0.000194002
3400    0.015978    0.532796     7.24511  -8.23285e-05
3410   0.0156356    0.532634      6.8708   0.0001513
3420    0.012952    0.531359     8.46188  0.000239484
3430   0.0108459     0.53036     7.52614  0.000181592
3440  0.00932014    0.529635     8.18167  0.000299749
3450  0.00485095    0.527513      6.9649  -0.000214728
3460   0.0136147    0.531674     8.08729  -0.000258579
3470   0.0100225    0.529969     8.64927  0.000684551
3480  -7.63277e-05    0.525174     8.93131  -9.75438e-05
3490   0.0119734    0.530895     6.86924  -0.000362695
3500  0.00717757    0.528618     7.89936  0.000183682
3510  0.00829976    0.529151     5.93332  -0.00018667
3520    0.010911     0.53039     8.17984  -5.32411e-05
3530  0.00936458    0.529656     8.83556  -0.00023253
3540   0.0155616    0.532598     7.33665  -0.000277416
3550   0.0149129    0.532291     6.40119  0.000199494
3560   0.0115717    0.530704     5.74575  0.000229849
3570   0.0103159    0.530108     5.46536  0.000140773
3580  0.00875622    0.529367     8.36695  -0.000129123
3590   0.0128984    0.531334     6.96243  0.000472535
3600  -0.000694482     0.52488     6.87016  0.000156277
3610  0.00977283     0.52985     7.24191  -2.23836e-05
3620  -0.00024681    0.525093     7.05727  0.000519951
3630  -0.000626188    0.524913     6.68186  -3.76868e-05
3640  0.000506926    0.525451     7.52404  6.84376e-05
3650  -0.00199494    0.524263     6.40082  2.28355e-05
3660  5.02156e-05    0.525234     7.33611  -9.84037e-05
3670  -2.68653e-05    0.525197     8.27313  8.38977e-05
3680  -0.00162774    0.524437     7.99145  0.000297622
3690  -0.0059793    0.522371     7.33693  2.33063e-05
3700  -0.00209386    0.524216     8.73953  -6.57826e-06
3710  -0.00584773    0.522434     9.39589  8.47514e-05
3720  -0.00378889    0.523411     7.52377  0.000192972
3730  -0.00970718    0.520601     8.45996  8.42367e-06
3740  -0.00395737    0.523331     8.17847  -0.000206254
3750  -0.00558209     0.52256     8.55233  0.000209022
3760  -0.00813781    0.521346     8.83336  0.00017873
3770  -0.00915669    0.520863     7.70987  -0.000176533
3780  -0.00460715    0.523023      9.0202  -5.26636e-05
3790  -0.00810342    0.521363     7.99091  0.000443372
3800  -0.0134746    0.518812      9.1143  -0.000348452
3810  -0.00113437    0.524671     9.30005  -0.000145663
3820  -0.0105613    0.520196     9.86174  0.000632183
3830   -0.013778    0.518668     8.83254  0.000525343
3840  -0.0210682    0.515207     9.11476  7.28126e-05
3850  -0.0152343    0.517977     8.27066  -0.000129707
3860  -0.0184741    0.516439     8.17747  1.04511e-05
3870  -0.0154433    0.517878      9.4867  -0.000240639
3880  -0.0136613    0.518724     9.48597  0.000262609
3890  -0.0206955    0.515384     9.76856  0.000641492
3900  -0.0264911    0.512632     10.6116  -5.17786e-05
3910  -0.0196599    0.515876     9.29995  -0.000177606
3920   -0.022939    0.514319     9.76792  0.000502928
3930  -0.0297185      0.5111     9.95612  0.000170727
3940  -0.0263535    0.512698     8.73807  -3.47367e-05
3950  -0.0290237     0.51143     10.1422  0.000283404
3960  -0.0320216    0.510006     9.58053  0.000396057
3970  -0.0369449    0.507669     9.20622  -9.85041e-05
3980  -0.0300515    0.510942     9.29895  -0.000274014
3990  -0.0314646    0.510271     9.11248  -0.000147251
4000  -0.0271065     0.51234     10.8899  0.000334825
4010  -0.0381611    0.507092       9.674  0.000769284
4020  -0.0424922    0.505035     8.83218  -9.82719e-05
4030  -0.0361956    0.508025     9.76664  -0.000194642
4040  -0.0385993    0.506883     9.86001  -8.27616e-05
4050  -0.0345404    0.508811     9.29749  0.000111974
4060  -0.0408388     0.50582     10.3281  0.000273794
4070  -0.0400163    0.506211     9.67235  0.000112728
4080  -0.0430934     0.50475     9.95384  1.5052e-05
4090  -0.0403173    0.506068     9.95302  -0.000131226
4100  -0.0404689    0.505996     11.5447  0.000113205
4110  -0.0425814    0.504993     8.82989  0.000293504
4120  -0.0463389    0.503209     10.8899  4.83952e-05
4130  -0.0435493    0.504533     10.4213  0.000164104
4140   -0.049621     0.50165     11.6391  4.87154e-05
4150  -0.0445237    0.504071     11.4513  4.98453e-05
4160  -0.0506179    0.501177      10.422  0.000379297
4170  -0.0521096    0.500469     10.3281  0.000149404
4180   -0.053606    0.499758     10.7964   0.0002162
4190  -0.0564336    0.498416     12.2934  0.000449222
4200  -0.0625905    0.495493      10.797  -8.15501e-05
4210  -0.0548026     0.49919     11.3571  -0.000380418
4220  -0.0549821    0.499105     11.1694  -8.21088e-05
4230  -0.0531604     0.49997     10.8888  -0.000266058
4240   -0.049661    0.501631     12.6676  0.000118192
4250  -0.0555243    0.498848     12.6684  0.000151337
4260  -0.0526877    0.500194     10.8898  -0.000132965
4270   -0.052865     0.50011     10.3271  -4.95564e-05
4280  -0.0516966    0.500665     9.95247  -4.96004e-05
4290   -0.051873    0.500581     10.3274  -0.000269438
4300  -0.0463078    0.503224     11.8244  1.77136e-05
4310  -0.0522272    0.500413     11.1694  0.000372659
4320   -0.053761    0.499685      11.358  -0.000355664
4330  -0.0451139     0.50379     11.5427  -0.000356007
4340  -0.0466409    0.503065      11.263  0.000169986
4350  -0.0485137    0.502176     11.0755  -0.000102534
4360  -0.0445902    0.504039     12.7593  2.07312e-07
4370  -0.0485178    0.502174     12.8539  0.000307834
4380  -0.0507469    0.501116     13.6972  -6.84125e-05
4390  -0.0471496    0.502824     10.7947  -0.000102534
4400  -0.0486962     0.50209     11.6364   0.0001033
4410  -0.0492155    0.501843      9.9521  -3.42533e-05
4420  -0.0480111    0.502415     9.10983  -3.42345e-05
4430  -0.0485309    0.502168     9.01554  1.25542e-07
4440  -0.0480136    0.502414     9.85864  -6.91531e-05
4450  -0.0471478    0.502825      11.075  0.000139129
4460  -0.0507962    0.501092     9.67089  0.000400334
4470  -0.0551545    0.499023      10.701  7.03834e-05
4480  -0.0522039    0.500424      10.607  -0.000400391
4490  -0.0471467    0.502825     11.4486  -6.91092e-05
4500  -0.0508217     0.50108     9.38995  -0.000280586
4510  -0.0415349     0.50549     10.4179  -0.000139894
4520  -0.0480238    0.502409     10.6057  8.69231e-05
4530  -0.0432734    0.504664     9.85681  -5.27704e-05
4540  -0.0469684     0.50291     11.3546  0.000317181
4550   -0.049617    0.501652     10.6053  0.000229994
4560  -0.0515683    0.500726     11.3549  -0.000141388
4570  -0.0467893    0.502995     12.8515  -0.000354434
4580  -0.0444796    0.504092     10.8856  0.000231218
4590  -0.0514136    0.500799     11.0739  7.07664e-05
4600  -0.0458949     0.50342     11.9159  -0.000142116
4610  -0.0485713    0.502149     12.1031  -3.60422e-05
4620  -0.0451741    0.503762     11.2601  -0.000376203
4630  -0.0410472    0.505721     10.7911  0.00035879
4640  -0.0523499    0.500355     10.8863  0.000574586
4650  -0.0525389    0.500265     10.6052  -0.000485779
4660  -0.0426343    0.504968     10.8846  -0.000342163
4670  -0.0456957    0.503514      10.979  0.000596222
4680  -0.0545587    0.499306     11.5419  5.40884e-05
4690  -0.0467775    0.503001      11.447  -0.000543502
4700  -0.0436887    0.504467     9.10699  -0.000582419
4710  -0.0351291    0.508531     10.8836  -6.78003e-07
4720  -0.0436751    0.504474     12.1015  0.000436085
4730  -0.0438508     0.50439     11.2594  0.000328705
4740  -0.0502492    0.501352     10.2298  0.000311035
4750  -0.0500715    0.501437     10.3235  0.000239378
4760  -0.0550368    0.499079     9.01316  0.000147766
4770  -0.0530268    0.500033     9.76179  -0.000404217
4780  -0.0469525    0.502917     10.2287  9.3489e-05
4790  -0.0548966    0.499146     10.0426  0.000499746
4800  -0.0569474    0.498172     10.4174  -0.000313854
4810  -0.0486195    0.502126     11.4459  -0.000239717
4820   -0.052153    0.500448     10.9785  0.000354014
4830  -0.0556998    0.498764     11.1657  0.000224793
4840  -0.0566489    0.498314     10.9777  3.90144e-05
4850    -0.05648    0.498394     11.3523  -0.000166741
4860  -0.0533141    0.499897     9.94845  1.7764e-06
4870  -0.0565156    0.498377     10.3234  -0.000299646
4880  -0.0473212    0.502742     11.0706  -0.000243078
4890   -0.051654    0.500685     9.29292  0.000358611
4900  -0.0544934    0.499337     11.2586  1.97535e-05
4910  -0.0520491    0.500498     11.0708  -0.000320718
4920   -0.048079    0.502383     12.1942  -7.50097e-05
4930  -0.0505489     0.50121     12.0064  0.000456727
4940  -0.0572136    0.498046     10.1354  0.000229372
4950  -0.0551363    0.499032     10.6029  2.10622e-05
4960  -0.0576348    0.497846     10.3227  -0.000304645
4970  -0.0490434    0.501925     11.7246  -0.00036228
4980  -0.0503892    0.501286     10.8834  0.000115634
4990  -0.0513561    0.500827     10.6017  0.000593548
