Time   C(t)   
ps   
0           1           1  5.05495e-10   0.0624957
10    0.372928    0.886816     0.03606   0.0322013
20    0.355974    0.883756   -0.302693  0.00190692
30     0.33479    0.879932    0.823119  0.00164715
40    0.323031    0.877809    0.977926  0.000756565
50    0.319659    0.877201    0.794296  0.000352648
60    0.315978    0.876536  -0.0783544  0.000337887
70    0.312901    0.875981    0.638624  0.000883207
80    0.298314    0.873348     1.11743  0.00111085
90    0.290684    0.871971    0.246234  0.000425744
100    0.289799    0.871811   -0.190517  0.000315514
110    0.284374    0.870832  -0.0496681  0.000523739
120    0.279324    0.869921  -0.0787803  0.000578673
130      0.2728    0.868743    0.456078  0.000494893
140    0.269426    0.868134    0.287217  0.000129315
150    0.270214    0.868276    0.427461  0.000346325
160      0.2625    0.866884   -0.978674  0.000776032
170    0.254693    0.865475    0.329765  0.000401786
180    0.254464    0.865433    0.230834  0.000286752
190    0.248958     0.86444    0.765417  0.000558875
200    0.243287    0.863416    0.273162  0.000388841
210    0.241181    0.863036     0.09015  0.000312064
220    0.237045    0.862289   -0.247875  0.000363232
230    0.233917    0.861725    0.455488  0.000582287
240    0.225399    0.860187    0.174038  0.000318074
250    0.227555    0.860576   0.0337256  0.000225446
260    0.220891    0.859374   -0.444379  0.000240999
270    0.222735    0.859706   0.0889144  0.000273296
280    0.215425    0.858387    0.736636  0.000406591
290    0.214603    0.858239   0.0757523  -6.68213e-05
300    0.216761    0.858628   -0.304725  0.000102024
310    0.212563     0.85787    0.271624  0.000538186
320    0.205997    0.856685   -0.403039  0.000429046
330    0.203982    0.856322   -0.965897  0.000197838
340    0.202041    0.855971    0.032778  7.59356e-05
350    0.202463    0.856047    0.369856  0.000399788
360    0.194045    0.854528  -0.0655359  0.000463489
370    0.193194    0.854374   -0.121987  0.000196005
380    0.190125     0.85382    0.173022  3.7811e-05
390    0.192437    0.854238    0.369265  -0.000116355
400    0.192452     0.85424   -0.249756  0.000522021
410    0.181997    0.852353    0.398267  0.000427081
420     0.18391    0.852699  -0.0667026  -0.000147661
430     0.18495    0.852886   -0.333658  7.8924e-05
440    0.182332    0.852414   -0.741764  -4.75496e-06
450    0.185045    0.852904   0.0459264  -2.8532e-05
460    0.182902    0.852517   -0.291646  0.000270455
470    0.179636    0.851927   -0.108826  -3.66882e-05
480    0.183636    0.852649   -0.250113  0.000171618
490    0.176204    0.851308   -0.629053  0.00018747
500    0.179887    0.851972  -0.0811281  0.000152416
510    0.173155    0.850757   -0.727792  0.000605552
520    0.167776    0.849786   -0.150797  0.00015704
530    0.170015    0.850191     -0.2074  4.11958e-05
540    0.166952    0.849638   -0.123072  5.30839e-05
550    0.168953    0.849999    0.129581  -0.000184382
560    0.170639    0.850303    -0.71382  0.000246745
570    0.164018    0.849108    0.425182  0.000638707
580    0.157865    0.847998   -0.122894  0.000183243
590    0.160353    0.848447   -0.489385  -2.64183e-05
600    0.158394    0.848093   0.0595691  -0.000103559
610    0.162424    0.848821   0.0443612  0.000131892
620    0.155756    0.847617    0.242471  0.000277539
630    0.156874    0.847819   -0.868901  0.000103724
640    0.153681    0.847242   -0.249907  0.000254505
650    0.151783      0.8469    -0.33418  -2.20098e-05
660    0.154121    0.847322    0.214129  -0.000229854
670    0.156381     0.84773    0.213854  0.000255463
680    0.149012      0.8464    0.144295  0.00057821
690    0.144816    0.845642    0.425181  -8.69982e-05
700    0.150752    0.846714    0.142784  -4.15266e-05
710    0.145647    0.845792    0.242238  0.000179114
720     0.14717    0.846067    -1.17828  -0.000140329
730    0.148453    0.846299   -0.447702  7.21589e-06
740    0.147026    0.846041    -1.09446  0.000266328
750    0.143127    0.845337   0.0591435  0.000283135
760    0.141363    0.845019  -0.0957872  0.000238506
770    0.138357    0.844476   -0.123388  -3.32534e-05
780    0.142028    0.845139   -0.461784  4.12285e-05
790    0.137532    0.844328   -0.433016  0.00016901
800    0.138648    0.844529    0.101376  -2.04742e-05
810    0.137942    0.844402    -0.75678  0.000211345
820    0.134421    0.843766    -0.44707  0.000165889
830    0.134624    0.843803  -0.0114866  3.79592e-05
840    0.133662    0.843629    0.157718  5.04747e-05
850    0.133614     0.84362    0.466755   0.0001878
860    0.129906    0.842951   -0.320208  -0.000132866
870    0.136272      0.8441    0.438398  -0.000170083
880    0.133307    0.843565   -0.659208   0.0002675
890    0.130922    0.843134    0.494068  0.000201224
900    0.129283    0.842839     1.01432  0.000260267
910    0.125716    0.842195   -0.517797  -7.02888e-05
920    0.130689    0.843092  -0.0691061  -0.000136961
930    0.128456    0.842689   -0.251198  5.97872e-05
940    0.129493    0.842877   -0.574921  1.37046e-05
950    0.128182     0.84264   -0.547622  0.000547944
960    0.118534    0.840899    -0.65896  0.000106514
970    0.126051    0.842255    0.296905  -0.000242336
980    0.123381    0.841773   -0.405868  0.000111022
990    0.123831    0.841855    0.184729  -0.000137836
1000    0.126137    0.842271    0.127933  -0.000120962
1010     0.12625    0.842291    0.141741  0.000115761
1020    0.123822    0.841853    0.704297  0.000399954
1030    0.118251    0.840847    0.719107  0.000286157
1040    0.118099     0.84082   0.0580726  0.000108578
1050    0.116079    0.840455   -0.561141  -0.000108363
1060    0.120266    0.841211   -0.167584  -3.15696e-05
1070    0.116711    0.840569   -0.406499  -1.50088e-05
1080    0.120567    0.841265    0.352121  0.000194569
1090    0.112819    0.839867   0.0714403  0.000480611
1100    0.110954     0.83953   -0.673949  -1.85754e-05
1110    0.113191    0.839934   -0.786894  0.000153192
1120     0.10789    0.838977   0.0853714  1.57353e-05
1130    0.112876    0.839877    0.338039  0.000106399
1140    0.105763    0.838593  -0.0555456  0.00018354
1150    0.109205    0.839215   -0.562062  0.000106977
1160    0.103623    0.838207   -0.111641  0.000141089
1170    0.106384    0.838705     -0.3652  -0.000319477
1180    0.110013     0.83936   0.0279308  -0.000134534
1190    0.109074    0.839191   -0.295628  0.00019343
1200    0.106144    0.838662   0.0422602  0.000297699
1210     0.10312    0.838116   -0.590596  0.000233338
1220    0.101477     0.83782   -0.730634  -6.97106e-05
1230    0.104515    0.838368    -1.91302  -0.000130423
1240    0.104086    0.838291    -0.85806   0.0002604
1250   0.0993066    0.837428  -0.0706026  8.38786e-06
1260    0.103918     0.83826   -0.858801  -2.61042e-05
1270   0.0998287    0.837522   -0.464407  0.000195907
1280   0.0999997    0.837553     -1.2097  -0.000152647
1290    0.102882    0.838073    -0.32452  -2.18447e-05
1300    0.100437    0.837632    -1.18206  -4.41514e-05
1310    0.103765    0.838233   -0.619777  6.58307e-05
1320     0.09912    0.837394    -0.59131  0.000289196
1330   0.0979807    0.837189    0.238077  -8.66838e-06
1340   0.0992934    0.837426   -0.380944  -6.99587e-05
1350   0.0993799    0.837441    0.715866  -0.000189104
1360    0.103075    0.838108   -0.451711  -6.61276e-05
1370    0.100702     0.83768  -0.0719481  -3.12891e-05
1380    0.103701    0.838221    -1.26777  -3.07936e-05
1390    0.101318    0.837791   -0.353467  0.000362357
1400   0.0964541    0.836913   -0.437328  -1.34733e-05
1410    0.101588     0.83784   -0.662984  4.92036e-05
1420     0.09547    0.836736   -0.479588  -4.57354e-06
1430    0.101679    0.837856    0.124294  0.00014733
1440   0.0925234    0.836204   -0.705011  0.000404708
1450   0.0935851    0.836395   -0.255098  0.000223514
1460   0.0880531    0.835397    0.110913  0.000277407
1470    0.088037    0.835394   -0.901885  -4.31441e-05
1480    0.088916    0.835553   -0.339481  -0.000266707
1490   0.0933711    0.836357    -1.24021  0.000175961
1500   0.0853968    0.834917   -0.789778  0.000439795
1510   0.0845752    0.834769   -0.718845  -9.24304e-05
1520   0.0872454    0.835251   -0.424358  -0.000258435
1530   0.0897439    0.835702   -0.846258  -2.09529e-05
1540   0.0876645    0.835327  -0.0164029  0.000163214
1550   0.0864796    0.835113    -1.12757  -0.000124693
1560   0.0901583    0.835777   -0.424632  0.000114556
1570   0.0841885    0.834699   -0.606684  0.000344591
1580   0.0832665    0.834533   -0.382015  -3.88019e-05
1590   0.0849645    0.834839   -0.846408  -0.000106597
1600   0.0853985    0.834918    0.363182  6.45593e-06
1610   0.0848354    0.834816   -0.565193  -0.00014345
1620   0.0882675    0.835436   -0.706425  0.000301777
1630   0.0787999    0.833727    -1.26827  0.000420064
1640   0.0798662    0.833919   -0.298114  -0.000298112
1650   0.0847621    0.834803   -0.158693  -0.000102436
1660   0.0819149    0.834289   -0.368524  6.12404e-05
1670   0.0835373    0.834582    0.123498  -0.000180568
1680   0.0855263    0.834941   -0.833686  0.000107456
1690   0.0813882    0.834194   -0.425552  0.000551676
1700   0.0744927    0.832949   -0.481084  0.000419783
1710   0.0729925    0.832678   -0.086937  -0.000327601
1720   0.0810448    0.834132   -0.439415  -0.000267978
1730   0.0783521    0.833646  -0.00339189  -0.000260185
1740   0.0862485    0.835071   -0.524402  -8.51322e-05
1750   0.0800547    0.833953  -0.0881181  0.000200298
1760   0.0822425    0.834348    -0.60888  -0.000117594
1770   0.0824066    0.834378    0.431656  6.68876e-05
1780   0.0809047    0.834107   -0.383718  8.57104e-05
1790   0.0806924    0.834068   -0.917684  0.000178768
1800   0.0773294    0.833461    -1.01653  -5.79879e-05
1810   0.0818522    0.834278    -1.17149  -0.000410999
1820   0.0855494    0.834945   -0.721784  -0.00010483
1830   0.0839488    0.834656   -0.792359  -4.95009e-05
1840   0.0865394    0.835124    -0.86266  -0.000119344
1850   0.0863356    0.835087    -1.15821  0.000515797
1860   0.0762235    0.833262    -1.48067  0.000502488
1870   0.0762859    0.833273    -1.35424  0.000106052
1880   0.0741024    0.832879    -1.04488  -2.5196e-05
1890   0.0767898    0.833364   -0.947125  -0.000292647
1900   0.0799553    0.833935   -0.103615  -7.70256e-05
1910   0.0783303    0.833642   -0.328351  0.000642818
1920    0.067099    0.831615    0.291234  4.04198e-05
1930   0.0775219    0.833496  -0.0894639  -0.000330903
1940    0.073717    0.832809   -0.721716  0.000106861
1950   0.0753847     0.83311   -0.455557  8.37781e-05
1960   0.0720415    0.832507   -0.525281  0.000206837
1970   0.0712479    0.832364   -0.933084  0.000525192
1980   0.0615376    0.830611   -0.538704  0.000217322
1990   0.0669015    0.831579   -0.356762  -0.000375434
2000   0.0690463    0.831966   -0.244133  -8.6255e-05
2010   0.0686266     0.83189    -0.32846  -5.81197e-05
2020   0.0702087    0.832176   -0.202299  -0.000124891
2030   0.0711244    0.832341   0.0789583  0.000304964
2040   0.0641094    0.831075    0.178357  0.000309934
2050   0.0649258    0.831222   -0.806181  0.000200992
2060   0.0600896     0.83035   -0.131422  -3.87024e-05
2070   0.0656998    0.831362   -0.118122  -0.000355125
2080   0.0671921    0.831631   -0.483913  0.000148767
2090   0.0627245    0.830825   -0.497913  0.000375021
2100   0.0596917    0.830278  -0.0900268  0.000207316
2110   0.0585782    0.830077   -0.708321  -0.000197607
2120   0.0636438    0.830991   -0.666335   -0.000101
2130   0.0605981    0.830441    -1.25708  0.000178817
2140   0.0600675    0.830346   0.0365337  0.000150352
2150   0.0575911    0.829899   -0.314791  0.000252705
2160   0.0550134    0.829433    0.289696  0.000146356
2170    0.054664     0.82937   -0.709062  0.000351262
2180   0.0479881    0.828165    0.205876  8.86822e-05
2190   0.0528903     0.82905   -0.216807  -0.000373684
2200   0.0554618    0.829514   -0.610762  -3.29731e-05
2210   0.0535498    0.829169   -0.217109  -6.75643e-05
2220   0.0568131    0.829758   -0.891689  -5.25884e-05
2230   0.0546016    0.829359    0.246612  4.48283e-05
2240   0.0559165    0.829596    0.175872  -0.000121771
2250    0.057037    0.829799   -0.259643  0.000177827
2260     0.05236    0.828954   -0.343793  7.26618e-07
2270   0.0570225    0.829796   -0.513053  1.27144e-06
2280   0.0523346     0.82895   -0.371957  0.000518719
2290   0.0466481    0.827923    0.302871  5.07062e-05
2300   0.0513204    0.828767   -0.076919  -6.71349e-05
2310   0.0479908    0.828166   -0.499286  0.000184811
2320   0.0476242      0.8281   -0.822597  -3.2874e-05
2330   0.0486483    0.828284     -1.3148  0.000101132
2340   0.0456016    0.827734   -0.189755  -5.77731e-05
2350   0.0498037    0.828493    0.569277  -0.000251682
2360   0.0506352    0.828643  -0.0640321  -0.000182929
2370   0.0534623    0.829153    0.441893  0.00013635
2380   0.0479082    0.828151   -0.443329  0.000401208
2390   0.0454381    0.827705     -0.6263  -0.000128194
2400   0.0504721    0.828614   -0.485739  -0.000173203
2410   0.0489022     0.82833   -0.598987  0.000478349
2420   0.0409051    0.826887    -0.58382  0.00016759
2430   0.0455504    0.827725    -0.14869  7.82471e-05
2440   0.0393402    0.826604   -0.640409  0.000536337
2450   0.0348237    0.825789    0.273842  2.83003e-05
2460   0.0387742    0.826502   -0.134305  -0.000183259
2470   0.0384888    0.826451   -0.457548  8.40591e-05
2480    0.037093    0.826199    0.146678  8.93097e-05
2490   0.0367027    0.826128   -0.822982  -6.76138e-05
2500   0.0384453    0.826443  -0.00818439  -6.26439e-05
2510   0.0379555    0.826354   -0.106196  4.91377e-05
2520   0.0374625    0.826265    0.147062  -8.8352e-05
2530   0.0397226    0.826673    0.638617  -0.000185389
2540   0.0411703    0.826935    0.596618  -0.000185868
2550   0.0434399    0.827344   -0.191389  -0.000191399
2560   0.0449983    0.827626   -0.768164  -2.81023e-05
2570    0.044002    0.827446   -0.177348  0.000417587
2580   0.0366465    0.826118   -0.430222  0.000469598
2590     0.03461    0.825751     0.62474  -0.000325487
2600   0.0431563    0.827293   -0.205663  -0.000217553
2610   0.0389611    0.826536    0.568385  9.03169e-05
2620   0.0413499    0.826967   0.0474304  -3.29567e-05
2630   0.0396202    0.826655   -0.248074  0.000436889
2640   0.0326121     0.82539    0.694451  -0.000121094
2650   0.0420421    0.827092     0.10325  -0.000322367
2660   0.0390595    0.826554   -0.163623  9.10103e-05
2670   0.0402219    0.826763    0.131374  -1.9649e-06
2680   0.0390988    0.826561  -0.0934049  0.000127913
2690   0.0376636    0.826302      0.1734  0.000159532
2700   0.0359081    0.825985   -0.473553  -5.39755e-05
2710   0.0387431    0.826497   -0.487909  3.49214e-05
2720   0.0352097    0.825859   -0.979464  0.000557934
2730   0.0275844    0.824482   -0.599907  0.000113812
2740   0.0329335    0.825448   -0.177938  -0.00026281
2750   0.0328407    0.825431   -0.122283  8.81208e-05
2760    0.031171     0.82513   -0.164158  5.14492e-05
2770   0.0318117    0.825245    -1.23351  6.76138e-05
2780   0.0298188    0.824886   -0.783042  -3.26924e-05
2790   0.0324655    0.825363   -0.361308  -0.000291375
2800   0.0356463    0.825938   0.0180164  0.000178751
2810   0.0288905    0.824718   0.0463589  4.61657e-05
2820   0.0347229    0.825771    -0.40398  0.000116174
2830    0.026567    0.824299     0.25722  0.000264131
2840   0.0294403    0.824817    0.158356  -0.000175978
2850   0.0300866    0.824934   -0.333693  0.000169852
2860   0.0260433    0.824204    0.341629  0.000122019
2870   0.0276462    0.824494   0.0742346  0.000160061
2880   0.0228421    0.823626    0.734953  0.000256388
2890   0.0225185    0.823568    0.299342  -9.08617e-05
2900   0.0246593    0.823954    0.327108  -4.80643e-05
2910   0.0234797    0.823742   0.0457407  0.000161167
2920    0.021436    0.823373   -0.179243  -0.00020436
2930   0.0275669    0.824479     0.45305  0.000118931
2940   0.0190574    0.822943    0.284944  4.90388e-06
2950   0.0274689    0.824462   -0.376475  -0.000139702
2960   0.0218514    0.823448   0.0734241  -4.36724e-05
2970   0.0283423    0.824619   0.0311101  6.0002e-05
2980   0.0206514    0.823231   -0.235764  0.000216496
2990   0.0240124    0.823838   -0.165752  -5.92425e-05
3000   0.0218362    0.823445    0.185848  0.00014705
3010   0.0210714    0.823307   -0.742211  -0.000288469
3020   0.0276056    0.824486   0.0303953  -7.04868e-05
3030   0.0224811    0.823561   -0.067698  0.000376639
3040   0.0200728    0.823127   0.0869715  2.76399e-05
3050   0.0219283    0.823462   -0.461653  -0.000235088
3060   0.0247746    0.823975    0.424007  -5.44378e-05
3070   0.0230171    0.823658    0.283351  2.20096e-05
3080   0.0243344    0.823896   0.0726283  -1.09305e-05
3090   0.0232357    0.823698  -0.0546469  0.000264627
3100   0.0190418    0.822941   -0.574475  0.000154794
3110   0.0201398    0.823139    0.184695  -0.000253581
3120   0.0241134    0.823856    0.339131  2.27195e-05
3130   0.0196854    0.823057  -0.0826867  -6.6458e-05
3140   0.0254426    0.824096    0.844383  0.000317331
3150   0.0133388    0.821911  -0.0964667  0.000288981
3160    0.019663    0.823053    0.338869  -0.000460682
3170   0.0225525    0.823574    0.254157  0.000541769
3180   0.0088276    0.821097  -0.0681657  0.000447225
3190    0.013608     0.82196    0.367542  -0.000339027
3200   0.0156081    0.822321    0.408978  0.000102453
3210   0.0115589     0.82159   0.0715431  -7.1527e-05
3220   0.0170387    0.822579    0.211636  -0.000166715
3230   0.0148932    0.822192   0.0851996  -0.000100224
3240   0.0190431    0.822941   -0.153949  -0.000156412
3250   0.0180214    0.822756    0.366237  0.00027734
3260   0.0134963     0.82194   -0.631984  -0.000100851
3270   0.0200385     0.82312    0.506522  -4.37219e-05
3280   0.0143708    0.822097    0.366224  0.000250163
3290   0.0150352    0.822217    0.689535  0.000194536
3300   0.0104801    0.821395     0.36621  8.67504e-05
3310   0.0133002    0.821904  -0.0978678  -0.000219914
3320   0.0148783    0.822189    0.703369  4.71893e-05
3330   0.0123564    0.821734    0.210977  -0.000107158
3340   0.0170215    0.822576    -0.23943  3.05294e-05
3350   0.0117458    0.821624    0.675233  7.55887e-05
3360   0.0155097    0.822303    0.393729  -3.83062e-05
3370   0.0125119    0.821762    0.449934  -0.000285926
3380   0.0212283    0.823335   -0.337813  -0.000245721
3390   0.0174264    0.822649    0.168168  0.000525026
3400   0.0107277     0.82144    -0.15491  7.61831e-05
3410   0.0159027    0.822374   0.0978804  -9.62114e-05
3420    0.012652    0.821787    0.618163  5.34306e-05
3430   0.0148341    0.822181    -0.87219  0.000361317
3440  0.00542562    0.820483    0.801464  0.000344145
3450  0.00795119    0.820939    0.491548  -0.000171602
3460  0.00885766    0.821102    0.153894  -0.000189698
3470   0.0117452    0.821624    0.364781  -4.42173e-05
3480    0.009742    0.821262    0.252482  0.000177183
3490   0.0082015    0.820984  -0.0429539  -0.000372346
3500   0.0171889    0.822606    0.786448  -5.61715e-05
3510  0.00932493    0.821187     1.03951  0.000417852
3520   0.0088319    0.821098    0.927063  -7.99313e-05
3530   0.0109236    0.821475    0.800159  -9.3454e-06
3540  0.00901881    0.821131     1.22231  -0.000304551
3550   0.0170146    0.822575     1.16526  -0.000198383
3560   0.0129865    0.821848     0.37815  0.000148981
3570   0.0140349    0.822037    0.841801  -0.000175928
3580    0.016505    0.822483    0.700967  0.000393398
3590  0.00616697    0.820617    0.687406  0.000351872
3600  0.00946758    0.821212    0.813884  -0.000288832
3610   0.0119436    0.821659     1.10873  3.21475e-05
3620  0.00882463    0.821096     1.37595  0.000413938
3630  0.00366485    0.820165    0.659256  -8.13017e-05
3640   0.0104507     0.82139     0.61679  -0.000188427
3650  0.00743339    0.820845    0.897457  0.000206292
3660  0.00632482    0.820645     1.33353  4.47787e-05
3670  0.00653782    0.820684      1.1084  4.49603e-05
3680  0.00542562    0.820483     1.06628  3.91153e-05
3690  0.00575551    0.820542     1.30562  9.36191e-05
3700  0.00355323    0.820145     1.05248  4.51584e-05
3710  0.00485234    0.820379     1.41779  -0.000523689
3720    0.014027    0.822035     1.58543  -0.000112079
3730  0.00709392    0.820784     1.05208  0.000590989
3740  0.00220723    0.819902    0.602048  6.36346e-05
3750  0.00582123    0.820554      1.3184  -1.4629e-05
3760  0.00249981    0.819955     1.37504  -9.21332e-06
3770  0.00600549    0.820588     1.54352  0.000468327
3780  -0.00686672    0.818264    0.855499  -0.000131793
3790  0.00864136    0.821063     1.72591  -0.000277208
3800  -0.00132256    0.819265     1.67001  0.000223811
3810  0.00416514    0.820255      1.0231  -0.000340496
3820  0.00548737    0.820494     1.33212  0.000212847
3830  -9.18029e-05    0.819487    0.868633  7.09656e-05
3840  0.00406806    0.820238     1.54297  -2.22903e-06
3850  -4.72223e-05    0.819495     1.19193  -4.61656e-05
3860  0.00499137    0.820404     1.61342  -0.000157287
3870  0.00309851    0.820063     1.23368  0.00033262
3880  -0.00166104    0.819204     1.19175  0.000258666
3890  -0.00207481    0.819129     1.20626  -0.000164155
3900  0.00162207    0.819796    0.825563  -1.7502e-06
3910  -0.00203981    0.819135    0.249845  1.63132e-05
3920  0.00129581    0.819737    0.699168  -0.000246316
3930  0.00288651    0.820025    0.515963  0.000192093
3940  -0.00254604    0.819044     0.36172  0.000122943
3950  0.000427643    0.819581    0.811632  -0.000121474
3960  -0.00011657    0.819483    0.713222  8.60404e-05
3970  -0.00129317     0.81927     0.54399  -5.90609e-05
3980  0.00106465    0.819696    0.206597  4.24341e-06
3990  -0.00137803    0.819255    0.516046  0.00035884
4000  -0.00611216      0.8184    0.952096  0.00017573
4010  -0.00489263     0.81862    0.853384  -1.15579e-06
4020  -0.00608904    0.818404    0.811509  -1.40842e-05
4030  -0.00461095    0.818671    0.670673  -6.52032e-05
4040  -0.00478498     0.81864    0.965889  -6.55499e-05
4050  -0.00329995    0.818908    0.417182  8.8286e-05
4060  -0.0065507    0.818321    0.895548  0.000428072
4070  -0.0118614    0.817363    0.769207  -3.33694e-05
4080  -0.00588331    0.818442    0.136007  -0.000283516
4090  -0.00619108    0.818386    0.923039  -0.00030427
4100  0.000202098     0.81954    0.557509  -2.7062e-05
4110  -0.00564984    0.818484     1.48603  0.000249948
4120  -0.00479686    0.818638    0.656083  0.000141155
4130  -0.00847294    0.817974   -0.201372  -8.59909e-05
4140  -0.00307705    0.818948    0.459278  0.000116273
4150  -0.0107984    0.817554    0.740618  -1.73368e-06
4160  -0.00304237    0.818954     0.82474  -0.000183226
4170  -0.00713388    0.818216   -0.159345  0.000174607
4180  -0.00653451    0.818324    0.402757  -6.00351e-05
4190  -0.00593317    0.818433    0.374771  -0.000184745
4200  -0.00283961    0.818991    0.768012  -8.02615e-05
4210  -0.00432794    0.818722   0.0509378  -0.000140197
4220  -3.56644e-05    0.819497   0.0367741  0.000104038
4230  -0.0064087    0.818347   -0.047224  0.000288337
4240  -0.0058024    0.818456    0.486577  5.82354e-05
4250  -0.00757341    0.818137    0.683562  0.000104665
4260  -0.00789571    0.818078     0.30384  0.000191548
4270  -0.0114044    0.817445    0.950846  -0.000207184
4280  -0.00375203    0.818826    0.162799  -8.70311e-05
4290  -0.00966374    0.817759    0.303523  0.000271842
4300  -0.00918887    0.817845   -0.385428  0.000199869
4310  -0.0136611    0.817038  -0.0336087  3.9396e-05
4320  -0.00997679    0.817703    0.542521  -5.36948e-05
4330  -0.0125872    0.817232     0.55685  -0.000114902
4340  -0.00767875    0.818118    0.499753  -5.39919e-05
4350  -0.0115074    0.817427   0.0502104  0.000464364
4360   -0.016966    0.816441    0.345509  0.000263075
4370  -0.0167689    0.816477    0.275387  -0.000121127
4380  -0.0145435    0.816878   -0.259252  0.000237928
4390  -0.0215274    0.815618  -0.00588424  0.000244582
4400  -0.0194351    0.815996  -0.0621849  -8.71302e-05
4410  -0.0197848    0.815932    0.373206  0.00011018
4420  -0.0216387    0.815598    0.626436  0.000281138
4430  -0.0254076    0.814918    0.626739  4.25331e-05
4440  -0.0224894    0.815444    0.429644  0.000139289
4450  -0.0281934    0.814415   0.0218953  0.000406607
4460  -0.0306215    0.813976    0.331056  -0.000141832
4470  -0.0253567    0.814927     0.92124  -0.000369011
4480  -0.0232413    0.815309   -0.119639  -3.92969e-05
4490  -0.0245708    0.815069    0.288054  0.000326825
4500  -0.0297778    0.814129    0.344685  -5.33811e-05
4510  -0.0235032    0.815261   -0.344843  3.0051e-06
4520  -0.0298379    0.814118    0.526887  0.000238192
4530   -0.028267    0.814401   -0.316844  0.000476715
4540  -0.0393722    0.812397    0.358245  0.000414467
4550  -0.0365564    0.812905     1.14602  -9.24636e-06
4560  -0.0391873     0.81243  -0.0637503  1.12111e-05
4570  -0.0367806    0.812865   -0.387556  -9.35862e-05
4580  -0.0373156    0.812768   0.0205225  3.93961e-05
4590  -0.0375685    0.812723  -0.0922857  7.48623e-05
4600  -0.0388128    0.812498    0.118685  0.000124561
4610  -0.0400597    0.812273    0.301395  -0.000101429
4620  -0.0367842    0.812864  0.00609687  8.28702e-05
4630  -0.0417171    0.811974   0.0204262  0.000302504
4640  -0.0428343    0.811772   -0.626855  -0.000179659
4650  -0.0381239    0.812622   -0.261435  1.24166e-05
4660  -0.0430826    0.811727    0.484408  -9.65912e-06
4670  -0.0379308    0.812657    0.441502  -0.00022315
4680  -0.0386196    0.812533    0.581952  0.00017644
4690  -0.0414596     0.81202   0.0340822  -9.57986e-05
4700  -0.0367036    0.812879    0.778731  0.000141865
4710  -0.0442969    0.811508  -0.0367533  0.000141403
4720  -0.0395317    0.812368  -0.0226439  -0.00049212
4730  -0.0344545    0.813285    0.187598  -9.63435e-05
4740  -0.0376048    0.812716    0.286297  0.000359038
4750  -0.0416352    0.811989    0.286296   0.0001134
4760  -0.0398728    0.812307    0.679854  0.00023806
4770  -0.0463964    0.811129    0.581773  0.000442338
4780  -0.0487196     0.81071    0.469378  -0.000380635
4790  -0.0387837    0.812503    0.313844  0.00010909
4800  -0.0509014    0.810316    0.496842  0.000327337
4810  -0.0453305    0.811322   -0.149781  -0.000146901
4820  -0.0479634    0.810846   -0.262836  0.000212104
4830  -0.0495726    0.810556    0.384322  0.000375219
4840  -0.0554678    0.809492    0.581114  0.000154744
4850  -0.0526674    0.809997   -0.136139  -4.37714e-05
4860  -0.0545923     0.80965    0.721908  5.95398e-05
4870  -0.0538582    0.809782    0.271583  -2.90928e-05
4880  -0.0540105    0.809755     1.08701  0.000127021
4890  -0.0563987    0.809324    0.538538  0.000216661
4900  -0.0583437    0.808973    0.903918  -0.000238225
4910  -0.0516342    0.810184     1.25549  -0.0007174
4920  -0.0439957    0.811562    0.987861  0.000232562
4930  -0.0562854    0.809344     1.19922  0.000306698
4940  -0.0501296    0.810455     0.74863  -0.000338003
4950  -0.0495253    0.810564     1.35358  6.76302e-05
4960  -0.0514823    0.810211     1.11463  0.00020365
4970  -0.0535983    0.809829     1.49428  3.03147e-05
4980  -0.0520885    0.810102     1.24123  -0.00015131
4990  -0.0505721    0.810375     1.05787  -0.000332934
