Time   Number   
ps   
0           8         110
10           9         109
20           7         111
30           5         113
40           7         111
50           8         114
60           6         108
70           8         110
80           5         111
90           5         111
100           6         110
110           7         109
120           7         111
130           8         112
140           6         112
150           7         113
160           9         111
170           7         109
180           9         115
190           4         110
200           7         109
210           9         111
220           7         111
230           9         111
240           7         109
250           8         110
260           7         109
270           6         108
280           8         108
290           7         113
300           8         118
310           9         115
320           7         107
330           8         112
340          10         112
350           7         111
360           7         111
370           6         108
380           7         109
390           5         111
400           5         107
410           6         108
420           6         112
430           6         108
440           7         113
450           5         109
460           8         112
470           6         108
480           9         111
490           6         110
500           4         106
510           6         108
520           6         112
530           7         109
540           6         108
550           7         109
560           8         110
570           8         108
580           7         111
590           7         109
600           8         110
610           8         110
620           7         111
630           8         112
640           8         114
650           8         116
660           9         117
670           7         111
680           6         106
690           7         109
700           6         114
710           7         109
720           7         111
730           8         108
740           8         112
750           4         110
760           7         111
770           8         114
780           8         112
790           7         109
800           7         113
810           7         111
820           6         112
830           7         111
840           7         115
850           9         113
860           5         105
870           5         109
880           8         112
890           7         107
900           7         113
910           8         112
920           7         109
930           8         110
940           6         114
950           8         112
960           8         112
970           8         108
980           9         115
990           8         110
1000           7         111
1010           9         111
1020           7         107
1030           9         111
1040           8         114
1050           8         116
1060           8         114
1070          10         114
1080           8         108
1090           8         112
1100           7         109
1110           8         110
1120           7         111
1130          10         114
1140           8         112
1150           6         112
1160           7         111
1170           9         109
1180           8         112
1190           7         111
1200           9         111
1210          10         114
1220           7         107
1230           8         114
1240           8         110
1250           5         113
1260           7         111
1270           7         111
1280           7         111
1290           5         109
1300           8         116
1310           8         116
1320           9         115
1330           8         112
1340           9         113
1350           6         110
1360           7         111
1370          10         112
1380          11         113
1390           8         112
1400           9         113
1410           8         112
1420           9         113
1430           8         118
1440           8         110
1450          11         111
1460          11         113
1470          10         116
1480           9         113
1490           8         112
1500           7         109
1510           8         114
1520           7         111
1530           3         107
1540           6         112
1550           8         112
1560           9         109
1570           8         110
1580          10         112
1590           8         114
1600           8         114
1610           7         109
1620           9         111
1630           9         115
1640           6         110
1650           8         110
1660           7         111
1670           8         112
1680           8         112
1690           7         111
1700           6         110
1710           7         111
1720           9         117
1730          11         111
1740           8         114
1750           8         114
1760          11         113
1770           8         116
1780           7         113
1790           8         112
1800           9         111
1810           8         112
1820           8         114
1830           6         110
1840           8         110
1850           5         113
1860           8         116
1870           8         114
1880           8         114
1890           7         113
1900          10         116
1910           9         109
1920           7         109
1930           8         110
1940           9         109
1950           8         112
1960           9         113
1970           9         113
1980           7         115
1990           9         113
2000           7         117
2010           8         114
2020           8         116
2030           8         114
2040          11         119
2050          10         112
2060          11         113
2070           7         111
2080          10         118
2090           8         116
2100           6         112
2110           8         114
2120          10         116
2130           7         113
2140           7         111
2150           9         115
2160           9         111
2170           8         114
2180           8         116
2190           9         113
2200           6         114
2210           8         110
2220           8         108
2230           9         113
2240           7         111
2250           8         114
2260           6         114
2270           8         110
2280           8         116
2290           9         117
2300           9         113
2310           8         114
2320           8         116
2330           9         115
2340          10         112
2350          10         114
2360          10         114
2370           7         113
2380           7         117
2390           6         108
2400           8         112
2410           9         111
2420           9         115
2430           9         109
2440          11         113
2450           8         112
2460           8         112
2470           9         111
2480           9         111
2490           7         111
2500           6         110
2510           6         114
2520           6         116
2530           5         111
2540           7         109
2550           9         109
2560           8         114
2570           9         113
2580          10         114
2590           8         114
2600           9         119
2610           9         115
2620           8         120
2630           8         112
2640           9         113
2650          11         111
2660           8         116
2670          10         116
2680          10         116
2690           6         110
2700           5         113
2710          11         117
2720          11         119
2730          10         116
2740           7         109
2750           9         111
2760           8         112
2770           6         112
2780           6         110
2790           8         114
2800          10         112
2810           7         115
2820           6         114
2830           6         114
2840           9         115
2850           6         112
2860           5         115
2870           8         118
2880           7         115
2890           7         111
2900           7         111
2910           6         112
2920           9         113
2930           8         114
2940           8         110
2950           7         115
2960           9         115
2970           6         114
2980           7         109
2990           8         108
3000           7         113
3010           7         113
3020           8         114
3030           8         112
3040           8         116
3050           6         112
3060           6         112
3070           8         112
3080           6         110
3090           7         109
3100           5         111
3110           8         112
3120           8         112
3130           7         107
3140           7         109
3150           6         110
3160           9         115
3170           8         114
3180           9         117
3190           9         113
3200           7         111
3210           5         109
3220           7         109
3230           7         111
3240           4         108
3250           5         113
3260           8         114
3270           8         120
3280           8         114
3290           8         112
3300           9         113
3310          10         112
3320           9         113
3330           7         115
3340           8         114
3350           7         109
3360           6         112
3370           9         111
3380           7         113
3390           6         110
3400           6         114
3410           5         107
3420           6         108
3430           5         109
3440           5         109
3450           4         112
3460           6         108
3470           5         109
3480           4         110
3490           7         109
3500           7         113
3510           6         112
3520           8         114
3530           8         110
3540           5         107
3550           5         113
3560           7         111
3570           6         112
3580           6         110
3590           6         110
3600           6         110
3610           6         110
3620           5         111
3630           7         111
3640           9         109
3650           7         111
3660           8         112
3670           7         109
3680           7         107
3690           7         111
3700           9         111
3710           5         107
3720           7         111
3730           8         110
3740           7         111
3750           7         113
3760           9         113
3770           9         113
3780           8         114
3790           7         111
3800           9         111
3810           5         113
3820           8         110
3830           8         108
3840           7         111
3850           8         112
3860           6         108
3870           7         111
3880           8         110
3890          10         110
3900           7         107
3910           6         112
3920           7         113
3930           6         112
3940           5         107
3950           7         111
3960           6         110
3970           6         110
3980           8         108
3990           6         110
4000           7         107
4010           4         106
4020           5         109
4030           5         105
4040           5         107
4050           7         111
4060           5         111
4070           5         109
4080           6         108
4090           6         110
4100           7         107
4110           6         110
4120           5         107
4130           5         107
4140           8         112
4150           7         111
4160           7         109
4170           4         108
4180           6         106
4190           6         108
4200           5         107
4210           5         109
4220           6         108
4230           8         110
4240           6         110
4250           6         110
4260           7         111
4270           7         111
4280           6         108
4290           7         109
4300           5         105
4310           5         105
4320           6         106
4330           6         106
4340           7         107
4350           6         110
4360           6         110
4370           5         107
4380           5         107
4390           6         108
4400           4         106
4410           5         109
4420           6         106
4430           5         105
4440           5         107
4450           6         110
4460           8         110
4470           6         108
4480           6         108
4490           7         109
4500           6         108
4510           7         111
4520           6         108
4530           7         109
4540           8         110
4550           6         112
4560           8         108
4570           6         114
4580           8         108
4590           8         110
4600           6         106
4610           6         108
4620           7         111
4630           7         107
4640           7         107
4650           8         108
4660           6         108
4670           4         106
4680           7         113
4690           9         111
4700           6         110
4710           7         111
4720           7         107
4730           7         111
4740           8         110
4750           8         108
4760           7         107
4770           5         113
4780           8         108
4790           7         111
4800           6         108
4810           8         108
4820           5         111
4830           5         109
4840           9         109
4850           9         109
4860           6         106
4870           6         110
4880           7         107
4890           7         109
4900           6         110
4910           6         108
4920           5         111
4930           6         106
4940           6         108
4950           6         108
4960           8         112
4970           6         108
4980           6         108
4990           7         107
5000           6         106
5010           6         106
5020           7         111
5030           6         106
5040           5         111
5050           6         110
5060           7         107
5070           6         108
5080           5         107
5090           5         109
5100           7         107
5110           8         110
5120           8         112
5130           6         114
5140           8         110
5150           6         108
5160           6         108
5170           7         111
5180           5         111
5190           6         106
5200           7         111
5210           7         109
5220           6         112
5230           6         108
5240           7         111
5250           7         111
5260           6         110
5270           7         113
5280           7         113
5290           6         108
5300           7         107
5310           7         111
5320           7         113
5330           5         109
5340           5         105
5350           9         113
5360           7         109
5370           6         110
5380           6         110
5390           6         106
5400           6         108
5410           5         109
5420           9         109
5430           7         109
5440           6         110
5450           8         114
5460           9         113
5470           7         111
5480           6         106
5490           4         108
5500           6         110
5510           6         110
5520           4         114
5530           7         111
5540           5         107
5550           5         109
5560           4         108
5570           6         110
5580           5         109
5590           6         108
5600           6         110
5610           8         114
5620           5         105
5630           5         111
5640           6         112
5650           6         108
5660           7         111
5670           7         111
5680           7         111
5690           8         114
5700           8         110
5710          10         112
5720           7         107
5730           7         109
5740           6         108
5750           8         112
5760           8         110
5770           7         109
5780           5         113
5790           8         114
5800           7         111
5810           8         112
5820           9         111
5830           7         109
5840           8         110
5850           6         112
5860           8         114
5870           8         112
5880           7         115
5890           9         111
5900           6         112
5910           8         110
5920           8         116
5930           7         113
5940           8         108
5950           7         109
5960           7         111
5970           7         113
5980           9         115
5990           7         113
6000           7         109
6010           9         109
6020           8         110
6030           7         109
6040           7         111
6050           6         112
6060           6         108
6070           7         111
6080           6         108
6090           7         111
6100           6         112
6110           7         107
6120           5         107
6130           9         113
6140           7         111
6150           8         112
6160           8         110
6170           7         117
6180           6         110
6190           6         110
6200           7         109
6210           8         112
6220           7         111
6230           6         110
6240           8         114
6250           8         112
6260           7         109
6270           9         109
6280           7         113
6290           7         113
6300           7         115
6310          10         114
6320           9         111
6330           7         107
6340           6         108
6350           7         109
6360           8         110
6370           7         109
6380           5         109
6390           7         111
6400           8         110
6410           7         113
6420           6         106
6430           8         114
6440           8         110
6450           7         113
6460           7         109
6470           7         109
6480           8         114
6490           8         110
6500           6         110
6510           6         110
6520          10         112
6530           9         113
6540           8         112
6550           6         110
6560           5         109
6570           7         107
6580           8         110
6590           7         109
6600           8         112
6610           9         109
6620           8         116
6630           8         114
6640          10         112
6650           9         111
6660           7         113
6670           7         113
6680           7         113
6690           8         116
6700          10         114
6710           8         118
6720          10         114
6730           9         109
6740           8         112
6750          12         114
6760           8         116
6770           7         109
6780           6         114
6790           7         111
6800           8         118
6810           9         115
6820           7         111
6830           7         113
6840           7         111
6850           7         113
6860           7         107
6870           8         112
6880           5         107
6890           7         109
6900           9         115
6910           9         111
6920           8         116
6930           9         113
6940           6         110
6950           8         112
6960           6         110
6970           9         115
6980           6         112
6990           8         114
7000           8         114
7010           7         113
7020           5         109
7030           7         111
7040           4         110
7050           6         110
7060           6         112
7070           6         110
7080           5         105
7090           6         110
7100           6         112
7110           8         114
7120           5         107
7130           3         109
7140           6         112
7150           7         111
7160           5         111
7170           7         109
7180           8         110
7190           6         108
7200           7         109
7210           7         111
7220           7         109
7230           6         106
7240           7         113
7250           8         108
7260           7         109
7270           6         108
7280           7         109
7290           7         109
7300           7         109
7310           7         111
7320          11         111
7330          10         112
7340           8         116
7350           6         110
7360           7         111
7370           9         111
7380           7         109
7390           8         116
7400           8         114
7410           8         114
7420           7         111
7430           8         110
7440           7         111
7450           9         117
7460           6         108
7470           6         112
7480           7         111
7490           8         116
7500           9         115
7510           7         113
7520           8         116
7530           6         112
7540           7         109
7550           8         112
7560           6         108
7570           8         112
7580          10         114
7590           9         115
7600           9         111
7610           7         113
7620           8         112
7630           8         116
7640           9         109
7650           9         111
7660           7         113
7670           9         113
7680           8         114
7690           7         111
7700           7         109
7710          10         112
7720           7         109
7730           8         114
7740           7         111
7750           7         113
7760           9         113
7770          10         110
7780           6         118
7790          10         114
7800           9         113
7810           6         114
7820           6         108
7830           6         116
7840          10         112
7850           8         108
7860           7         111
7870           6         110
7880           6         114
7890           6         110
7900           8         108
7910           5         109
7920           7         109
7930           6         112
7940           6         108
7950           7         109
7960           4         108
7970           5         109
7980           7         111
7990           7         111
8000           6         108
8010           6         116
8020           7         109
8030           8         110
8040           8         116
8050           5         109
8060          10         112
8070           6         114
8080           6         108
8090           8         112
8100          10         116
8110           8         116
8120           8         112
8130           8         112
8140          10         112
8150           8         116
8160           6         112
8170           6         110
8180           7         113
8190           7         113
8200           7         115
8210           7         113
8220           7         107
8230           7         109
8240           6         114
8250           7         111
8260           6         110
8270           7         115
8280           8         114
8290           7         111
8300           8         112
8310           6         110
8320           5         113
8330           7         107
8340           6         108
8350           7         113
8360          10         112
8370           5         113
8380           7         115
8390           5         115
8400          10         112
8410           6         106
8420           8         114
8430           8         114
8440           7         111
8450           6         112
8460           5         107
8470           6         112
8480           7         109
8490           6         106
8500           8         116
8510           7         111
8520           5         111
8530           7         111
8540           5         107
8550           7         109
8560           6         110
8570          11         117
8580           9         113
8590           8         114
8600           7         109
8610           9         115
8620          10         114
8630           9         111
8640           6         110
8650           6         112
8660           6         112
8670           6         106
8680           8         112
8690           8         110
8700           8         110
8710           7         109
8720           8         108
8730           7         111
8740           6         112
8750           8         112
8760           7         111
8770           8         112
8780           7         109
8790           7         109
8800           8         112
8810           7         109
8820           6         110
8830           8         108
8840           7         113
8850           8         116
8860           9         109
8870           8         114
8880           8         114
8890           9         115
8900           5         109
8910           6         112
8920           6         112
8930           7         111
8940           8         112
8950           6         110
8960           6         108
8970           6         110
8980           5         111
8990           7         111
9000           7         111
9010          10         110
9020           7         109
9030           5         105
9040           8         110
9050           7         113
9060           5         107
9070           6         112
9080           7         113
9090           7         111
9100           6         108
9110           8         112
9120           6         110
9130           7         111
9140           6         108
9150           6         110
9160           5         107
9170           7         115
9180           6         112
9190           7         111
9200           8         114
9210           6         110
9220           6         112
9230           6         108
9240           7         109
9250           7         113
9260           6         108
9270           7         113
9280           8         112
9290           6         108
9300           9         113
9310           8         114
9320           7         109
9330           8         108
9340           9         111
9350           7         109
9360           6         112
9370           8         112
9380           5         109
9390           8         110
9400           7         109
9410           7         109
9420           6         110
9430           7         109
9440           6         110
9450           6         116
9460           6         112
9470           8         114
9480           7         115
9490           6         108
9500           6         112
9510           7         107
9520           7         113
9530           8         114
9540           9         113
9550           9         111
9560           7         109
9570           7         111
9580           6         108
9590           6         112
9600          10         114
9610           6         112
9620           7         115
9630           7         117
9640           8         110
9650           7         113
9660           8         112
9670           7         113
9680           9         111
9690           7         115
9700           6         114
9710           7         111
9720           7         111
9730           8         114
9740           7         113
9750           7         111
9760           7         113
9770           7         109
9780           8         112
9790           7         113
9800           7         111
9810           8         112
9820           7         111
9830           9         115
9840           8         112
9850           6         112
9860           6         110
9870           7         111
9880           8         114
9890           6         112
9900           6         112
9910           7         109
9920           7         109
9930           6         112
9940           8         116
9950           9         111
9960           8         114
9970           7         111
9980           8         112
9990           7         111
10000           6         106
