Time   C(t)   
ps   
0           1           1  1.20174e-09   0.0282946
10     0.71729    0.842255    0.948389   0.0150075
20    0.699851    0.832524    -2.40394  0.00172035
30    0.682884    0.823057    -3.15379  0.00150039
40    0.669843    0.815781    -1.59199  0.000990295
50    0.663078    0.812006    -2.75024  0.000982428
60    0.650194    0.804817   0.0257629   0.0010961
70    0.641156    0.799774    -2.16917  0.000894618
80    0.632302    0.794834    -1.30374  0.000564721
90    0.629861    0.793472    -4.13728  0.00031586
100    0.625985    0.791309     -1.5938  0.000357345
110    0.622714    0.789484    -1.42141  0.000516775
120    0.615649    0.785542    -1.88397  0.000640589
130    0.609903    0.782336   -0.669931  0.000544488
140     0.60476    0.779466    -3.32883  0.000525117
150      0.5994    0.776476    0.775156  0.000428501
160     0.59619    0.774684    -1.24812  0.000450072
170    0.590399    0.771453    -2.34522  0.000610536
180    0.583979    0.767871    0.196456  0.000498295
190    0.580433    0.765892   -0.901659  0.000654295
200    0.570893    0.760569    -2.05675  0.000650167
210     0.56743    0.758637   -0.669818  0.00042944
220    0.562304    0.755777    -1.42124  0.00047681
230    0.557893    0.753316   -0.150122  0.000265387
240    0.556996    0.752815    -1.88447  0.000354314
250    0.550807    0.749362    -2.17408  0.00053646
260    0.546267    0.746829   -0.903635  0.000293341
270     0.54494    0.746088    0.310458  0.000502262
280    0.536222    0.741224    -0.26672  0.000336254
290    0.538215    0.742336  -0.0936569  0.000175875
300    0.532704    0.739261     2.85236  0.000426385
310    0.529687    0.737578    0.367204  0.00041694
320    0.524366    0.734608     1.00378  0.000281671
330    0.524054    0.734434    0.773237  0.000319168
340    0.517982    0.731047   0.0788418  0.000293353
350    0.518187    0.731161    0.714516  0.000268039
360    0.512622    0.728055   -0.903635  0.000467855
370     0.50883     0.72594  -0.0953497  0.000284925
380    0.506923    0.724876    0.308764  0.000275096
390    0.503328     0.72287   -0.441984  0.000396731
400    0.498988    0.720448     2.21511  0.000418624
410    0.494955    0.718198    0.078954  0.000145029
420    0.496088     0.71883     1.11739  0.000129737
430    0.492361     0.71675    0.828517  0.000431252
440    0.487463    0.714017     1.98479  0.000442687
450    0.483507     0.71181     1.29231  0.000231662
460     0.48283    0.711432     1.69631  4.12703e-05
470    0.482682     0.71135      2.3889  0.000174165
480    0.479346    0.709489    0.828573  0.000238195
490    0.477918    0.708692    0.885433  0.000302695
500    0.473292    0.706111     2.27338  0.000372417
510    0.470469    0.704536    0.018088  0.000149247
520    0.470307    0.704445    0.480247  0.000309916
530    0.464271    0.701077     1.80958  0.000417183
540    0.461964     0.69979       2.098  0.000236288
550    0.459545     0.69844     1.28989  0.000381407
560    0.454336    0.695533    0.191602  8.17746e-05
570     0.45791    0.697528     1.05686  -3.56689e-05
580    0.455049    0.695931    0.537107  0.000323957
590    0.451431    0.693912    0.362577  0.000405309
600    0.446943    0.691408     1.57701  0.000276934
610    0.445892    0.690822     1.17165  -1.34811e-05
620    0.447212    0.691559   -0.736329  0.000337423
630    0.439144    0.687057   -0.446216  0.000705056
640    0.433111    0.683691    0.652802  0.000355096
650    0.432042    0.683094    -1.54394  0.000166623
660    0.429779    0.681831   0.0154909  0.000280736
670    0.426427    0.679961    -1.66053  -4.42788e-05
680    0.430664    0.682325     1.22727  5.37962e-05
690    0.425351    0.679361   -0.448587  0.00076032
700    0.415458    0.673841   -0.735595  0.000326218
710    0.418827     0.67572    -2.24059  2.7898e-05
720      0.4149    0.673529   -0.389864  0.000218512
730    0.414456    0.673282    -2.64521  8.8124e-05
740    0.413138    0.672546    0.764829  0.000268666
750    0.409083    0.670284    -1.43191  0.000340216
760    0.406333    0.668749    -3.28038  0.00013833
770    0.406316     0.66874    -2.99269  -3.12358e-05
780    0.406958    0.669098    -2.70484  0.000105985
790    0.404197    0.667557    -1.49074  0.000419351
800    0.398571    0.664418    -1.20086  0.000370581
810    0.396785    0.663422   -0.796236  0.000184292
820    0.394885    0.662362    -1.08556  0.000234343
830    0.392098    0.660806    -3.05057  8.45492e-06
840    0.394716    0.662267    -2.18486  0.000130334
850    0.389492    0.659352   -0.566087  0.000274044
860    0.389235    0.659209   -0.161352  0.000335886
870    0.382774    0.655604   -0.854732  0.000358435
880    0.382066    0.655209    -1.37544  0.000187437
890    0.379025    0.653512    -1.54834  0.000326681
900    0.375533    0.651563    -2.18429  6.0302e-05
910    0.377819    0.652839    -2.35865  -5.06446e-05
920    0.376546    0.652129   -0.683138  0.000127488
930    0.375269    0.651416    -2.30106  0.00011663
940    0.374213    0.650827    0.472628  0.000211862
950    0.371032    0.649052   -0.510188  0.000212209
960    0.369969    0.648459     -1.6668  0.000112025
970    0.368792    0.647802    -1.55088  0.000117847
980    0.367612    0.647144   -0.510864  0.000286485
990    0.363062    0.644605   -0.106299  0.000354391
1000    0.360524    0.643189   -0.684153  0.000192158
1010    0.359219    0.642461   -0.740901  0.000141953
1020    0.357685    0.641605    -2.53414  0.000192992
1030    0.355359    0.640307    -1.08861  0.000278056
1040    0.352124    0.638502   -0.741633  0.000301231
1050    0.349334    0.636945    -3.34288  0.000347187
1060     0.34518    0.634627    -2.76457  0.000404523
1070    0.341244    0.632431    -4.15054  0.000258026
1080     0.34002    0.631748    -3.86235  7.14496e-05
1090    0.339815    0.631634    -1.60977  0.000196673
1100    0.336086    0.629553    -2.53369  0.000265168
1110    0.334511    0.628675    -2.41732  8.93474e-05
1120    0.334299    0.628556    -2.41941  0.000163776
1130    0.331236    0.626847    -3.68985  0.000238173
1140    0.329536    0.625898    -3.68963  0.000233062
1150    0.326575    0.624246    -4.44071  0.000330789
1160     0.32292    0.622207    -3.74767  0.000245565
1170    0.321663    0.621506    -4.49831  0.000206126
1180    0.318798    0.619907    -5.13539  0.000315589
1190    0.315352    0.617984    -6.63779  0.000161083
1200    0.315576    0.618109    -4.96171  5.23478e-05
1210    0.314305      0.6174    -5.01896  0.00014458
1220    0.312684    0.616496    -4.32682  0.000116037
1230    0.311984    0.616105    -5.02043  8.16837e-05
1240    0.311051    0.615584    -4.84759  9.34392e-05
1250    0.310115    0.615062    -4.03897  4.15906e-05
1260    0.310219     0.61512    -3.11493  0.000221317
1270    0.305689    0.612592    -4.21198  0.000238933
1280     0.30544    0.612454    -3.98121  3.65168e-05
1290    0.304958    0.612185    -4.27092  8.89137e-05
1300    0.303662    0.611461    -5.60015  0.000281137
1310    0.299336    0.609047    -4.79051  0.00016509
1320     0.30036    0.609619     -4.0973  0.000142422
1330    0.296487    0.607458    -4.73342  0.000393564
1340    0.292489    0.605227    -3.69245  0.000318472
1350    0.290118    0.603904    -5.65701  0.000178833
1360    0.288912    0.603231    -6.06219  6.79731e-05
1370    0.288758    0.603145    -6.12001  3.29822e-05
1380    0.288253    0.602863    -6.00482  0.00022686
1390    0.284221    0.600614    -5.59986  0.00019781
1400    0.284296    0.600656    -6.12012  -6.0536e-05
1410    0.285432    0.601289    -8.20196  9.26152e-05
1420    0.282444    0.599622    -6.87161  0.000228319
1430    0.280865    0.598741    -5.77456  0.000264388
1440    0.277156    0.596672    -4.67628  0.000312206
1450    0.274621    0.595257    -6.46704  9.38758e-05
1460    0.275279    0.595624    -5.83261  0.000248444
1470    0.269652    0.592485    -6.06276  0.000207141
1480    0.271136    0.593313    -6.58432  0.000101061
1490    0.267631    0.591357    -5.42737  0.000112869
1500    0.268879    0.592053    -7.68288  0.000113431
1510    0.265363    0.590091    -6.23672  0.000155178
1520    0.265775    0.590321    -7.85668  5.42596e-05
1530    0.264277    0.589486    -6.87392  0.000173855
1540    0.262298    0.588381    -7.85651  0.000210127
1550    0.260075    0.587141    -7.39356  0.000192624
1560    0.258445    0.586232    -4.79378  7.31468e-05
1570    0.258612    0.586325    -6.46998  0.000193557
1580    0.254574    0.584072    -8.20258  0.000211799
1590    0.254376    0.583961    -7.33727  0.000212531
1600    0.250324      0.5817    -6.00658  0.000381594
1610    0.246744    0.579703    -6.52633  0.000279925
1620    0.244725    0.578576    -6.70012  0.000129651
1630    0.244151    0.578256    -8.60731  6.35013e-05
1640    0.243455    0.577867    -8.37756  0.000160534
1650     0.24094    0.576464    -9.76353  0.000191144
1660    0.239632    0.575734    -9.30143  -9.97402e-05
1670    0.242935    0.577577    -9.99644  8.26552e-05
1680    0.237979    0.574812    -9.36066  0.000240593
1690    0.238123    0.574892    -10.6322  0.000150065
1700    0.234978    0.573137    -9.59239  0.000101434
1710    0.236095    0.573761    -11.5002  0.000224094
1720    0.230496    0.570637    -9.88058  0.000242575
1730    0.231243    0.571054    -11.0942   4.149e-05
1740    0.229666    0.570174    -11.0374  0.000274386
1750    0.225755    0.567991    -10.6897  4.16987e-05
1760    0.228832    0.569708    -11.5003  -5.60932e-05
1770    0.226877    0.568617    -10.4602  -6.26899e-05
1780    0.230086    0.570408    -11.0386  -6.86817e-05
1790    0.228251    0.569384    -10.5196  0.00053526
1800    0.219381    0.564435    -8.95807  0.000536109
1810    0.217529    0.563401    -9.70876  9.27225e-05
1820    0.217526      0.5634    -9.70972  0.000136397
1830    0.214801    0.561879      -10.23  0.000254303
1840     0.21244    0.560562    -9.65246  0.00013706
1850     0.21206     0.56035    -9.19008  0.000249369
1860    0.207453    0.557779     -9.4794  0.000305691
1870    0.205946    0.556938    -9.07483  5.12749e-05
1880    0.206427    0.557207    -8.78642  0.000101418
1890    0.203917    0.555806    -8.32318  0.00015766
1900    0.203274    0.555448    -9.48059  8.31671e-05
1910    0.202254    0.554878    -8.67123  0.000170971
1920    0.199855     0.55354    -7.86164  -5.42931e-05
1930     0.20334    0.555484     -8.6138  1.49608e-05
1940    0.199556    0.553373    -9.24914  0.000171601
1950    0.199908    0.553569    -8.49817  0.000184868
1960    0.195858     0.55131    -6.24496  0.000392864
1970    0.192051    0.549185    -6.87928  0.00028666
1980    0.190125    0.548111    -6.70678  0.000167569
1990    0.188699    0.547315    -5.20376  8.58486e-05
2000    0.188408    0.547153    -7.86255  6.0793e-05
2010    0.187483    0.546637     -6.1868  0.000143282
2020    0.185542    0.545554    -6.36066  0.000130885
2030    0.184866    0.545176    -5.03098  6.14129e-05
2040    0.184314    0.544868    -6.88047  0.000163355
2050    0.181599    0.543353    -5.14651  5.53556e-05
2060    0.183207    0.544251     -5.2045  9.40524e-05
2070    0.179718    0.542304    -7.05313  0.000240828
2080     0.17839    0.541563    -6.76426  0.000184019
2090    0.176037     0.54025    -7.57311  4.3568e-05
2100    0.177519    0.541077    -6.30267  0.000165715
2110    0.172723    0.538401    -6.64959  0.000197837
2120    0.173562    0.538869    -7.22716  0.000217978
2130    0.168363    0.535968    -6.76472  0.000231005
2140    0.168942    0.536291    -6.82293  -0.000180355
2150     0.17197    0.537981    -5.26356  0.000148324
2160    0.165976    0.534636    -6.30267  0.000173973
2170    0.168491    0.536039    -6.07235  -0.000116069
2180    0.168297    0.535931    -5.66835  0.000226673
2190    0.163958     0.53351    -7.11282  0.000110284
2200    0.166091    0.534701    -5.72611  -5.89117e-06
2210    0.164075    0.533576    -6.99825  0.000208348
2220    0.161924    0.532375    -6.13107  9.82136e-05
2230    0.162111     0.53248    -5.95824  0.000242003
2240    0.157084    0.529675    -6.24553  0.000170521
2250    0.158701    0.530577    -7.34539  -9.6488e-05
2260    0.159014    0.530752    -6.01656  0.000184473
2270    0.155011    0.528518    -5.32245  0.00011915
2280    0.156631    0.529422    -6.71006  7.39217e-05
2290    0.153533    0.527693    -6.76822  0.000146044
2300     0.15371    0.527792    -7.11502  1.51426e-05
2310     0.15323    0.527524    -6.82643  0.000192922
2320    0.149852    0.525639    -7.17222  0.000120689
2330    0.150816    0.526177    -7.92426  0.000378779
2340    0.142276    0.521412    -6.82451  0.000319663
2350    0.144423     0.52261    -5.32256  -0.000128914
2360    0.144855    0.522851    -6.47929  4.29437e-05
2370    0.143564    0.522131    -7.40344  0.00018896
2380    0.141075    0.520742     -6.5366  0.000149494
2390    0.140574    0.520463    -6.07382  0.000256488
2400    0.135946     0.51788    -6.71017  0.000316864
2410    0.134237    0.516926    -5.66987  9.10617e-05
2420    0.134124    0.516864     -6.3056  0.000151534
2430    0.131206    0.515235    -6.07416  0.000178497
2440    0.130554    0.514872    -5.20659  1.83627e-05
2450    0.130839    0.515031    -6.36376  0.000105664
2460    0.128441    0.513693    -3.82084  0.00031397
2470    0.124559    0.511527    -4.68695  0.000173465
2480    0.124972    0.511757    -6.01764  -8.6017e-07
2490    0.124577    0.511536    -5.90092  0.000100238
2500    0.122967    0.510638    -5.90189  0.000417759
2510    0.116222    0.506874    -4.80292  0.000242756
2520    0.118112    0.507929    -6.71034  -0.000155471
2530    0.119331    0.508609    -4.28413  0.000230477
2540    0.113502    0.505357    -5.14995  0.000223864
2550    0.114854    0.506111    -6.01837  6.4075e-07
2560     0.11349     0.50535     -4.8621  0.000143373
2570    0.111986    0.504511    -4.45781  0.000184644
2580    0.109797     0.50329     -4.0537  0.000212397
2590    0.107738    0.502141     -4.8045  0.000137791
2600    0.107041    0.501752    -4.11146  0.000281987
2610    0.102099    0.498994    -4.34201  0.000207093
2620    0.102899    0.499441    -4.80524  2.96142e-05
2630    0.101506    0.498664    -3.59103  -4.81233e-06
2640    0.102995    0.499494    -4.51659  2.2646e-06
2650    0.101461    0.498638    -3.70701  8.47455e-05
2660      0.1013    0.498549    -2.66717  9.19614e-05
2670   0.0996217    0.497612    -2.49405  0.00029938
2680   0.0953128    0.495208    -3.82293  0.000272349
2690   0.0941747    0.494573    -3.76517  0.000120889
2700    0.092895    0.493859    -3.76505  0.000225277
2710   0.0896692    0.492059    -4.28407  1.7364e-05
2720   0.0925477    0.493665    -6.30831  3.1732e-05
2730   0.0890345    0.491705    -5.38371  0.000135869
2740   0.0898303    0.492149    -6.36658  -9.9346e-06
2750   0.0892332    0.491816    -4.57424  4.58084e-05
2760   0.0889142    0.491638    -6.71322  0.000171857
2770   0.0857961    0.489898    -8.21556  0.000221191
2780   0.0844903    0.489169     -6.7135  -0.000156841
2790   0.0889329    0.491648    -6.65726  -3.74734e-05
2800   0.0852398    0.489587     -6.3095  0.000334648
2810   0.0822399    0.487914    -7.46521  0.000145456
2820   0.0823307    0.487964    -6.36794  0.000139025
2830   0.0794594    0.486362    -8.21658  0.000294594
2840   0.0764388    0.484677    -7.75464  0.000203447
2850   0.0753905    0.484092    -6.19414  0.000175812
2860   0.0729226    0.482715    -8.62109  0.000275532
2870   0.0698798    0.481017     -7.2922  0.000134199
2880   0.0702386    0.481217    -8.44808  0.000163269
2890   0.0666145    0.479195    -8.21624  0.000134966
2900   0.0675392    0.479711    -6.77273  -4.26732e-05
2910   0.0674679    0.479671    -7.17713  -2.8567e-05
2920   0.0681106     0.48003    -5.79042  9.29948e-05
2930    0.065608    0.478633    -5.90663  0.000243461
2940   0.0632414    0.477313    -6.07958  0.00017961
2950   0.0620158    0.476629    -7.29384  -5.68647e-05
2960   0.0643787    0.477947    -7.52534  9.43089e-05
2970   0.0601297    0.475577    -5.61776  0.000367876
2980   0.0570212    0.473842    -6.54258  -2.78007e-05
2990   0.0606857    0.475887    -6.48629  -0.000106877
3000   0.0591587    0.475035    -7.12123  -4.96622e-05
3010   0.0616789    0.476441    -7.58423  0.000182337
3020    0.055512       0.473      -8.219  0.000530506
3030   0.0510688    0.470521    -7.00485  3.80479e-05
3040    0.054751    0.472575    -9.26014  -0.000230471
3050   0.0556782    0.473093    -8.45192  0.000125736
3060   0.0522363    0.471172     -8.1041  0.00026443
3070   0.0503896    0.470142    -8.85569  -2.7029e-05
3080   0.0527769    0.471474    -9.02954  9.03059e-05
3090   0.0485835    0.469134    -6.83286  0.000192715
3100   0.0489226    0.469323     -6.6602  9.08291e-05
3110   0.0467669    0.468121    -6.13926  0.000157065
3120   0.0457813    0.467571    -6.42802  9.13527e-05
3130   0.0449399    0.467101    -5.73526  1.05513e-05
3140   0.0455702    0.467453    -6.71824  4.75977e-05
3150   0.0439879     0.46657    -5.90866  0.000210231
3160   0.0413656    0.465107    -4.86785  0.000107106
3170   0.0418458    0.465375    -4.52139  -0.000270541
3180   0.0467764    0.468126    -4.92748  -0.000100197
3190   0.0438497    0.466493      -3.945  0.000315433
3200   0.0404678    0.464606    -5.21708  4.81799e-05
3210   0.0428861    0.465955    -4.81207  0.000108407
3220   0.0382996    0.463396    -5.44746  0.000108228
3230   0.0407216    0.464747    -4.29248  -8.54453e-05
3240   0.0400085     0.46435    -4.06104  7.1406e-05
3250   0.0392935    0.463951    -3.36749  8.66257e-05
3260    0.038276    0.463383    -3.65641  3.42555e-05
3270   0.0386083    0.463568    -3.54162   0.0001699
3280    0.034878    0.461487    -3.54111  0.000124903
3290   0.0361103    0.462174    -4.40823  4.26358e-05
3300   0.0340253    0.461011    -4.58096  0.000231478
3310   0.0314807    0.459591    -5.56423  0.000216985
3320   0.0296856     0.45859    -3.25196  1.29897e-05
3330   0.0312209    0.459446    -3.54247  -1.70971e-05
3340   0.0300275     0.45878    -4.06211  5.10883e-05
3350   0.0301992    0.458876    -4.81353  1.32648e-05
3360   0.0297623    0.458632    -4.12055  0.00015057
3370   0.0271878    0.457196    -3.25298  1.33475e-05
3380   0.0294953    0.458483    -3.94782  9.79009e-05
3390   0.0252297    0.456103    -3.94715  0.000143693
3400   0.0266214     0.45688    -4.06318  -3.96101e-05
3410   0.0260219    0.456545    -4.87231  0.000198365
3420   0.0226541    0.454666    -3.48431  3.7097e-05
3430     0.02528    0.456131    -3.54343  3.76766e-05
3440   0.0219006    0.454246    -2.38749  6.82227e-05
3450   0.0239155     0.45537    -3.48583  -8.48444e-06
3460   0.0220703     0.45434    -2.73424  0.000122841
3470   0.0214587    0.453999    -2.90792  0.000123333
3480   0.0196036    0.452964    -2.15746  0.000294523
3490   0.0155683    0.450712    -2.67648  0.000248562
3500   0.0146324     0.45019    -4.17854  5.47629e-05
3510    0.014473    0.450101    -3.54349  4.71892e-05
3520   0.0136886    0.449664    -2.32979  -1.52464e-05
3530   0.0147779    0.450271    -1.98298  7.87875e-05
3540   0.0121129    0.448784    -2.79161  0.000172835
3550   0.0113212    0.448343    -1.57797  7.5046e-07
3560   0.0120978    0.448776    -2.09896  -3.05915e-05
3570   0.0119331    0.448684    -1.28989  -1.4998e-05
3580   0.0123978    0.448943    -2.27259  0.000292712
3590  0.00607883    0.445418    -1.40462  0.000308898
3600  0.00621984    0.445496    -3.19696  -0.000132848
3610   0.0087358      0.4469    -1.29085  -9.34303e-05
3620  0.00808845    0.446539     -1.5796  0.000199778
3630  0.00474023    0.444671    -1.34776  0.000176325
3640  0.00456194    0.444571    -3.48606  0.000185095
3650  0.00103832    0.442605    -2.27265  0.000273177
3660  -0.000901589    0.441523    -3.42796  0.000122366
3670   -0.001409     0.44124    -4.17916  -4.51916e-05
3680  2.24329e-06    0.442027    -4.06375  3.49713e-05
3690  -0.00210842    0.440849    -4.52641  -2.1386e-05
3700  0.000429964    0.442266    -4.18046  9.14755e-05
3710  -0.00393793    0.439829    -4.29519  0.000252269
3720  -0.00461541    0.439451    -4.87355  -4.73228e-06
3730  -0.00384329    0.439881    -4.18017  0.000156945
3740  -0.0077543    0.437699    -4.98812  0.000407902
3750  -0.0120013    0.435329    -3.31294  0.000117417
3760  -0.0101027    0.436389    -4.64205  -0.00014145
3770  -0.00917233    0.436908    -4.81568  0.000175094
3780  -0.0136045    0.434435    -4.35329  0.000118213
3790  -0.0115366    0.435589    -4.46887  -0.000141891
3800  -0.0107667    0.436018    -4.29491  0.00011081
3810  -0.0137528    0.434352    -4.00672  0.000200903
3820  -0.0147848    0.433776    -4.64273   3.777e-05
3830  -0.0145082    0.433931    -4.35386  -3.05246e-06
3840  -0.0147237     0.43381    -4.29666  0.000153142
3850   -0.017571    0.432222    -4.93149  9.57537e-05
3860  -0.0166388    0.432742     -5.8562  6.33783e-05
3870  -0.0188386    0.431514    -4.06538  0.000294717
3880  -0.0225331    0.429453    -3.48702  0.000229339
3890  -0.0234254    0.428955    -4.70021  4.79263e-05
3900  -0.0234917    0.428918    -3.94946  6.62841e-06
3910   -0.023558    0.428881    -4.70055  0.000106457
3920  -0.0256208     0.42773     -3.5454  0.000123328
3930  -0.0260245    0.427505    -3.60266  -2.63507e-05
3940  -0.0250938    0.428024    -3.77662  -7.64882e-05
3950  -0.0244947    0.428358    -3.83478  -0.000110244
3960  -0.0228889    0.429254    -5.27936  4.87996e-05
3970  -0.0254707    0.427814    -4.70151  0.000166222
3980  -0.0262134    0.427399    -4.93199  4.07344e-05
3990  -0.0262854    0.427359     -5.2788  3.24903e-05
4000  -0.0268632    0.427037    -5.10624  4.94378e-05
4010  -0.0272742    0.426807    -3.71926  5.80665e-05
4020  -0.0280245    0.426389    -5.16434  0.000142943
4030   -0.030133    0.425212    -5.27863  3.30057e-05
4040  -0.0286846    0.426021    -5.39506  -9.07993e-06
4050  -0.0299514    0.425314    -3.89249  7.57885e-05
4060  -0.0302004    0.425175    -4.75933  0.000101709
4070  -0.0319856    0.424179    -4.75955  0.000187384
4080  -0.0339481    0.423084    -4.23901  8.29212e-06
4090  -0.0321515    0.424086    -3.60441  6.14673e-08
4100  -0.0339493    0.423083    -4.87542  0.000197228
4110   -0.036096    0.421885    -4.12371  0.00013765
4120  -0.0367023    0.421547    -4.58626  4.35038e-05
4130  -0.0369661      0.4214    -5.39523  6.0948e-05
4140  -0.0379213    0.420867    -6.32084  -4.26572e-05
4150  -0.0361129    0.421876    -6.08951  -0.000103172
4160  -0.0358578    0.422018    -6.49475  0.000113214
4170  -0.0383772    0.420612    -5.74316  7.85872e-05
4180  -0.0374295    0.421141    -6.55274  0.000131379
4190  -0.0410048    0.419146    -5.04871  0.000114015
4200  -0.0397099    0.419869    -4.99196  -2.49246e-05
4210  -0.0405063    0.419424    -5.57032  0.000167301
4220  -0.0430559    0.418002    -4.64499  0.000141434
4230   -0.043335    0.417846    -5.74355  0.000238694
4240  -0.0478298    0.415338    -5.80024  0.000291945
4250  -0.0491739    0.414588    -5.56936  0.000161063
4260   -0.051051    0.413541    -5.62724  3.8013e-05
4270  -0.0499342    0.414164     -6.3786  3.84189e-05
4280  -0.0518194    0.413112    -5.74265  0.000144559
4290  -0.0528253    0.412551    -6.72552  0.000154026
4300  -0.0548999    0.411393     -6.8411  -3.21671e-05
4310   -0.052182     0.41291    -6.43721  -0.000103087
4320  -0.0528382    0.412543    -5.68624  0.000119228
4330  -0.0545666    0.411579    -6.49503  0.000164225
4340  -0.0561227    0.410711    -6.49464  5.74123e-05
4350  -0.0557148    0.410938    -5.68613  0.00010262
4360  -0.0581751    0.409566    -4.99247  -1.40367e-05
4370  -0.0554341    0.411095    -5.74446  4.03659e-05
4380  -0.0589824    0.409115    -5.97539  0.000166166
4390  -0.0587574    0.409241    -6.84257  0.000112901
4400  -0.0612404    0.407855    -6.66939  4.97315e-05
4410   -0.059752    0.408686    -5.62966  -4.10453e-06
4420  -0.0611583    0.407901    -5.97624  7.73322e-05
4430  -0.0612987    0.407823     -6.4969  -3.14301e-05
4440  -0.0605297    0.408252    -6.95968  0.000114333
4450  -0.0635853    0.406547    -6.90158  0.000132669
4460  -0.0631831    0.406771    -6.61248  6.02882e-05
4470  -0.0647911    0.405874    -7.42031  3.28351e-05
4480  -0.0638398    0.406405    -6.43879  1.48457e-05
4490   -0.065088    0.405708    -7.36311  6.06701e-05
4500  -0.0650532    0.405728     -7.1905  -1.26984e-05
4510  -0.0648341     0.40585     -7.2481  0.000291825
4520  -0.0708897    0.402471    -6.20757  3.34408e-05
4530  -0.0655029    0.405477    -7.01778  -0.000122857
4540  -0.0684326    0.403842    -6.72834  0.000182163
4550  -0.0691461    0.403444    -7.59552  8.07956e-05
4560  -0.0700485    0.402941    -6.78633  5.31126e-05
4570  -0.0702084    0.402851    -7.01761  -0.000133243
4580  -0.0673836    0.404427    -7.01817  -8.67005e-05
4590  -0.0684744    0.403819    -7.07582  -4.0577e-05
4600  -0.0665721     0.40488    -7.07627  -2.91914e-06
4610   -0.068416    0.403851     -7.3656  0.000175335
4620  -0.0700788    0.402924    -7.59597  5.35745e-05
4630  -0.0694875    0.403254    -7.94368  -4.9809e-05
4640  -0.0690826    0.403479    -8.63756  0.000176854
4650  -0.0730246     0.40128    -8.11634  -5.01804e-05
4660   -0.068079    0.404039     -8.5798  -0.00026776
4670  -0.0676694    0.404268    -7.88687  -3.02568e-06
4680  -0.0680185    0.404073    -8.11826  0.000139743
4690  -0.0704642    0.402709    -8.23334  -3.0525e-06
4700  -0.0679574    0.404107    -8.29228  9.30004e-05
4710  -0.0723242    0.401671    -7.48214  0.000274701
4720  -0.0734514    0.401042     -7.8871  -0.000184564
4730   -0.068633     0.40373    -7.71533  -0.000175107
4740  -0.0699493    0.402996    -7.42579  0.000237855
4750  -0.0733901    0.401076     -7.9452  0.000286821
4760  -0.0756857    0.399795    -8.17642  0.000191331
4770  -0.0772167    0.398941    -8.58025  -0.000127574
4780  -0.0731342    0.401219    -8.23542  -2.07424e-05
4790  -0.0768018    0.399172    -8.29274  0.00024102
4800  -0.0779546    0.398529    -8.17637  0.000125245
4810  -0.0793067    0.397775    -7.19422  0.000125726
4820  -0.0804691    0.397126     -8.1195  -1.07251e-05
4830  -0.0790922    0.397894    -6.84821  -0.000157532
4840  -0.0773185    0.398884    -6.67476  -9.91799e-05
4850  -0.0771086    0.399001    -8.00443  0.000156079
4860  -0.0804401    0.397142    -6.44432  8.73491e-05
4870  -0.0788556    0.398026    -5.92412  -9.95059e-05
4880    -0.07845    0.398253    -6.38684  -0.000159391
4890  -0.0756678    0.399805    -6.50322  -3.08745e-05
4900  -0.0778325    0.398597    -5.80837  0.000206967
4910  -0.0798071    0.397495    -6.61756  9.83093e-05
4920  -0.0797987      0.3975    -6.96442  5.89985e-05
4930  -0.0809871    0.396837    -7.19552  -2.0865e-05
4940  -0.0793814    0.397733    -6.56047  -9.07678e-05
4950  -0.0791718     0.39785    -7.25396  -5.11099e-05
4960  -0.0783592    0.398303    -7.42748  8.94859e-05
4970  -0.0809615    0.396851    -8.29409  0.000220459
4980  -0.0827683    0.395843    -7.42703  0.000191158
4990  -0.0847846    0.394718    -7.13816  0.000161856
