Time   C(t)   
ps   
0           1           1  1.09613e-09   0.0210609
10    0.793735    0.882236     1.08049   0.0112466
20    0.775068    0.871578   0.0486682  0.00143228
30     0.76509    0.865881    -0.10036  0.00122039
40     0.75066    0.857642    0.491217  0.00134937
50    0.738102    0.850473    0.343629  0.00108575
60    0.728945    0.845244    0.564183  0.000821429
70    0.721674    0.841093     2.03884  0.000829563
80    0.712354    0.835772     1.89204  0.000754786
90    0.706578    0.832474     1.37538  0.000877473
100    0.694804    0.825752     1.37682  0.00087257
110    0.689127    0.822511     1.89219  0.000581098
120    0.683182    0.819117    0.343413  0.000569481
130    0.677737    0.816008     1.66983  0.000615409
140    0.670874    0.812089      2.2604  0.000616646
150    0.665404    0.808967    0.564543  0.000432119
160    0.662232    0.807155     2.47995  0.000375366
170    0.657897     0.80468    0.709683   0.0006843
180    0.648546    0.799341    0.636861  0.000569734
190    0.646502    0.798175     -1.1329  0.00035893
200    0.641367    0.795243   -0.322354  0.000507662
210    0.636349    0.792378   -0.395896  0.000392675
220    0.633513    0.790759   -0.174982  0.000354838
230    0.629252    0.788326     0.11933  0.000471792
240    0.624078    0.785372     -1.0603  0.000414535
250    0.620961    0.783592   0.0459324  0.000473714
260    0.614603    0.779962    -0.46987  0.000455075
270     0.61186    0.778396     1.07761  0.000352445
280    0.607554    0.775938   0.0445642  0.000405022
290     0.60376    0.773771     1.15072  0.000561887
300    0.596317    0.769522    0.192441  0.000562853
310    0.592502    0.767344    0.855616  0.000518599
320    0.585945      0.7636    0.266847  0.000532576
330    0.581851    0.761263     1.51958  0.00032495
340    0.579446     0.75989     1.59348  0.000345305
350    0.574945     0.75732     1.00292  0.000529051
360    0.568865    0.753848    0.413715  0.000327116
370    0.568403    0.753585     1.00234  0.000334629
380    0.562172    0.750027    0.486249  0.000512165
390    0.558159    0.747736     2.69755  0.00042797
400    0.553613     0.74514     1.66638  0.000435421
410    0.549451    0.742764     1.51951  0.000456098
420    0.544491    0.739932     1.96112  0.000509685
430    0.539257    0.736944     3.14111  0.000345868
440    0.537573    0.735983     1.15014  0.000208148
450    0.535094    0.734568     2.91897  0.000221768
460    0.533138    0.733451     3.36015  0.000526598
470    0.524562    0.728554     2.18139  0.000600192
480    0.521134    0.726597     1.81382  0.000270224
490    0.519158    0.725469     3.43528  0.000416893
500    0.512796    0.721837     1.66487  0.000357738
510    0.512003    0.721384      2.4018  0.000239059
520    0.508015    0.719107     0.92743  0.000325963
530    0.505484    0.717662     1.36919  0.000346738
540     0.50108    0.715148     1.51627  0.000407417
550    0.497335     0.71301    0.631533  0.000421636
560    0.492648    0.710333     2.47513  0.000435854
570    0.488618    0.708033     1.22081  0.000202604
580    0.488596     0.70802     1.07279  0.000337231
590    0.481874    0.704182    0.484305   0.0005321
600    0.477954    0.701944    0.262887  0.000419256
610    0.473489    0.699395     1.81094  0.000131062
620    0.475332    0.700447     0.77797  0.000205706
630    0.469374    0.697046     1.81073  0.000360674
640    0.468119    0.696329    0.998524  0.000213335
650    0.465108     0.69461    0.778042  0.000449954
660     0.45912    0.691191    0.114723  0.000592671
670    0.453254    0.687842     1.95803  0.000282761
680    0.453465    0.687962     1.58852  0.000188887
690    0.449477    0.685685      2.6212  0.000365324
700    0.446158    0.683791     2.03085  0.000400084
710    0.441475    0.681117     1.95759  0.000434864
720    0.437461    0.678825      1.5888  0.000252193
730    0.436431    0.678237     1.29377  0.000266506
740    0.432131    0.675782     1.29334  0.000403236
750    0.428366    0.673633     2.17779  0.000458734
760    0.422956    0.670544     1.88355  0.000445971
770    0.419447     0.66854      2.4739  0.000358121
780    0.415794    0.666454     2.10482  0.000372596
790    0.411995    0.664285     2.25155  0.000298025
800    0.409833    0.663051     2.76771  0.000353621
810    0.404922    0.660248     2.17829  0.000244358
820    0.404946    0.660261    0.629662  0.00012829
830    0.402357    0.658783     1.36695  0.000314285
840     0.39866    0.656672     1.43999  0.000370027
850    0.394956    0.654557     1.21865   0.0004329
860    0.390002    0.651729     1.66184  0.000426882
870    0.386418    0.649683    0.334989  0.000165184
880    0.386699    0.649843    0.260295  0.000214224
890    0.382134    0.647237   -0.255651  0.000359921
900      0.3795    0.645733    0.629661  0.000215137
910    0.377831     0.64478   -0.256444  0.000236529
920     0.37477    0.643032     2.17693  0.000417706
930    0.369477     0.64001    0.113715  0.00014708
940    0.371828    0.641353     1.66084  -1.93864e-05
950    0.369865    0.640232     2.91415  0.000370926
960    0.364409    0.637117     2.32444  0.000301746
970     0.36383    0.636786     1.29154  0.000183839
980    0.360733    0.635018    0.627861  0.000261083
990    0.358608    0.633805     1.51231  0.000401828
1000    0.352696     0.63043   0.0393087  0.00014302
1010    0.355748    0.632172    0.701981  -0.000144033
1020    0.355577    0.632074    0.554248  0.000136636
1030    0.353015    0.630612   -0.183405  0.000298636
1040    0.349604    0.628664     1.07063  0.000221767
1050     0.34858    0.628079     1.14352  9.54658e-05
1060    0.347695    0.627574    0.922102  0.000194535
1070    0.344689    0.625858   -0.552195  0.000300875
1080    0.341677    0.624138    0.775018  0.000202474
1090     0.34064    0.623546    0.627429  -0.000144064
1100    0.344559    0.625784   -0.553276  0.000260122
1110    0.335437    0.620576   -0.772678  0.000401957
1120    0.336519    0.621194   -0.920267  -7.27966e-05
1130    0.336893    0.621407   -0.627034  3.37571e-05
1140    0.335844    0.620808    0.258424  0.000247486
1150    0.331943    0.618581   -0.404464  0.000247882
1160    0.330887    0.617978    -0.70072  7.00817e-05
1170    0.330542    0.617781    -2.32232  0.000163215
1180    0.327622    0.616114    -1.36425  0.000199233
1190    0.326557    0.615506   -0.700576  0.000149623
1200     0.32463    0.614405    -1.29093  0.000257517
1210    0.321407    0.612565   -0.480023  0.000214949
1220    0.320331    0.611951   -0.479805  0.00015084
1230     0.31839    0.610843   -0.627537  0.000273491
1240    0.314861    0.608828    -0.47923  0.00021639
1250    0.314062    0.608372   -0.922571  -2.82288e-05
1260    0.315426     0.60915   -0.555147  0.00028961
1270     0.30827    0.605065   -0.407055  0.000492235
1280    0.305581     0.60353   -0.554069  0.000124443
1290    0.305781    0.603644   -0.186213  0.000298823
1300    0.299604    0.600118   -0.848812  0.000458755
1310    0.296606    0.598406   -0.259179  0.000147675
1320    0.296651    0.598431   -0.850323  0.00013365
1330    0.293933    0.596879   -0.922498  0.000286657
1340    0.290918    0.595158     0.47761  0.000301887
1350    0.287895    0.593432    -1.29165  0.000171259
1360    0.287493    0.593202   -0.997121  0.000288685
1370    0.282122    0.590136   -0.333441  0.000201273
1380    0.283467    0.590904    -1.66109  0.00013625
1390    0.279397     0.58858    -1.51285  0.000121602
1400    0.281035    0.589516   -0.703311  4.87998e-05
1410    0.278421    0.588023    -1.21868  0.000217691
1420    0.276681     0.58703   -0.113175  0.00016674
1430    0.275086    0.586119    -2.03053  0.000130299
1440    0.274075    0.585542   -0.113751   0.0002634
1450    0.269818    0.583111    0.108027  0.000293347
1460    0.268208    0.582192   -0.112815  0.000102001
1470    0.267778    0.581946    -1.44125  0.000191125
1480    0.264386     0.58001    0.254463  0.000332174
1490    0.261134    0.578153     0.54964  0.000355203
1500    0.257282    0.575954   -0.556443  0.000266887
1510    0.255797    0.575106   -0.777574  0.000237927
1520    0.252523    0.573237   -0.482038  0.000230934
1530    0.251178    0.572469   -0.629914  0.00020177
1540    0.248488    0.570933   -0.114111  0.000187242
1550    0.247433    0.570331   -0.925235  0.000120569
1560    0.246077    0.569556    0.401619  0.000255482
1570    0.242323    0.567414   -0.335385  0.000240945
1580    0.241258    0.566805   -0.335889  1.67608e-05
1590    0.241988    0.567222    0.254032  0.000106997
1600    0.239118    0.565583   -0.556516  0.000189691
1610    0.238194    0.565056    -0.70468  0.000197792
1620    0.235162    0.563325     -1.6631  0.00016048
1630    0.234985    0.563224   0.0326135  -0.000118032
1640    0.237522    0.564673    -1.36922  0.00014613
1650    0.232062    0.561555    -1.29438  0.00026696
1660    0.232183    0.561624    -1.22077  7.11367e-05
1670    0.230639    0.560743    -1.07304  0.000260682
1680     0.22697    0.558648    -1.07239  0.000101845
1690    0.228603     0.55958    -1.81084  2.6428e-05
1700    0.226441    0.558346    -0.70468  0.000208811
1710    0.224426    0.557195   -0.925522  0.000171254
1720    0.223016     0.55639    -1.51515  0.00021744
1730    0.220078    0.554713    -1.07268  3.46705e-05
1740    0.222323    0.555994    -1.95785  0.000111496
1750    0.217848    0.553439    -1.81048  7.31148e-05
1760     0.22086    0.555159          -1  -7.18102e-05
1770    0.219284    0.554259    -1.59057  0.000226857
1780    0.216323    0.552569   -0.188949  0.000357886
1790    0.212126    0.550173    -1.73629  0.000120334
1800    0.213916    0.551195    -1.36843  -4.83885e-05
1810    0.213094    0.550725     -2.1058  0.000182576
1820    0.210265     0.54911   -0.778797  0.000198345
1830    0.209127     0.54846    -2.03189  5.98565e-05
1840    0.209068    0.548427    -2.77048  -1.72988e-05
1850    0.209473    0.548658    -2.91764  0.000168576
1860    0.205696    0.546502    -2.18006  0.000238544
1870    0.204702    0.545934      -1.223  9.1771e-05
1880    0.203861    0.545454    -2.54906  0.00026302
1890    0.199442    0.542931     -1.3693  0.000247892
1900    0.198903    0.542623     -1.8856  0.000170821
1910    0.196025     0.54098    -2.99111  0.000116456
1920    0.196574    0.541293     -2.9175  0.000163842
1930    0.192748    0.539109    -3.80273  0.000367376
1940    0.189226    0.537098    -3.43387  0.000195985
1950    0.188829    0.536871    -3.58089  7.90343e-05
1960    0.187646    0.536196    -3.50792  1.63749e-05
1970    0.188501    0.536684    -1.07556  0.000236659
1980    0.182913    0.533494    -2.62282  0.000307697
1990    0.182347    0.533171    -2.76998  -6.45146e-06
2000    0.183042    0.533567    -2.91857  0.000111972
2010    0.180108    0.531892    -4.17138  0.000293733
2020    0.177167    0.530213     -3.5811  0.000191622
2030    0.176275    0.529704    -3.95047  2.14055e-06
2040    0.177124    0.530189    -4.46641  -1.36033e-05
2050    0.176547     0.52986    -4.02459  0.000216557
2060    0.172793    0.527716    -3.95047  0.000153297
2070    0.173481    0.528109    -3.21346  -3.70875e-05
2080    0.173535    0.528139    -3.72963  0.000170001
2090    0.170081    0.526168    -3.21267  0.00029791
2100    0.167577    0.524738     -1.1486  0.000146919
2110    0.167143     0.52449    -2.77048  -7.66285e-05
2120    0.169109    0.525613    -3.21346  -9.27053e-05
2130    0.168997    0.525549    -3.43495  0.000171641
2140    0.165676    0.523653    -3.14014  0.000204009
2150    0.164917    0.523219    -3.50857  0.000204693
2160    0.161582    0.521315    -2.54935  4.39927e-05
2170    0.164037    0.522717    -2.18179  -2.0013e-05
2180    0.161983    0.521544    -3.28715  8.46148e-05
2190    0.162345    0.521751    -2.91886  1.22197e-05
2200    0.161738    0.521404    -3.28772  0.000182148
2210    0.158702    0.519671    -3.28693  2.03833e-05
2220    0.161331    0.521172    -2.62383  -6.03423e-05
2230    0.159909     0.52036     -3.6558  0.00011799
2240    0.158971    0.519824     -2.6239  2.88345e-05
2250    0.159332    0.520031    -3.06645  1.27003e-05
2260    0.158717    0.519679    -3.58276  7.79226e-05
2270    0.157774    0.519141     -3.8775  -3.55989e-06
2280    0.158788     0.51972    -4.46764  -6.06969e-05
2290    0.158988    0.519834    -3.36227  0.000135612
2300    0.156076    0.518171    -4.68848  0.00013577
2310    0.156272    0.518284    -3.50936  3.7808e-05
2320     0.15532     0.51774     -3.0671  -6.90386e-05
2330    0.157653    0.519072    -4.02559  -2.78592e-05
2340    0.155877    0.518058    -3.06746  8.72038e-05
2350    0.155909    0.518076    -3.58391  0.000104059
2360    0.153796     0.51687    -2.77221  8.76576e-05
2370    0.154156    0.517075    -4.09928  3.01294e-05
2380    0.153193    0.516526    -2.77228  8.81165e-05
2390    0.152393    0.516069    -2.92009  8.83572e-05
2400    0.151426    0.515517    -3.36199  -1.94021e-05
2410    0.152781    0.516291    -4.02559  -1.09777e-05
2420    0.151645    0.515642    -4.39453  0.000163716
2430    0.149507    0.514421    -5.20508  0.000155746
2440    0.148531    0.513864    -4.17304  3.93324e-05
2450     0.14872    0.513972    -5.20536  3.11419e-05
2460    0.147908    0.513508    -4.91033  8.14036e-05
2470    0.147092    0.513043    -4.24694  0.000131927
2480    0.145269    0.512002    -4.68899  0.000190959
2490    0.143273    0.510862    -6.23726  9.05864e-05
2500    0.143457    0.510967     -5.0577  0.00015832
2510    0.140107    0.509054    -3.80367  9.10871e-05
2520    0.141636    0.509927     -4.7631  0.000150734
2530    0.137092    0.507333     -4.7626  0.000192974
2540    0.137776    0.507724    -5.27919  -1.77108e-05
2550    0.137446    0.507535    -5.27926  4.1493e-05
2560    0.136946     0.50725    -4.46872  7.55161e-05
2570    0.135936    0.506673    -5.35274  0.000143682
2580    0.134073    0.505609    -5.27941  0.000212084
2590    0.131694    0.504251    -4.68934  8.47973e-05
2600    0.132377    0.504641    -6.31173  5.96479e-05
2610    0.130501     0.50357     -4.6897  -0.000111204
2620    0.134601    0.505911    -5.35439  9.90927e-08
2630    0.130499    0.503569    -5.94338  0.00045354
2640     0.12553    0.500732    -6.45839  6.87197e-05
2650    0.129125    0.502784    -5.79651  -8.51154e-05
2660    0.127232    0.501704    -5.64849  0.000189519
2670    0.125335     0.50062    -5.79564  7.80478e-05
2680    0.125671    0.500812    -5.20666  6.11715e-05
2690    0.124111    0.499922     -4.1013  0.000130317
2700    0.123065    0.499324    -5.13276  0.000139342
2710    0.121324    0.498331    -5.50148  0.000156999
2720    0.119925    0.497532    -5.57545  0.00014879
2730    0.118349    0.496632    -4.91206  0.000114448
2740    0.117636    0.496225    -4.61731  -4.17043e-05
2750    0.119183    0.497108    -5.13369  4.54105e-05
2760    0.116728    0.495706    -4.98603  0.000193501
2770    0.115313    0.494898    -5.57567  0.000167926
2780    0.113369    0.493789    -4.10115  8.96569e-05
2790    0.113519    0.493874    -6.31353  0.000186371
2800    0.109642    0.491661    -4.91163  0.000186598
2810    0.109787    0.491744    -4.76433  -5.84755e-05
2820    0.110811    0.492328    -4.17527  9.97182e-05
2830    0.107793    0.490605    -4.46973  0.000152543
2840    0.107761    0.490587    -3.65875  -9.37283e-05
2850    0.109668    0.491675      -4.323  3.28608e-06
2860    0.107695    0.490549    -2.84805   0.0002064
2870     0.10554    0.489319    -4.32207  3.87184e-05
2880    0.106921    0.490107    -4.39705  0.000127754
2890    0.102985     0.48786    -4.46965  0.000189907
2900    0.103122    0.487938    -4.17549  0.000119588
2910    0.100593    0.486494    -4.10194  0.000190962
2920   0.0993031    0.485758    -4.24896  0.000227271
2930   0.0960474    0.483899     -5.2063  0.000111685
2940   0.0970694    0.484483    -5.13348  -1.29059e-05
2950   0.0963055    0.484046    -4.02761  0.000166044
2960   0.0937485    0.482587    -4.98589  0.00013052
2970   0.0936951    0.482556    -4.54348  0.000158024
2980   0.0905881    0.480782    -5.13326  7.73065e-05
2990    0.092149    0.481673    -4.61847  -3.20226e-06
3000   0.0906521    0.480819     -5.4288  0.000222065
3010   0.0877077    0.479138    -4.17541  3.29036e-05
3020    0.089994    0.480443    -4.69215  -4.80413e-05
3030   0.0886685    0.479686    -4.83996  0.000168978
3040   0.0866145    0.478513      -4.545  0.000251056
3050   0.0836474    0.476819    -4.98683  0.000260799
3060   0.0813985    0.475535    -5.72397  -1.13297e-05
3070    0.083874    0.476949    -3.88089  -2.92655e-05
3080   0.0819838     0.47587     -4.7657  0.000189323
3090   0.0800876    0.474787    -4.69136  0.000189894
3100   0.0781859    0.473701    -4.54428  0.000108078
3110    0.077926    0.473553    -4.83924  9.01815e-05
3120   0.0763823    0.472671    -4.47059  -6.56739e-05
3130   0.0792395    0.474303    -3.80763  -6.55357e-05
3140    0.077693     0.47342    -4.61854  0.000283721
3150   0.0735651    0.471063    -4.47059  8.15529e-05
3160   0.0760619    0.472489    -6.09298  -7.93487e-07
3170   0.0735809    0.471072    -4.39734   0.0002577
3180   0.0709079    0.469546    -4.39719  0.000332491
3190   0.0669311    0.467275    -4.61782  7.37648e-05
3200   0.0694326    0.468704    -3.95551  -0.000111246
3210    0.069156    0.468546    -4.39806  0.000111398
3220   0.0672047    0.467432     -4.2504  0.00016748
3230   0.0658064    0.466633    -4.61861  0.000112063
3240   0.0649634    0.466152    -4.02876  -5.57013e-05
3250   0.0669205    0.467269    -4.54521  5.66047e-05
3260   0.0638313    0.465506    -4.47109  0.000131337
3270   0.0642937     0.46577    -3.58621  -1.81444e-05
3280   0.0641942    0.465713    -4.24968  -8.39878e-05
3290   0.0659735    0.466729     -3.5126  -3.70458e-05
3300   0.0649351    0.466136    -2.92333  0.000226504
3310   0.0614434    0.464142    -2.55475  0.000179796
3320   0.0613392    0.464083    -3.51296  0.000171152
3330   0.0580203    0.462188    -3.14424  0.000143033
3340   0.0584785     0.46245    -2.55497  0.000134258
3350   0.0553352    0.460655    -2.92325  0.000210348
3360   0.0542716    0.460048    -2.18632  0.000192123
3370   0.0514927    0.458461    -2.85036  5.92405e-05
3380   0.0530868    0.459371     -1.3023  -4.51833e-05
3390   0.0523964    0.458977    -1.44968  0.000260209
3400   0.0478826      0.4564    -2.70248  0.000232013
3410   0.0477561    0.456328    -2.48164  0.000290528
3420    0.042072    0.453082    -2.33297   0.0002622
3430   0.0425121    0.453334     -2.6293  0.00018659
3440   0.0383402    0.450952     -3.0707  0.000109806
3450    0.040316     0.45208    -2.33441  -1.47147e-05
3460   0.0386345     0.45112    -1.52401  0.00024564
3470   0.0354032    0.449275    -2.62865  0.000149576
3480    0.035643    0.449412    -1.67052  3.4078e-05
3490   0.0347216    0.448886    -1.81883  0.000189283
3500   0.0318573     0.44725    -2.11343  0.000141156
3510   0.0318985    0.447274     -2.1869  4.45204e-05
3520   0.0309669    0.446742    -2.70349  8.35572e-05
3530   0.0302274     0.44632    -1.67088  5.45531e-05
3540   0.0298759    0.446119    -1.67109  0.00014273
3550   0.0273728     0.44469    -1.96642  0.000299653
3560   0.0238828    0.442697    -1.30223  0.000280892
3570   0.0217549    0.441483    -2.03996  -1.27548e-05
3580   0.0241379    0.442843    -2.70385  0.000144938
3590   0.0188562    0.439828     -1.8189  0.000302425
3600   0.0180894     0.43939    -2.18711  0.000234642
3610   0.0141633    0.437148    -1.89251  0.000235135
3620   0.0133867    0.436705    -2.26094  0.000246034
3630  0.00924264    0.434339    -1.89186  0.000315921
3640   0.0070683    0.433097    -1.81861  7.87759e-05
3650  0.00766713    0.433439    -2.33549  0.000228417
3660  0.00249996    0.430489    -2.40846  0.000248597
3670  0.00269518    0.430601    -2.11415  6.02636e-05
3680  0.00129469    0.429801    -2.26123  3.88885e-07
3690  0.00268741    0.430596    -2.33535  0.000140712
3700  -0.00151956    0.428194    -2.48243  0.000260987
3710  -0.00253232    0.427616    -2.48236  0.000111484
3720  -0.00374924    0.426921    -1.89266  7.16116e-05
3730  -0.00396456    0.426798    -1.59784  7.1917e-05
3740  -0.00518758      0.4261     -1.3775  1.43808e-06
3750  -0.00399332    0.426782    -1.74593  -8.46144e-06
3760  -0.00501835    0.426197   -0.935603  0.000153274
3770  -0.0070588    0.425032    -2.18848  0.000214498
3780  -0.00930831    0.423747    -2.55662  0.000205008
3790   -0.011159    0.422691    -2.26195  0.000226042
3800  -0.0138292    0.421166    -2.40903  9.42868e-05
3810  -0.0130447    0.421614    -1.89367  -7.14343e-06
3820  -0.0136863    0.421248    -2.40961  0.000156223
3830  -0.0161692     0.41983    -1.52466  0.000125878
3840  -0.0162038    0.419811    -1.52523  5.47227e-05
3850  -0.0172636    0.419205    -1.74636  0.000178029
3860  -0.0197644    0.417778    -1.82012  0.000116771
3870  -0.0195991    0.417872    -2.70493  4.0533e-06
3880  -0.0198455    0.417731    -1.82034  0.000200107
3890  -0.0236012    0.415587    -2.92599  0.000148795
3900  -0.0228214    0.416032    -3.07401  6.68276e-05
3910  -0.0249377    0.414824    -2.18906  0.000129017
3920  -0.0254017    0.414559    -2.77898  0.00026463
3930  -0.0302303    0.411802    -2.18898  0.000223529
3940  -0.0298723    0.412007    -2.26325  0.000245523
3950  -0.0351408    0.408999    -1.81991  0.000308508
3960  -0.0360425    0.408484    -2.26253  -4.56087e-05
3970  -0.0342286    0.409519    -2.26332  3.82513e-05
3980  -0.0368075    0.408047    -2.11559  0.000226849
3990  -0.0387656    0.406929     -1.8941  0.000154102
4000  -0.0398895    0.406287   -0.788517  2.83699e-05
4010   -0.039333    0.406605    -1.59964  0.000102404
4020  -0.0419376    0.405118   -0.641145  0.000144732
4030  -0.0422276    0.404953   -0.125271  0.000145413
4040  -0.0448459    0.403458    -1.96857  9.2734e-05
4050  -0.0440823    0.403894   -0.567962  6.14747e-05
4060  -0.0460754    0.402756     -1.6734  0.00026345
4070  -0.0493513    0.400885   -0.861698  0.000136448
4080  -0.0488043    0.401198   -0.198884  3.05466e-05
4090  -0.0499622    0.400537    -1.15767  1.98251e-05
4100  -0.0492008    0.400971    -1.01051  -6.55904e-05
4110  -0.0486504    0.401285    -0.56825  7.35613e-05
4120  -0.0506721    0.400131   -0.347264  8.43508e-05
4130  -0.0503375    0.400322    -0.20018  0.000160149
4140   -0.053875    0.398303    0.832577  0.000181905
4150  -0.0539756    0.398245   -0.200036  2.08873e-05
4160  -0.0542928    0.398064   -0.936969  2.09579e-05
4170  -0.0543947    0.398006   -0.420806  0.000161861
4180    -0.05753    0.396216   -0.568394  0.00011875
4190  -0.0567697     0.39665   -0.568756  5.42946e-05
4200  -0.0586159    0.395596   -0.790102  0.000206689
4210  -0.0609035     0.39429   -0.126493   0.0001419
4220  -0.0614539    0.393976   -0.200396  0.00010979
4230  -0.0630993    0.393036   -0.568898  0.000307107
4240   -0.067596    0.390469   -0.199891  0.000253084
4250   -0.068161    0.390146   -0.494924  -4.22627e-05
4260  -0.0667508    0.390951    0.389381  6.77984e-05
4270  -0.0695169    0.389372    0.315191  0.000177891
4280  -0.0703086     0.38892     -0.3482  5.72257e-05
4290  -0.0706614    0.388719   -0.864364  0.000123844
4300  -0.0727855    0.387506   -0.127141  0.000246011
4310  -0.0755817    0.385909   -0.495285  0.000102511
4320  -0.0748357    0.386335    -1.15875  -1.91309e-05
4330   -0.075199    0.386128   -0.200397  6.9816e-05
4340   -0.076232    0.385538   0.0203029  0.00019276
4350  -0.0790542    0.383927   -0.642801  0.00017093
4360  -0.0796506    0.383586    -1.08492  4.85372e-05
4370   -0.080025    0.383373     -0.2009  9.36028e-05
4380  -0.0815227    0.382517    -1.15889  4.88818e-05
4390  -0.0810026    0.382814   -0.569689  4.9242e-05
4400  -0.0825075    0.381955    -1.38017  0.000240989
4410  -0.0858224    0.380063   -0.568611  -0.000108592
4420  -0.0803357    0.383195   -0.864651  -0.000255344
4430  -0.0807155    0.382978  -0.0542471  0.000230818
4440   -0.084952     0.38056    0.093989  8.36227e-05
4450   -0.082388    0.382023  -0.0538161  6.1775e-05
4460  -0.0861875    0.379854   -0.790964  0.000186841
4470  -0.0861248     0.37989    0.388589  8.50763e-05
4480  -0.0878891    0.378883   -0.126998  2.79862e-05
4490  -0.0866845     0.37957   -0.275234  5.4311e-06
4500  -0.0879977    0.378821    0.388229  0.000234918
4510  -0.0913829    0.376888   -0.200756  0.000120535
4520  -0.0904084    0.377444   0.0197987  0.000155947
4530  -0.0945018    0.375107   0.0940598  0.000179141
4540  -0.0939912    0.375399   -0.274874  -0.000120553
4550  -0.0920908    0.376484   -0.127503  -1.65366e-05
4560  -0.0936605    0.375588   0.0197259  0.000122412
4570   -0.094539    0.375086   -0.569906  8.80018e-05
4580  -0.0954205    0.374583    0.241289  5.33707e-05
4590  -0.0956064    0.374477     0.24093  0.000217103
4600  -0.0997626    0.372104   -0.495499  0.00017075
4610  -0.0990214    0.372527    0.167457  -0.000109422
4620  -0.0975741    0.373353   0.0194394  -2.75791e-05
4630  -0.0984698    0.372842   -0.791109  0.00013679
4640    -0.10031    0.371791   -0.496076  0.000196129
4650   -0.102392    0.370602   -0.422031  -3.89144e-06
4660   -0.100232    0.371836    -0.93848  -0.000121785
4670  -0.0999567    0.371993   -0.423183  0.000102761
4680   -0.102287    0.370662   -0.644312  0.000186019
4690   -0.103677    0.369869    -1.08628  5.59464e-05
4700   -0.103406    0.370023     -1.0126  5.63066e-05
4710   -0.104803    0.369226   -0.570266  0.000128031
4720   -0.105967    0.368561    -1.08621  0.000152458
4730   -0.107852    0.367485    -1.52819  9.11653e-06
4740   -0.106149    0.368457   -0.866162  0.000189652
4750   -0.111645    0.365319    -1.01217  0.000213749
4760   -0.110424    0.366017    -0.49622  3.43651e-05
4770   -0.112333    0.364927   -0.570194  0.000154997
4780   -0.113524    0.364247    0.020087  -5.00642e-05
4790   -0.111331    0.365499    -0.34928  0.000144045
4800   -0.116405    0.362602    -1.16055  0.00025324
4810   -0.116396    0.362607    -1.01267  8.43193e-05
4820   -0.118091    0.361639   -0.423541  0.000243009
4830   -0.121256    0.359832    -0.86537  0.000329346
4840   -0.124678    0.357878   -0.423037  0.000159199
4850    -0.12444    0.358014    0.240209  9.88308e-05
4860   -0.126655     0.35675   0.0192938  0.000258768
4870   -0.129616    0.355059    -1.08693  0.000235075
4880   -0.131356    0.354065   -0.201837  0.000149748
4890   -0.132611    0.353349   -0.497156  0.000138012
4900   -0.134117     0.35249  -0.0550392  0.000126134
4910   -0.135133    0.351909    -1.45551  0.000176338
4920   -0.137643    0.350476    -1.01325  0.000288819
4930    -0.14091    0.348611    -1.08729  0.00012789
4940   -0.140201    0.349016    -1.08744  0.000178724
4950   -0.144484     0.34657    -1.23445  0.00019146
4960    -0.14403    0.346829    -1.45616  1.72019e-05
4970   -0.144828    0.346374    -1.67736  0.000117617
4980   -0.146383    0.345486    -1.08765  0.000155772
4990   -0.147944    0.344595    -2.26742  0.000193927
