Time   Number   
ps   
0          38          40
10          37          39
20          33          49
30          35          51
40          32          40
50          37          47
60          34          42
70          38          42
80          40          46
90          36          46
100          36          44
110          35          41
120          36          40
130          34          44
140          38          46
150          38          44
160          34          42
170          34          44
180          32          46
190          34          42
200          35          41
210          37          41
220          37          39
230          36          40
240          34          42
250          34          42
260          33          41
270          36          38
280          31          49
290          36          48
300          37          45
310          39          47
320          38          50
330          35          47
340          37          47
350          42          48
360          37          43
370          43          47
380          30          42
390          38          52
400          36          42
410          37          43
420          39          45
430          35          45
440          33          37
450          37          41
460          36          42
470          37          49
480          34          46
490          35          39
500          37          49
510          39          53
520          41          49
530          35          49
540          35          49
550          36          50
560          36          46
570          35          51
580          35          47
590          39          53
600          37          47
610          35          45
620          33          45
630          39          43
640          34          44
650          37          57
660          39          49
670          34          44
680          38          44
690          32          46
700          38          48
710          41          49
720          35          57
730          42          44
740          34          48
750          36          52
760          39          51
770          37          53
780          41          53
790          39          51
800          42          46
810          41          51
820          39          51
830          38          46
840          40          52
850          39          49
860          39          45
870          35          45
880          39          49
890          39          49
900          38          42
910          41          49
920          40          50
930          41          47
940          36          48
950          37          47
960          41          43
970          35          45
980          41          47
990          36          44
1000          38          46
1010          36          42
1020          39          45
1030          39          47
1040          38          44
1050          40          46
1060          39          47
1070          36          44
1080          39          49
1090          38          44
1100          35          47
1110          37          45
1120          36          44
1130          36          46
1140          36          44
1150          36          42
1160          37          49
1170          36          42
1180          37          47
1190          41          41
1200          34          44
1210          38          44
1220          36          40
1230          34          42
1240          38          44
1250          32          40
1260          33          41
1270          38          46
1280          35          41
1290          38          42
1300          36          44
1310          37          47
1320          38          42
1330          35          43
1340          38          44
1350          35          43
1360          34          40
1370          37          45
1380          35          35
1390          34          46
1400          33          49
1410          37          39
1420          35          45
1430          33          45
1440          38          44
1450          38          46
1460          32          46
1470          36          46
1480          36          54
1490          35          45
1500          36          42
1510          35          39
1520          39          45
1530          39          45
1540          36          44
1550          38          46
1560          38          46
1570          38          48
1580          36          42
1590          37          45
1600          37          45
1610          34          48
1620          41          43
1630          39          43
1640          35          53
1650          33          51
1660          37          49
1670          35          43
1680          36          50
1690          36          40
1700          38          48
1710          36          46
1720          38          52
1730          38          46
1740          41          49
1750          36          48
1760          35          45
1770          40          46
1780          37          47
1790          36          44
1800          36          42
1810          41          45
1820          37          45
1830          35          45
1840          34          44
1850          39          43
1860          36          48
1870          36          42
1880          38          52
1890          38          44
1900          35          41
1910          38          42
1920          38          46
1930          42          48
1940          36          50
1950          38          42
1960          38          48
1970          37          43
1980          37          47
1990          39          47
2000          38          48
2010          36          42
2020          40          48
2030          36          44
2040          39          45
2050          39          47
2060          37          41
2070          39          45
2080          38          50
2090          36          46
2100          38          44
2110          36          48
2120          38          42
2130          36          44
2140          38          46
2150          35          45
2160          38          48
2170          34          50
2180          39          43
2190          38          44
2200          38          40
2210          33          49
2220          37          49
2230          41          45
2240          40          46
2250          38          42
2260          38          52
2270          39          41
2280          37          45
2290          35          45
2300          37          49
2310          35          47
2320          33          43
2330          36          42
2340          38          44
2350          35          41
2360          37          45
2370          39          43
2380          33          47
2390          39          47
2400          39          47
2410          37          41
2420          36          42
2430          33          43
2440          34          46
2450          38          44
2460          34          42
2470          35          41
2480          32          36
2490          32          34
2500          33          41
2510          34          42
2520          36          44
2530          36          44
2540          36          46
2550          38          44
2560          36          42
2570          32          50
2580          36          46
2590          36          54
2600          39          49
2610          34          44
2620          37          43
2630          38          44
2640          36          40
2650          35          43
2660          33          43
2670          34          42
2680          34          44
2690          33          39
2700          35          37
2710          36          46
2720          36          44
2730          36          46
2740          37          41
2750          36          44
2760          38          50
2770          35          45
2780          37          41
2790          36          46
2800          35          41
2810          35          37
2820          35          43
2830          34          42
2840          34          40
2850          37          41
2860          35          43
2870          38          48
2880          34          38
2890          35          39
2900          32          40
2910          33          39
2920          38          44
2930          36          44
2940          38          46
2950          35          39
2960          38          40
2970          36          38
2980          33          43
2990          36          42
3000          40          46
3010          39          43
3020          39          45
3030          39          49
3040          38          50
3050          34          44
3060          33          41
3070          31          43
3080          34          48
3090          38          42
3100          33          43
3110          33          41
3120          38          44
3130          36          40
3140          34          46
3150          38          48
3160          35          43
3170          40          42
3180          37          41
3190          31          43
3200          36          42
3210          39          51
3220          33          45
3230          35          39
3240          33          39
3250          34          48
3260          35          49
3270          38          44
3280          34          42
3290          37          39
3300          39          45
3310          37          45
3320          39          41
3330          37          45
3340          36          46
3350          37          39
3360          36          48
3370          36          44
3380          36          54
3390          36          50
3400          40          48
3410          37          41
3420          39          45
3430          42          46
3440          35          43
3450          37          43
3460          39          45
3470          38          46
3480          40          44
3490          38          40
3500          38          52
3510          38          48
3520          38          42
3530          34          42
3540          38          44
3550          38          42
3560          40          46
3570          35          45
3580          38          48
3590          37          47
3600          40          52
3610          42          46
3620          42          46
3630          41          47
3640          38          46
3650          39          43
3660          39          45
3670          39          45
3680          38          46
3690          41          43
3700          37          47
3710          40          46
3720          40          52
3730          38          44
3740          33          43
3750          40          44
3760          36          48
3770          36          44
3780          42          44
3790          39          47
3800          40          46
3810          39          47
3820          39          45
3830          40          46
3840          40          48
3850          39          47
3860          40          44
3870          40          46
3880          39          49
3890          43          49
3900          38          50
3910          39          45
3920          40          50
3930          38          46
3940          41          51
3950          40          50
3960          42          44
3970          36          44
3980          35          51
3990          39          49
4000          41          47
4010          41          43
4020          39          47
4030          38          46
4040          37          39
4050          38          42
4060          36          42
4070          36          44
4080          38          42
4090          36          44
4100          34          42
4110          36          44
4120          40          46
4130          35          43
4140          34          48
4150          37          39
4160          39          41
4170          37          45
4180          36          40
4190          35          47
4200          37          45
4210          35          47
4220          35          45
4230          40          42
4240          37          43
4250          37          47
4260          41          45
4270          41          43
4280          36          42
4290          39          43
4300          39          47
4310          39          49
4320          37          47
4330          39          45
4340          37          41
4350          38          44
4360          40          46
4370          38          48
4380          39          47
4390          40          50
4400          38          42
4410          37          47
4420          38          46
4430          35          45
4440          38          40
4450          36          42
4460          36          42
4470          36          38
4480          37          41
4490          36          44
4500          35          47
4510          39          41
4520          39          45
4530          41          43
4540          41          45
4550          37          49
4560          39          41
4570          42          44
4580          42          42
4590          39          45
4600          38          48
4610          38          46
4620          38          46
4630          36          48
4640          41          45
4650          35          45
4660          37          45
4670          38          46
4680          37          39
4690          39          43
4700          38          44
4710          39          41
4720          39          47
4730          38          48
4740          33          43
4750          37          47
4760          35          43
4770          35          43
4780          37          47
4790          38          40
4800          34          40
4810          34          38
4820          37          43
4830          33          39
4840          35          35
4850          35          41
4860          31          39
4870          35          41
4880          37          41
4890          36          40
4900          37          45
4910          32          38
4920          35          49
4930          34          40
4940          37          45
4950          36          40
4960          36          42
4970          35          43
4980          34          46
4990          36          38
5000          34          38
5010          32          38
5020          31          39
5030          34          46
5040          37          39
5050          34          36
5060          35          41
5070          36          42
5080          37          45
5090          31          39
5100          35          45
5110          37          39
5120          37          41
5130          36          40
5140          40          40
5150          39          43
5160          38          40
5170          38          40
5180          37          41
5190          38          42
5200          38          44
5210          38          46
5220          38          44
5230          39          47
5240          35          45
5250          34          46
5260          38          42
5270          37          47
5280          35          49
5290          42          42
5300          34          50
5310          37          45
5320          39          45
5330          38          44
5340          36          48
5350          40          42
5360          38          42
5370          38          48
5380          39          47
5390          37          45
5400          38          44
5410          35          43
5420          37          39
5430          37          39
5440          37          41
5450          37          41
5460          34          44
5470          36          42
5480          36          44
5490          36          42
5500          35          43
5510          34          44
5520          39          43
5530          39          41
5540          35          43
5550          36          38
5560          36          40
5570          35          43
5580          34          38
5590          38          40
5600          38          40
5610          37          39
5620          36          42
5630          38          42
5640          36          42
5650          35          39
5660          36          46
5670          38          40
5680          36          38
5690          37          43
5700          34          34
5710          36          42
5720          36          40
5730          36          42
5740          35          39
5750          34          40
5760          38          42
5770          35          43
5780          37          37
5790          35          45
5800          37          41
5810          38          42
5820          37          43
5830          36          42
5840          38          42
5850          36          50
5860          38          38
5870          40          44
5880          32          40
5890          37          39
5900          35          43
5910          34          50
5920          39          43
5930          37          47
5940          37          43
5950          38          42
5960          39          41
5970          36          42
5980          38          40
5990          36          42
6000          34          42
6010          36          38
6020          40          44
6030          37          41
6040          34          42
6050          36          42
6060          35          39
6070          36          38
6080          37          39
6090          40          42
6100          35          47
6110          35          41
6120          39          43
6130          42          42
6140          35          43
6150          34          44
6160          35          45
6170          36          38
6180          36          42
6190          38          42
6200          36          44
6210          39          41
6220          36          40
6230          38          42
6240          39          47
6250          38          44
6260          37          41
6270          38          40
6280          37          43
6290          38          44
6300          36          44
6310          34          40
6320          35          43
6330          36          38
6340          37          37
6350          37          37
6360          38          42
6370          39          41
6380          40          40
6390          36          44
6400          37          43
6410          37          45
6420          35          43
6430          36          48
6440          40          46
6450          39          43
6460          37          47
6470          39          43
6480          39          41
6490          41          47
6500          38          48
6510          37          45
6520          40          50
6530          40          44
6540          40          46
6550          40          42
6560          39          49
6570          41          47
6580          41          47
6590          36          38
6600          41          41
6610          40          46
6620          39          41
6630          37          41
6640          37          45
6650          37          43
6660          34          42
6670          37          41
6680          41          43
6690          37          41
6700          38          44
6710          41          43
6720          38          42
6730          40          44
6740          40          44
6750          40          44
6760          40          42
6770          41          47
6780          38          44
6790          38          48
6800          43          45
6810          38          46
6820          37          47
6830          39          49
6840          40          46
6850          40          48
6860          35          45
6870          38          42
6880          39          47
6890          37          47
6900          40          46
6910          40          48
6920          39          47
6930          41          43
6940          39          39
6950          40          52
6960          41          49
6970          41          49
6980          37          43
6990          42          46
7000          40          48
7010          38          50
7020          40          46
7030          37          45
7040          41          49
7050          40          50
7060          39          53
7070          37          49
7080          40          52
7090          37          49
7100          39          43
7110          39          47
7120          41          45
7130          36          46
7140          42          46
7150          38          44
7160          41          49
7170          40          44
7180          36          46
7190          37          43
7200          37          41
7210          37          41
7220          38          42
7230          37          41
7240          38          40
7250          40          42
7260          37          41
7270          36          42
7280          38          44
7290          36          42
7300          38          40
7310          39          43
7320          37          39
7330          37          45
7340          41          43
7350          40          48
7360          38          44
7370          37          47
7380          40          46
7390          37          41
7400          36          42
7410          40          42
7420          37          45
7430          39          45
7440          41          43
7450          37          45
7460          37          43
7470          41          43
7480          37          41
7490          40          50
7500          37          41
7510          39          45
7520          36          40
7530          40          44
7540          39          47
7550          38          44
7560          38          42
7570          39          43
7580          39          43
7590          35          39
7600          35          41
7610          37          43
7620          38          42
7630          39          45
7640          39          49
7650          36          42
7660          38          48
7670          35          49
7680          39          49
7690          36          42
7700          39          45
7710          39          45
7720          41          43
7730          38          38
7740          36          44
7750          40          42
7760          35          45
7770          37          43
7780          39          45
7790          40          46
7800          37          43
7810          41          41
7820          41          43
7830          41          45
7840          41          43
7850          39          45
7860          41          45
7870          42          48
7880          41          43
7890          40          44
7900          42          44
7910          38          46
7920          41          45
7930          40          42
7940          41          47
7950          39          49
7960          37          49
7970          38          40
7980          34          40
7990          36          46
8000          41          45
8010          37          43
8020          39          39
8030          36          46
8040          39          43
8050          41          43
8060          36          44
8070          40          46
8080          41          47
8090          40          46
8100          36          46
8110          36          44
8120          38          42
8130          37          37
8140          37          39
8150          39          39
8160          36          48
8170          37          47
8180          39          43
8190          35          41
8200          35          47
8210          37          45
8220          38          46
8230          34          44
8240          35          45
8250          34          44
8260          37          43
8270          38          42
8280          31          45
8290          34          40
8300          34          44
8310          36          40
8320          35          41
8330          37          43
8340          38          42
8350          37          41
8360          38          40
8370          34          40
8380          40          42
8390          39          39
8400          40          40
8410          39          41
8420          42          44
8430          41          41
8440          37          41
8450          36          46
8460          41          41
8470          37          39
8480          37          41
8490          37          39
8500          39          41
8510          37          43
8520          40          44
8530          38          40
8540          39          43
8550          37          47
8560          40          42
8570          37          39
8580          36          42
8590          36          48
8600          41          43
8610          36          50
8620          37          45
8630          40          44
8640          41          45
8650          36          42
8660          35          41
8670          37          45
8680          36          44
8690          37          43
8700          35          41
8710          39          47
8720          37          49
8730          41          43
8740          39          45
8750          39          43
8760          35          39
8770          34          42
8780          34          42
8790          36          40
8800          41          45
8810          38          42
8820          37          37
8830          36          40
8840          36          44
8850          37          39
8860          36          44
8870          33          41
8880          35          41
8890          34          42
8900          35          41
8910          39          45
8920          36          48
8930          35          41
8940          33          37
8950          34          36
8960          33          39
8970          35          39
8980          38          42
8990          35          37
9000          37          43
9010          34          36
9020          37          39
9030          38          46
9040          38          46
9050          37          37
9060          35          37
9070          35          43
9080          34          46
9090          34          42
9100          31          43
9110          37          49
9120          40          46
9130          39          43
9140          38          44
9150          33          51
9160          36          48
9170          37          41
9180          36          44
9190          39          45
9200          39          45
9210          37          47
9220          37          41
9230          34          54
9240          36          40
9250          36          50
9260          41          47
9270          40          48
9280          36          48
9290          39          45
9300          39          51
9310          40          46
9320          41          49
9330          34          46
9340          40          46
9350          38          46
9360          38          48
9370          38          48
9380          35          49
9390          40          42
9400          39          43
9410          40          40
9420          40          48
9430          40          40
9440          42          48
9450          40          46
9460          41          45
9470          37          45
9480          40          46
9490          42          46
9500          40          44
9510          41          47
9520          37          47
9530          41          45
9540          37          45
9550          39          45
9560          39          45
9570          37          41
9580          33          47
9590          40          42
9600          39          43
9610          33          43
9620          38          42
9630          36          40
9640          37          49
9650          33          41
9660          35          43
9670          38          40
9680          32          34
9690          35          45
9700          36          44
9710          37          43
9720          39          45
9730          34          42
9740          38          44
9750          39          51
9760          40          46
9770          35          49
9780          38          52
9790          39          47
9800          34          50
9810          33          55
9820          39          51
9830          38          50
9840          37          47
9850          41          45
9860          39          43
9870          36          46
9880          38          44
9890          35          43
9900          34          42
9910          37          47
9920          33          43
9930          35          43
9940          38          48
9950          37          45
9960          38          50
9970          37          37
9980          40          42
9990          37          45
10000          35          41
