Time   Number   
ps   
0          38          86
10          37          79
20          33          79
30          31          73
40          34          76
50          32          74
60          34          78
70          32          78
80          31          79
90          34          76
100          32          80
110          33          81
120          33          77
130          33          79
140          32          82
150          35          75
160          31          83
170          36          82
180          29          81
190          34          86
200          32          80
210          31          79
220          33          83
230          31          81
240          31          79
250          30          80
260          37          79
270          31          85
280          34          90
290          27          79
300          37          83
310          35          81
320          33          83
330          34          76
340          32          84
350          36          82
360          38          78
370          33          83
380          37          87
390          34          80
400          32          84
410          32          78
420          33          83
430          35          79
440          33          75
450          32          76
460          36          82
470          34          84
480          29          81
490          34          84
500          34          78
510          32          74
520          35          81
530          31          73
540          33          81
550          31          77
560          34          72
570          31          79
580          29          73
590          33          79
600          35          85
610          36          82
620          31          83
630          30          82
640          30          86
650          33          89
660          35          81
670          31          83
680          32          90
690          34          80
700          31          73
710          30          80
720          31          85
730          34          78
740          33          83
750          31          79
760          34          84
770          34          84
780          36          86
790          33          85
800          31          81
810          35          79
820          30          82
830          34          86
840          31          75
850          32          80
860          35          81
870          30          78
880          29          85
890          35          79
900          32          82
910          32          80
920          35          75
930          35          83
940          32          84
950          36          86
960          35          75
970          32          76
980          37          79
990          33          81
1000          35          81
1010          33          75
1020          29          81
1030          34          90
1040          30          80
1050          29          75
1060          29          81
1070          35          89
1080          34          84
1090          34          90
1100          32          84
1110          34          80
1120          34          82
1130          35          83
1140          35          81
1150          35          85
1160          33          79
1170          35          77
1180          36          84
1190          35          85
1200          32          82
1210          32          82
1220          32          78
1230          35          93
1240          33          89
1250          36          84
1260          37          81
1270          30          86
1280          37          81
1290          33          81
1300          37          83
1310          33          85
1320          35          79
1330          34          86
1340          35          79
1350          33          79
1360          34          76
1370          33          87
1380          36          88
1390          32          86
1400          34          82
1410          37          87
1420          34          78
1430          35          85
1440          33          85
1450          36          82
1460          36          80
1470          37          81
1480          38          78
1490          35          83
1500          37          87
1510          36          82
1520          36          90
1530          35          75
1540          33          81
1550          38          74
1560          37          85
1570          37          79
1580          37          87
1590          34          82
1600          34          80
1610          35          91
1620          35          87
1630          36          84
1640          37          81
1650          37          81
1660          37          87
1670          35          89
1680          38          86
1690          37          89
1700          39          79
1710          37          83
1720          41          79
1730          37          83
1740          37          81
1750          40          88
1760          38          86
1770          37          85
1780          36          78
1790          37          85
1800          37          83
1810          39          87
1820          34          80
1830          34          86
1840          33          91
1850          35          83
1860          32          86
1870          35          79
1880          36          82
1890          34          74
1900          38          82
1910          37          85
1920          38          88
1930          37          79
1940          38          92
1950          38          84
1960          38          84
1970          38          82
1980          36          84
1990          39          85
2000          38          84
2010          37          83
2020          35          83
2030          34          84
2040          38          80
2050          37          83
2060          40          84
2070          38          82
2080          39          83
2090          39          81
2100          40          86
2110          37          83
2120          39          89
2130          39          77
2140          36          86
2150          41          79
2160          38          80
2170          39          79
2180          34          86
2190          37          83
2200          31          85
2210          35          83
2220          35          81
2230          40          76
2240          39          77
2250          40          76
2260          39          81
2270          37          79
2280          36          82
2290          41          77
2300          35          81
2310          38          80
2320          35          73
2330          39          73
2340          38          78
2350          37          81
2360          37          73
2370          36          78
2380          38          78
2390          35          79
2400          39          75
2410          33          69
2420          35          73
2430          34          70
2440          32          68
2450          32          78
2460          34          78
2470          34          70
2480          33          77
2490          35          79
2500          33          73
2510          35          71
2520          36          70
2530          36          76
2540          39          69
2550          36          74
2560          37          69
2570          33          71
2580          35          71
2590          29          65
2600          30          72
2610          28          70
2620          32          74
2630          36          72
2640          27          71
2650          32          72
2660          32          70
2670          32          76
2680          33          75
2690          36          72
2700          30          78
2710          33          75
2720          36          74
2730          34          74
2740          34          78
2750          33          77
2760          35          75
2770          31          85
2780          35          75
2790          36          80
2800          32          84
2810          33          83
2820          29          85
2830          33          75
2840          34          82
2850          33          83
2860          33          81
2870          34          78
2880          34          80
2890          33          79
2900          30          84
2910          38          76
2920          34          82
2930          34          76
2940          31          87
2950          34          86
2960          32          78
2970          31          79
2980          36          84
2990          30          86
3000          36          76
3010          29          81
3020          30          92
3030          33          87
3040          34          86
3050          30          76
3060          33          79
3070          33          77
3080          31          77
3090          34          72
3100          31          77
3110          34          76
3120          34          70
3130          29          79
3140          33          79
3150          34          72
3160          34          74
3170          34          72
3180          32          82
3190          34          78
3200          33          79
3210          35          75
3220          34          86
3230          35          81
3240          38          82
3250          38          78
3260          36          76
3270          34          78
3280          38          78
3290          37          81
3300          36          84
3310          34          82
3320          38          78
3330          35          77
3340          38          84
3350          36          80
3360          35          83
3370          35          85
3380          36          82
3390          31          83
3400          33          83
3410          33          91
3420          30          80
3430          34          80
3440          33          81
3450          34          82
3460          32          84
3470          34          82
3480          33          81
3490          35          81
3500          33          83
3510          33          79
3520          33          85
3530          33          81
3540          33          87
3550          33          87
3560          34          84
3570          33          87
3580          31          85
3590          34          82
3600          33          87
3610          30          90
3620          33          87
3630          33          91
3640          35          91
3650          30          84
3660          32          90
3670          36          92
3680          34          80
3690          32          90
3700          34          82
3710          34          78
3720          37          85
3730          34          84
3740          34          82
3750          31          79
3760          34          86
3770          35          85
3780          33          83
3790          34          86
3800          34          84
3810          33          79
3820          33          85
3830          33          81
3840          34          86
3850          36          86
3860          34          90
3870          33          83
3880          31          83
3890          35          83
3900          29          95
3910          32          90
3920          33          87
3930          30          88
3940          31          83
3950          34          82
3960          36          88
3970          36          78
3980          32          88
3990          31          79
4000          32          80
4010          34          78
4020          33          83
4030          34          88
4040          37          83
4050          32          82
4060          35          81
4070          35          87
4080          35          85
4090          35          79
4100          34          80
4110          33          91
4120          33          83
4130          34          88
4140          37          89
4150          36          84
4160          34          84
4170          34          84
4180          31          85
4190          32          78
4200          34          86
4210          32          82
4220          31          85
4230          32          82
4240          34          76
4250          33          89
4260          31          83
4270          37          85
4280          32          80
4290          32          84
4300          31          89
4310          36          82
4320          34          82
4330          33          89
4340          34          84
4350          39          83
4360          32          88
4370          34          86
4380          39          83
4390          34          82
4400          37          91
4410          33          89
4420          36          82
4430          42          80
4440          39          85
4450          38          86
4460          37          87
4470          39          75
4480          38          94
4490          37          87
4500          39          87
4510          41          83
4520          38          88
4530          36          84
4540          37          83
4550          40          84
4560          39          87
4570          38          86
4580          38          84
4590          40          80
4600          36          84
4610          35          79
4620          37          89
4630          36          80
4640          34          88
4650          37          83
4660          37          83
4670          38          84
4680          37          81
4690          32          90
4700          34          90
4710          33          77
4720          37          79
4730          33          79
4740          30          84
4750          31          77
4760          31          87
4770          37          85
4780          31          91
4790          36          88
4800          37          87
4810          37          85
4820          38          90
4830          33          93
4840          36          86
4850          40          90
4860          38          92
4870          32          88
4880          34          82
4890          36          82
4900          35          93
4910          33          87
4920          31          93
4930          36          86
4940          33          93
4950          38          84
4960          34          88
4970          34          86
4980          35          87
4990          35          93
5000          31         103
5010          33          91
5020          33         101
5030          38          92
5040          34          88
5050          35          91
5060          34          98
5070          39          95
5080          37          95
5090          39         103
5100          36          96
5110          36         102
5120          34         100
5130          37         103
5140          37         105
5150          36         110
5160          38          94
5170          42          98
5180          38         106
5190          42         100
5200          35         103
5210          38          92
5220          37          97
5230          37          99
5240          35          95
5250          35          99
5260          39          97
5270          32         104
5280          34          98
5290          35          99
5300          34          92
5310          35          99
5320          35          95
5330          33         101
5340          32         106
5350          37         103
5360          38         102
5370          35         109
5380          38          96
5390          38          96
5400          37          99
5410          41          97
5420          38         102
5430          36          98
5440          37          97
5450          33         107
5460          37         105
5470          32         106
5480          39         103
5490          37         107
5500          36         104
5510          39          99
5520          39         105
5530          33         111
5540          43         103
5550          35         103
5560          41          95
5570          38         102
5580          36          96
5590          34          96
5600          39          95
5610          33          91
5620          37          93
5630          39          97
5640          37          99
5650          36         100
5660          37         103
5670          35          99
5680          36         100
5690          37         103
5700          37          91
5710          32          98
5720          38          98
5730          34          92
5740          33          95
5750          38          98
5760          35          97
5770          37          93
5780          39          99
5790          36         100
5800          36          98
5810          34          94
5820          36         102
5830          33          99
5840          37          93
5850          34          94
5860          35          91
5870          36          94
5880          30         108
5890          38          96
5900          35          97
5910          36          98
5920          37         101
5930          33         103
5940          29         103
5950          33         101
5960          38          96
5970          34          98
5980          36         100
5990          39         105
6000          33          99
6010          36         102
6020          36         102
6030          37         107
6040          37         103
6050          36          98
6060          36         100
6070          37         101
6080          35         107
6090          34         106
6100          37         107
6110          33         103
6120          38         100
6130          37         105
6140          35          99
6150          41         105
6160          34         102
6170          34         102
6180          33         105
6190          33         105
6200          36          98
6210          35          99
6220          37          97
6230          36          96
6240          35          97
6250          33          95
6260          34          98
6270          37         103
6280          35         101
6290          39         103
6300          35          97
6310          36          98
6320          38         100
6330          37          99
6340          33         105
6350          32         108
6360          36          96
6370          37          99
6380          36          96
6390          38         102
6400          37          97
6410          36          98
6420          41          97
6430          33          95
6440          38          94
6450          37          91
6460          36          96
6470          34          92
6480          36          92
6490          36          88
6500          35          95
6510          39          91
6520          36          90
6530          37          93
6540          33          97
6550          34          96
6560          32          96
6570          41          93
6580          38          92
6590          36          94
6600          40          96
6610          36          92
6620          36          94
6630          36          92
6640          37          95
6650          39          93
6660          37          97
6670          39          95
6680          38          98
6690          35          99
6700          32          98
6710          37          97
6720          36          96
6730          40          92
6740          37          97
6750          39          95
6760          36          96
6770          40          92
6780          41          97
6790          36         100
6800          37         109
6810          40         100
6820          36          96
6830          44          94
6840          39         103
6850          36         104
6860          39         101
6870          40         102
6880          38          98
6890          40          96
6900          41          99
6910          38         102
6920          44         100
6930          40         102
6940          36         102
6950          41          99
6960          40         102
6970          40         102
6980          39          99
6990          38         102
7000          36          96
7010          38         100
7020          36         100
7030          39          99
7040          37         105
7050          38         100
7060          38          96
7070          39          99
7080          38          92
7090          36          96
7100          39          95
7110          43          95
7120          37          97
7130          39          99
7140          39         103
7150          40         102
7160          37          93
7170          42         100
7180          41          99
7190          44          96
7200          37         101
7210          39          97
7220          41          99
7230          39          97
7240          37         103
7250          41         101
7260          43          97
7270          41         101
7280          39         101
7290          41         101
7300          41         105
7310          42         100
7320          42         100
7330          41         101
7340          38         102
7350          44          96
7360          41         107
7370          40         112
7380          36         102
7390          40          96
7400          39         111
7410          41          97
7420          43         103
7430          41         105
7440          40         100
7450          41         103
7460          42          98
7470          40         102
7480          40          98
7490          36         104
7500          43          99
7510          38         100
7520          40          98
7530          42         100
7540          41          93
7550          41          99
7560          45          99
7570          41         109
7580          39          97
7590          39         101
7600          42         100
7610          41          99
7620          41         103
7630          39         101
7640          41         101
7650          43          99
7660          38         106
7670          38          98
7680          36          96
7690          40          94
7700          40          92
7710          41          91
7720          39          89
7730          42          94
7740          40          94
7750          41          89
7760          39          99
7770          41          93
7780          41          89
7790          39          95
7800          39          95
7810          37          97
7820          42          94
7830          39          91
7840          38          90
7850          38          90
7860          37          95
7870          39          87
7880          39          99
7890          38          94
7900          40          96
7910          39          91
7920          40          96
7930          41          91
7940          37          95
7950          37          97
7960          36         100
7970          41          91
7980          37          93
7990          40          96
8000          39         101
8010          40          94
8020          38         100
8030          40          96
8040          41          93
8050          41          95
8060          39         101
8070          40          96
8080          42          96
8090          43          97
8100          40         100
8110          40          98
8120          35          99
8130          36         102
8140          42          96
8150          36          96
8160          42          96
8170          37          95
8180          35          97
8190          41          97
8200          44          98
8210          40          98
8220          40          98
8230          44         102
8240          40          94
8250          38          92
8260          37          87
8270          37          97
8280          40          96
8290          40          96
8300          39          95
8310          41         101
8320          41          93
8330          43         103
8340          44          98
8350          43          99
8360          42          98
8370          37          99
8380          41          95
8390          35         101
8400          40         104
8410          43          99
8420          38          98
8430          40          98
8440          39          97
8450          39          93
8460          39          99
8470          42          98
8480          41          99
8490          38          98
8500          39          91
8510          41          89
8520          35         101
8530          41          93
8540          38         100
8550          40          94
8560          41          93
8570          41          99
8580          34          94
8590          40          96
8600          40          98
8610          39          97
8620          37          99
8630          35          97
8640          41         101
8650          39          93
8660          42         102
8670          36         106
8680          33          93
8690          41          97
8700          35          93
8710          38          94
8720          37          93
8730          36          94
8740          38         100
8750          38          98
8760          39          95
8770          37          99
8780          38          92
8790          35          89
8800          36          96
8810          37          97
8820          37          99
8830          37         101
8840          35         105
8850          38          98
8860          38          98
8870          36         106
8880          36         106
8890          36         104
8900          38         104
8910          36         100
8920          38          98
8930          35          97
8940          38         106
8950          37          95
8960          33         101
8970          35         101
8980          35          99
8990          36         100
9000          40          88
9010          33          95
9020          40          92
9030          37          91
9040          37          89
9050          37          99
9060          37          93
9070          39          93
9080          35         103
9090          37          93
9100          35          97
9110          37          91
9120          41          89
9130          38          96
9140          37          99
9150          34          94
9160          31          95
9170          36         100
9180          39          91
9190          35         101
9200          33         103
9210          37          99
9220          38          90
9230          35          95
9240          34          98
9250          35         103
9260          35         103
9270          37          99
9280          35          97
9290          41         101
9300          32         102
9310          37         103
9320          35          97
9330          35         101
9340          32          96
9350          34         100
9360          34         102
9370          36         102
9380          37         101
9390          32          98
9400          39         101
9410          37          97
9420          36          98
9430          33          97
9440          39          97
9450          36         100
9460          37         103
9470          32          94
9480          37          97
9490          35         101
9500          37          97
9510          38          96
9520          37          99
9530          31          91
9540          35          93
9550          39          93
9560          40          90
9570          35          87
9580          38          92
9590          36          92
9600          38          96
9610          39          93
9620          38          94
9630          36          92
9640          35          89
9650          37          87
9660          38          90
9670          32          92
9680          38          90
9690          38          98
9700          38          96
9710          39          97
9720          38         100
9730          41          95
9740          39          91
9750          39          89
9760          40          94
9770          37          95
9780          40          86
9790          38          94
9800          42          92
9810          42          90
9820          32         102
9830          37          93
9840          37          99
9850          38          92
9860          37          95
9870          38          90
9880          39          97
9890          39          95
9900          37          99
9910          38          94
9920          35          95
9930          38          90
9940          37          93
9950          35         101
9960          41          95
9970          39          95
9980          42          96
9990          39         101
10000          40          96
