Time   C(t)   
ps   
0           1           1  7.62045e-11   0.0212519
10    0.790615     0.83984   0.0423033   0.0117471
20    0.765057    0.820291   -0.497453  0.00224239
30    0.745767    0.805536   -0.142496  0.00183372
40    0.728383    0.792239   -0.705628   0.0016043
50    0.713681    0.780993   -0.510911  0.00139529
60    0.700477    0.770893   -0.425879  0.00127924
70    0.688096    0.761423   -0.940766  0.00123308
80    0.675815     0.75203   -0.463155  0.00103135
90    0.667469    0.745646   -0.537694  0.000905716
100    0.657701    0.738174    -1.01581  0.000962049
110    0.648228    0.730928     -1.0526  0.000929973
120    0.639102    0.723947    -0.79665  0.000835177
130    0.631525    0.718151    -1.49504  0.000769603
140    0.623709    0.712174     -1.1528  0.000792649
150    0.615672    0.706025   -0.834834  0.000744203
160    0.608825    0.700789   -0.761993  0.000749689
170    0.600678    0.694557    -1.85134  0.000752726
180    0.593771    0.689273    -1.48466  0.000672317
190    0.587232    0.684271    -1.55888  0.000708035
200     0.57961    0.678442    -1.80411  0.000661433
210    0.574003    0.674153    -1.10701  0.000594991
220     0.56771     0.66934   -0.960106  0.000610605
230    0.561791    0.664812     -1.2542  0.000617403
240    0.555362    0.659894    -1.45037  0.000629106
250    0.549209    0.655187   -0.899789  0.000579897
260    0.543764    0.651023   -0.373658  0.000593171
270    0.537345    0.646113   -0.704139  0.000567779
280    0.532409    0.642337    -1.70867  0.000510246
290     0.52714    0.638307   -0.925305  0.000467786
300    0.523053    0.635181   -0.632099  0.000489813
310    0.517344    0.630814   -0.950702  0.000507683
320    0.512899    0.627414   -0.632697  0.000495061
330    0.507443    0.623241    -0.31419  0.000517073
340    0.502558    0.619504    -0.89017  0.00051648
350    0.497113    0.615339   -0.927195  0.000484329
360    0.492871    0.612095    -1.83369  0.000482231
370    0.487469    0.607962    -1.14807  0.000483969
380    0.483192    0.604691    -1.00166  0.000410925
390     0.47925    0.601676    -1.02656  0.000453332
400    0.474125    0.597756   -0.830559  0.000477903
410    0.469692    0.594365    -1.36924  0.000432383
420    0.465478    0.591141    -1.49202  0.000368835
430    0.462315    0.588722   -0.476284  0.000338608
440    0.458706    0.585961    -1.23571  0.000382666
450    0.454662    0.582868   -0.623867  0.000391577
460    0.450874    0.579971   -0.550691  0.000372708
470    0.447208    0.577167   -0.244673  0.000414611
480    0.442582    0.573628   -0.245128  0.000426078
490    0.438686    0.570648   -0.783999  0.000335698
500    0.435868    0.568493   -0.343724  0.000369455
510    0.431297    0.564996   -0.906677  0.000387436
520    0.428119    0.562566   -0.735634  0.000316486
530    0.424967    0.560155    -1.23825  0.000364275
540    0.420834    0.556993   -0.515592  0.000368336
550    0.417601     0.55452   -0.993226  0.000308682
560     0.41466    0.552271    -0.83429  0.000271204
570    0.412177    0.550371    -1.42233  0.000319961
580    0.408261    0.547376    -1.10386  0.000325555
590    0.405666    0.545391   -0.737427  0.000219871
600    0.403863    0.544012    -0.35809  0.000250363
610    0.400658    0.541561   -0.137904  0.000298326
620    0.397897    0.539448   -0.468685  0.000318968
630    0.394279    0.536681   -0.774583  0.000336333
640     0.39117    0.534303  -0.0278955  0.000308673
650    0.388106    0.531959    -0.11417  0.000288378
660    0.385403    0.529891   -0.457176  0.000265522
670    0.382795    0.527897    -1.09426  0.000240174
680    0.380599    0.526217   -0.617057  0.000207159
690    0.378652    0.524728  -0.0541526  0.000250375
700    0.375592    0.522387   0.0190593  0.000300534
710    0.372641     0.52013   -0.409421  0.000278504
720    0.370021    0.518126    -1.12015  0.000226794
730    0.368105    0.516661   -0.973258  0.000270379
740    0.364614     0.51399   -0.532277  0.000349475
750    0.361116    0.511314   -0.226415  0.000253776
760    0.359538    0.510108   -0.459054  0.000232428
770    0.356467    0.507759   -0.973725  0.000288795
780    0.353763     0.50569   -0.484103   0.0002538
790    0.351391    0.503876    -1.19452  0.000258584
800    0.348591    0.501734   -0.350097  0.000295769
810    0.345476    0.499351   -0.594746  0.000302339
820    0.342544    0.497109    -1.20707  0.000297827
830    0.339519    0.494795   -0.496616  0.000286597
840    0.336812    0.492724    -1.06006  0.000276966
850     0.33398    0.490558   -0.729996  0.000259566
860    0.331621    0.488753    -1.20733  0.000269629
870    0.328587    0.486433    -1.34231  0.000277886
880    0.326063    0.484502    -1.03627  0.000208122
890    0.324425    0.483249   -0.559025  0.000210413
900    0.321855    0.481283   -0.412494  0.000256406
910    0.319297    0.479327   -0.694084  0.000236268
920    0.317129    0.477669   -0.535386  0.000294566
930    0.313406    0.474821   -0.486268  0.000285667
940    0.311416    0.473299   -0.461983  0.00021985
950    0.309009    0.471457   -0.780693  0.000253136
960    0.306353    0.469426    -1.49066  0.00022949
970    0.304419    0.467947   -0.254669  0.000222224
980    0.301909    0.466027   -0.218087  0.000200139
990    0.300416    0.464885    -1.25918  0.000182454
1000     0.29826    0.463236   -0.904434  0.000258435
1010    0.295247    0.460931   -0.757377  0.000251096
1020    0.293238    0.459394   -0.390206  0.000248253
1030    0.290282    0.457133   -0.524942  0.000205146
1040    0.289135    0.456256   -0.476373  0.000133196
1050    0.287618    0.455096   -0.831749  0.000179826
1060    0.285538    0.453505   -0.452136  0.000258076
1070    0.282457    0.451148    -1.17458  0.000255962
1080    0.280419    0.449589   -0.795382  0.000204885
1090    0.278359    0.448013     -1.2362  0.000198306
1100    0.276453    0.446555    -1.07757  0.000243536
1110    0.273488    0.444288   -0.404046  0.000252901
1120    0.271395    0.442687   -0.918347  0.000235917
1130     0.26877    0.440679    -1.35938  0.000242543
1140    0.266544    0.438976    -1.18782  0.000225477
1150    0.264261    0.437229   -0.379774  0.000148152
1160    0.263581     0.43671   -0.943802  0.000191042
1170     0.26044    0.434307    -1.27395  0.000261371
1180    0.258354    0.432711    -1.64171  0.000175105
1190    0.256938    0.431628    -1.36048  0.000220813
1200    0.253937    0.429333    -1.40945  0.000275479
1210    0.251428    0.427414    -1.48314  0.000252988
1220    0.248878    0.425463    -1.93581  0.000230371
1230    0.246821    0.423889    -1.15265  0.000218422
1240    0.244509    0.422121    -1.98538  0.000229664
1250    0.242227    0.420376    -1.51995  0.000240932
1260    0.239691    0.418436    -1.44664  0.000204731
1270    0.238133    0.417244    -1.50772  0.000158687
1280    0.236517    0.416008    -1.48349  0.000133876
1290    0.235455    0.415196    -1.20242  0.000131511
1300    0.233887    0.413996   -0.957452  0.000192085
1310    0.231613    0.412257   -0.394379  0.000205093
1320    0.229785    0.410859    -1.09246  0.000144286
1330    0.228728     0.41005  -0.0888036  0.000149157
1340    0.226802    0.408577   -0.994787  0.000191024
1350    0.224907    0.407128   -0.713352  0.000238515
1360    0.222031    0.404928    -1.09241  0.000207298
1370    0.220761    0.403957   -0.762387  0.000144427
1380    0.219143    0.402719    -1.00716  0.000147443
1390    0.217812    0.401701    -1.13004  0.00013779
1400    0.216387    0.400611   -0.677153  0.000119941
1410    0.215414    0.399866   -0.505919  0.000105669
1420    0.214274    0.398994    -1.02042  0.000144193
1430     0.21253     0.39766   -0.898319  0.000141775
1440    0.211438    0.396825    -1.35129  0.000149461
1450    0.209541    0.395374    -1.44932  0.000163462
1460    0.208169    0.394325    -1.11892  0.000197795
1470    0.205585    0.392348    -1.63294  0.000154164
1480    0.205086    0.391966    -1.24152  8.6689e-05
1490    0.203851    0.391022    -1.19276  0.000175115
1500    0.201583    0.389287    -1.30291  0.000190172
1510    0.200047    0.388112    -2.16018  0.000167625
1520    0.198231    0.386723    -1.63387  0.000194784
1530    0.196152    0.385133      -1.609  0.00023589
1540    0.193513    0.383114    -1.60903  0.000212361
1550    0.191905    0.381884    -2.09904  0.000120311
1560    0.191107    0.381274    -1.57291  0.000127128
1570    0.189362    0.379939    -1.08329  0.000160795
1580    0.187891    0.378814    -2.03826  8.22164e-05
1590    0.187718    0.378681    -1.79367  7.78235e-05
1600    0.186334    0.377623    -1.32854  0.00013101
1610    0.185097    0.376677    -1.13286  0.000122017
1620    0.183894    0.375757   -0.606356  0.000172769
1630    0.181642    0.374034     -1.0839  0.000169364
1640    0.180507    0.373166    -1.26773  0.000154839
1650    0.178545    0.371665    -1.47606  0.000127055
1660    0.177966    0.371222    -1.74547  0.000129337
1670    0.175959    0.369687    -2.03965  0.000228205
1680    0.173402    0.367731    -1.53738  0.000231517
1690    0.171328    0.366145    -1.73333  0.000159591
1700     0.17021    0.365289    -2.27209  0.00015818
1710    0.168165    0.363725    -1.35396  0.000164157
1720    0.166927    0.362778    -1.48898  0.000174983
1730    0.164665    0.361048    -1.81921  0.000180073
1740    0.163325    0.360023    -1.45201  0.000153067
1750    0.161604    0.358707    -1.84402  0.000143981
1760    0.160446    0.357821    -1.57484  0.000134885
1770    0.158906    0.356643    -1.95436  0.00015702
1780    0.157305    0.355419    -1.67308  0.000156453
1790    0.155777     0.35425    -2.26084  0.000101568
1800    0.155274    0.353865    -2.49399  0.000152466
1810    0.152728    0.351917     -2.1998  0.000184216
1820     0.15159    0.351047    -1.88201  0.000198154
1830    0.148764    0.348886    -2.06542  0.000236855
1840    0.146852    0.347423    -2.01661  0.000187626
1850    0.145012    0.346016    -1.71046  0.000190026
1860    0.143052    0.344516    -1.51484  0.00016449
1870    0.141722    0.343499    -1.52728  0.000184195
1880    0.139368    0.341698    -1.35564  0.000201005
1890    0.137702    0.340424    -1.47835  0.000170654
1900    0.135955    0.339088    -1.47845  0.000184583
1910     0.13401      0.3376    -1.09891  0.000132789
1920    0.133299    0.337056    -1.90729  0.000142886
1930    0.131153    0.335414    -1.52783  0.000191642
1940    0.129466    0.334125    -2.29938  0.000233876
1950    0.126475    0.331837    -2.11548  0.000222728
1960    0.125012    0.330717    -1.73617  0.000134803
1970    0.123779    0.329774     -2.0426  0.000116631
1980    0.122679    0.328933    -2.09174  0.000151091
1990    0.120757    0.327463    -1.67514  0.000141639
2000    0.119846    0.326766    -2.17771  0.000110767
2010    0.118542    0.325768    -2.14086  0.000146289
2020    0.116921    0.324528    -1.92066  0.000171132
2030    0.115119     0.32315    -1.96964  0.000121458
2040    0.114491     0.32267    -1.44334  6.77861e-05
2050    0.113764    0.322113    -1.93328  0.000161461
2060    0.111262      0.3202    -1.83517  0.000166688
2070     0.11043    0.319563    -2.17817  0.000114913
2080    0.108964    0.318442    -2.05573  0.00011615
2090    0.108107    0.317787     -2.3375  5.41478e-05
2100    0.107881    0.317614    -2.39895  6.82149e-05
2110    0.106743    0.316743    -1.59082  8.61801e-05
2120    0.106157    0.316295    -1.43209  8.93809e-05
2130    0.104955    0.315376    -2.00778  0.000149254
2140    0.103172    0.314012     -1.8238  0.000122707
2150    0.102501    0.313498    -1.86074  0.000102157
2160    0.101129    0.312449    -1.61601   0.0001423
2170   0.0996547    0.311322    -1.70147  0.00012968
2180   0.0985356    0.310465    -2.04468  9.10096e-05
2190   0.0978345    0.309929    -1.59183  4.01407e-05
2200   0.0977327    0.309851    -1.78786  6.4379e-05
2210    0.096547    0.308944    -2.30213  4.93925e-05
2220   0.0967449    0.309096    -2.16802  4.95948e-05
2230   0.0955551    0.308186    -1.99653  0.00016044
2240   0.0935361    0.306641    -1.98405  8.31511e-05
2250   0.0938921    0.306914    -2.31526  2.49747e-05
2260   0.0930366    0.306259      -2.107  0.000136165
2270   0.0911688    0.304831    -1.82521  0.000150602
2280   0.0900246    0.303955    -2.43729  8.41621e-05
2290   0.0894855    0.303543    -2.41313  8.74545e-05
2300   0.0882755    0.302617     -2.4866  8.86526e-05
2310   0.0877125    0.302187    -2.44992  4.72043e-05
2320   0.0873314    0.301895    -2.63387  3.20483e-05
2330   0.0870715    0.301697    -2.13184  8.11212e-05
2340    0.085709    0.300654    -1.78895  0.000108858
2350   0.0848943    0.300031    -2.11985  4.57574e-05
2360   0.0847938    0.299954    -1.86268  5.10227e-05
2370   0.0838739    0.299251    -2.03408  0.000112643
2380   0.0825409    0.298231    -1.56867  9.95621e-05
2390   0.0818826    0.297728    -1.55667  -1.01749e-05
2400   0.0827444    0.298387    -1.93683  7.74391e-05
2410   0.0803339    0.296543    -2.24243  0.000138281
2420   0.0799788    0.296271     -2.0221  6.9594e-05
2430    0.078942    0.295478    -1.85083  7.59043e-05
2440   0.0784607     0.29511    -1.88789  3.37139e-05
2450   0.0782677    0.294962    -2.29202  8.67158e-05
2460   0.0767264    0.293784    -2.41432  6.60837e-05
2470    0.076946    0.293952     -1.9983  0.000118334
2480   0.0743598    0.291973    -2.07147  0.000173637
2490   0.0734733    0.291295    -2.01028  4.18551e-05
2500   0.0735226    0.291333     -2.1084  2.00927e-05
2510   0.0730714    0.290988    -1.74125  8.80409e-05
2520   0.0717618    0.289986    -1.91287  7.88242e-05
2530   0.0714949    0.289782     -2.3537  6.33836e-05
2540   0.0704942    0.289016    -1.95005  8.76356e-05
2550   0.0697422    0.288441     -1.9746  7.31785e-05
2560   0.0690306    0.287897    -1.10505  0.000110187
2570   0.0675385    0.286756    -1.37425  7.25202e-05
2580   0.0675802    0.286788    -1.34983  3.37936e-05
2590   0.0668626    0.286239   -0.835665  2.3276e-05
2600   0.0671147    0.286431    -1.19129  3.29249e-05
2610   0.0662041    0.285735   -0.909618  7.84602e-05
2620   0.0655455    0.285231    -1.05668  0.000110507
2630    0.063994    0.284044    -1.50968  0.00015429
2640   0.0624597    0.282871     -1.0321  8.66536e-05
2650   0.0622609    0.282719    -1.38749  5.07833e-05
2660    0.061444    0.282094    -1.37547  6.15368e-05
2670   0.0610302    0.281777    -1.21638  9.26968e-05
2680   0.0595901    0.280676    -1.13054  0.000113189
2690   0.0587664    0.280046     -1.3144  8.24887e-05
2700   0.0579403    0.279414    -1.13088  6.77181e-05
2710    0.057412     0.27901    -1.27777  4.53811e-05
2720   0.0570327     0.27872    -1.44949  8.63655e-05
2730   0.0556847    0.277689    -1.27801  9.83715e-05
2740   0.0550652    0.277215    -1.25357  9.11538e-05
2750   0.0538617    0.276294    -1.62082  5.79055e-05
2760   0.0539071    0.276329    -2.00041  2.78678e-05
2770   0.0533043    0.275868    -1.55985  6.47083e-05
2780    0.052613    0.275339    -1.58445  7.13922e-05
2790   0.0518765    0.274776    -1.35189  6.39934e-05
2800   0.0513331     0.27436    -1.92768  6.63564e-05
2810   0.0505493    0.273761    -1.92756  7.52203e-05
2820   0.0498287    0.273209     -1.7196  7.76242e-05
2830   0.0489968    0.272573   -0.997244  8.2208e-05
2840   0.0481845    0.271952     -1.4624  7.36736e-05
2850   0.0475234    0.271446    -1.18072  6.95163e-05
2860   0.0467942    0.270888    -1.18081  7.73905e-05
2870   0.0459756    0.270262    -1.25418  9.40682e-05
2880   0.0449128    0.269449    -1.32761  0.000100906
2890   0.0439574    0.268718    -1.41343  5.49579e-05
2900   0.0438137    0.268608   -0.960566  6.67814e-06
2910   0.0438239    0.268616    -1.16888  -5.44693e-06
2920   0.0439226    0.268692     -1.0708  4.7604e-05
2930   0.0428718    0.267888   -0.838343  5.09918e-05
2940   0.0429028    0.267912   -0.997567  5.23183e-05
2950   0.0418254    0.267088   -0.826117  0.000103462
2960   0.0408335    0.266329   -0.752523  7.26292e-05
2970   0.0403729    0.265977   -0.654536  2.49943e-05
2980   0.0403337    0.265947   -0.960913  -3.28781e-05
2990   0.0410304     0.26648    -1.16929  2.62527e-05
3000   0.0398086    0.265545   -0.814262  6.64556e-05
3010   0.0397013    0.265463    -0.45897  2.41701e-05
3020   0.0393252    0.265175   -0.642597  -2.73688e-05
3030   0.0402487    0.265882   -0.948998  7.45542e-06
3040   0.0391761    0.265061   -0.483625  7.25668e-05
3050   0.0387973    0.264771   -0.802024  5.59438e-05
3060   0.0380572    0.264205   -0.961463  6.28324e-05
3070   0.0375407     0.26381   -0.814597  6.86688e-05
3080   0.0366838    0.263155   -0.936987   8.469e-05
3090   0.0358469    0.262515    -1.46341  8.1536e-05
3100   0.0350531    0.261907   -0.973736  0.00010219
3110   0.0338031    0.260951   -0.814441  0.000101331
3120   0.0330265    0.260357    -0.70436  3.33885e-05
3130   0.0331353    0.260441   -0.753599  6.08997e-05
3140   0.0318085    0.259426   -0.716694  7.35333e-05
3150   0.0316647    0.259316   -0.386404  6.01009e-05
3160   0.0306065    0.258506   -0.386248  5.67834e-05
3170    0.030529    0.258447     -0.7661  5.24334e-05
3180   0.0295578    0.257704   -0.337273  6.05529e-05
3190   0.0293179    0.257521   -0.288525  2.40396e-05
3200    0.029077    0.257336   -0.325513  4.48318e-05
3210   0.0284213    0.256835    0.213478  0.000107156
3220   0.0269339    0.255697   -0.411035  5.0832e-05
3230   0.0274047    0.256057  -0.0317574  3.61062e-05
3240   0.0262118    0.255145   -0.202967  0.000126413
3250   0.0248764    0.254123  -0.0193519  8.26991e-05
3260   0.0245578     0.25388   0.0172419  -2.91439e-06
3270   0.0249347    0.254168   -0.105495  1.10983e-05
3280   0.0243358     0.25371    0.102799  5.18255e-05
3290   0.0238982    0.253375    0.200714  3.68134e-05
3300   0.0235996    0.253147   -0.374644  6.02939e-05
3310   0.0226923    0.252453   -0.203099  -3.97395e-07
3320   0.0236075    0.253153   -0.326075  -1.19711e-05
3330   0.0229317    0.252636   -0.203494  4.41888e-05
3340   0.0227237    0.252477   -0.522036  6.19868e-05
3350    0.021692    0.251687   -0.644355  7.74197e-05
3360   0.0211754    0.251292   -0.191148  5.99978e-05
3370    0.020492     0.25077   -0.277136  4.12843e-05
3380   0.0203497    0.250661   -0.326338  8.34959e-06
3390    0.020325    0.250642  -0.0326421  6.75788e-05
3400   0.0189981    0.249627  -0.0323432  0.000105641
3410   0.0182122    0.249026  -0.0568548  1.21776e-05
3420   0.0187545    0.249441   -0.240697  1.58868e-05
3430   0.0178945    0.248783   -0.179592  7.77752e-05
3440    0.017199    0.248251    0.420409  5.65302e-05
3450   0.0167639    0.247918     0.39591  2.9247e-05
3460   0.0166141    0.247803   -0.069559  7.84356e-05
3470   0.0151952    0.246718   0.0899396  9.17782e-05
3480   0.0147785    0.246399    0.408172  3.69049e-05
3490   0.0144571    0.246153    0.150974  2.13775e-05
3500    0.014351    0.246072   0.0897128  -2.42977e-05
3510    0.014943    0.246525    0.273125  -9.83891e-06
3520   0.0145478    0.246223    0.358766  5.28696e-05
3530   0.0138856    0.245716    0.175234  3.96975e-05
3540   0.0137538    0.245616    0.089605  3.74339e-05
3550    0.013137    0.245144   -0.020703  5.57295e-05
3560   0.0126392    0.244763    0.150603  4.74062e-05
3570   0.0121888    0.244418    0.236232  2.44185e-05
3580   0.0121508    0.244389    0.187185  9.28107e-05
3590   0.0103326    0.242999   0.0650338  8.44085e-05
3600   0.0104627    0.243098    0.248458  5.30323e-05
3610  0.00927197    0.242187      0.1874  2.49182e-05
3620  0.00996431    0.242717  -0.0946204  6.08759e-07
3630   0.0092598    0.242178     0.10146  1.03269e-05
3640  0.00975777    0.242559  -0.0213367  -1.54076e-05
3650  0.00956795    0.242414   -0.400937  5.59964e-05
3660  0.00863785    0.241702   -0.229547  9.56316e-05
3670  0.00765532    0.240951   -0.253951  9.34585e-05
3680  0.00676868    0.240273   -0.303034  5.41301e-05
3690  0.00657272    0.240123   -0.168418  5.80818e-05
3700  0.00560704    0.239384    -0.30301  4.32752e-05
3710  0.00570721    0.239461   -0.180811  -1.87252e-05
3720  0.00598154     0.23967   -0.205478  2.36315e-05
3730  0.00523458    0.239099    0.112825  8.47826e-05
3740  0.00428589    0.238373   0.0392427  0.000102544
3750  0.00318369     0.23753   0.0637065  9.28614e-05
3760  0.00242867    0.236953    0.186228  6.68288e-05
3770  0.00184712    0.236508    0.332963  0.000112287
3780  0.000182927    0.235235    0.712731  0.000118858
3790  -0.000530041     0.23469    0.504305  7.01523e-05
3800  -0.00122012    0.234162    0.614589  0.00012089
3810  -0.00294784     0.23284    0.785954  6.05053e-05
3820  -0.00243022    0.233236    0.577481  6.21524e-05
3830  -0.00419088     0.23189    0.932868  0.000159862
3840  -0.00562746    0.230791    0.516758  7.01572e-05
3850  -0.00559403    0.230816      1.0307  5.01404e-05
3860  -0.00663026    0.230024    0.834595  0.000106335
3870  -0.00772074     0.22919    0.871368  0.000105394
3880  -0.00873815    0.228411     0.89588  7.3766e-05
3890  -0.00919606    0.228061     1.18962  7.53343e-05
3900  -0.0102448    0.227259     1.20195  0.000105044
3910  -0.0112969    0.226454     1.12837  8.7393e-05
3920  -0.0119927    0.225922    0.932498  6.58353e-05
3930  -0.0126136    0.225447      1.0182  2.47877e-05
3940  -0.0124885    0.225543    0.491445  5.97951e-05
3950  -0.0138095    0.224532    0.846713  3.91754e-05
3960   -0.013272    0.224943    0.393184   1.224e-05
3970  -0.0140543    0.224345    0.760665  7.83714e-05
3980  -0.0148394    0.223744    0.613811  7.34485e-05
3990  -0.0155233    0.223221    0.638167  8.02074e-05
4000  -0.0164435    0.222517    0.662715  5.30508e-05
4010  -0.0165843     0.22241    0.674929  1.14909e-05
4020  -0.0166734    0.222342    0.907424  4.97941e-06
4030  -0.0166839    0.222334      0.6625  3.25256e-05
4040  -0.0173239    0.221844    0.589061  7.46173e-05
4050  -0.0181763    0.221192    0.589192  4.45951e-05
4060  -0.0182158    0.221162    0.564465  5.40386e-05
4070   -0.019257    0.220365    0.478705  3.03758e-05
4080  -0.0188233    0.220697    0.417121  5.30937e-05
4090  -0.0203189    0.219553     0.29497  8.62242e-05
4100  -0.0205478    0.219378    0.368313  4.01709e-05
4110  -0.0211223    0.218939    0.196876  3.89514e-05
4120  -0.0213268    0.218782    0.600773  4.4447e-05
4130  -0.0220113    0.218259    0.294802  6.45622e-05
4140   -0.022618    0.217795  -0.0114065  0.000106207
4150  -0.0241354    0.216634    0.429359  7.56995e-05
4160   -0.024132    0.216636    0.465917  5.86672e-05
4170  -0.0253087    0.215736    0.245779  7.08634e-05
4180  -0.0255493    0.215552    0.233242  6.04215e-05
4190  -0.0265172    0.214812    0.147566  5.38262e-05
4200  -0.0266258    0.214729    0.306765  3.38357e-05
4210  -0.0271939    0.214294    0.551594  5.01521e-05
4220  -0.0276289    0.213962    0.245265  -1.13863e-06
4230  -0.0271711    0.214312    0.269561  5.59214e-05
4240  -0.0287473    0.213106    0.367763  0.000140217
4250  -0.0299755    0.212167     0.26992  3.17999e-05
4260  -0.0293833     0.21262     0.28217  -3.40044e-06
4270  -0.0299074    0.212219    0.184004  7.84785e-05
4280  -0.0309529    0.211419    0.183896  8.96645e-05
4290  -0.0317007    0.210847    0.269837  3.51535e-05
4300  -0.0316559    0.210881  -0.0242064  1.19984e-05
4310  -0.0319407    0.210664    0.379917  2.98947e-05
4320  -0.0322538    0.210424    0.490094  8.92701e-05
4330  -0.0337261    0.209298    0.796243  9.63856e-05
4340  -0.0341815     0.20895    0.637008  8.02152e-05
4350  -0.0353304    0.208071    0.477868   3.195e-05
4360  -0.0348205    0.208461    0.257467  4.88693e-05
4370  -0.0363078    0.207323    0.134778  5.58054e-05
4380  -0.0359366    0.207607   0.0121003  8.54323e-05
4390  -0.0380164    0.206016    0.355298  8.55258e-05
4400  -0.0376472    0.206299    0.171444  -1.74258e-05
4410  -0.0376679    0.206283  -0.0246847  2.73027e-05
4420  -0.0381932    0.205881  -0.0982195  0.000104536
4430  -0.0397587    0.204684   -0.134778  0.000118875
4440  -0.0405707    0.204062   -0.477772  1.79771e-05
4450  -0.0401182    0.204409    0.011682  1.22525e-06
4460  -0.0405952    0.204044  -0.0740428  0.000102911
4470  -0.0421764    0.202834   -0.269812  0.00011875
4480  -0.0429702    0.202227  -0.0128059  0.000114996
4490  -0.0444763    0.201075    0.036277  0.000109667
4500  -0.0451635    0.200549    0.134371  2.61435e-05
4510  -0.0449992    0.200675   0.0972633  1.34945e-05
4520  -0.0454334    0.200343  -0.000520022  1.3482e-05
4530  -0.0452688    0.200469  -0.000735415  2.64632e-05
4540  -0.0459627    0.199938    -0.23341  2.64766e-05
4550  -0.0457984    0.200064   -0.049854  5.10681e-06
4560  -0.0460648     0.19986      0.1215  5.25991e-05
4570  -0.0468503    0.199259  -0.0620801  3.54312e-05
4580  -0.0467735    0.199318   -0.196971  9.73977e-07
4590  -0.0468698    0.199244   0.0233937  4.58233e-05
4600  -0.0476899    0.198617   -0.123568  8.50748e-05
4610  -0.0485713    0.197943  -0.0990567  3.74494e-05
4620  -0.0484389    0.198044   -0.209341  1.1483e-05
4630   -0.048801    0.197767   -0.515502  1.73187e-05
4640  -0.0487853    0.197779   -0.417444  8.75333e-05
4650  -0.0505516    0.196428   -0.441716  7.89149e-05
4660  -0.0503636    0.196572   -0.601203  5.15381e-05
4670  -0.0515824     0.19564   -0.380694  9.86112e-05
4680  -0.0523358    0.195063   -0.515287  0.000103448
4690  -0.0536514    0.194057   -0.674474  8.60829e-05
4700  -0.0540575    0.193746   -0.870495  3.92087e-05
4710  -0.0544356    0.193457    -1.15215  1.12347e-05
4720  -0.0542822    0.193574   -0.858568  -4.9863e-06
4730  -0.0543358    0.193533    -1.15224  7.07669e-05
4740  -0.0556975    0.192492    -1.16447  7.68684e-05
4750  -0.0558732    0.192357    -1.02989  5.0419e-05
4760  -0.0567059    0.191721    -0.83408  4.90505e-05
4770  -0.0568542    0.191607    -1.14034  -7.5927e-06
4780   -0.056554    0.191837    -1.17724  8.9271e-06
4790  -0.0570327    0.191471    -1.55683  0.000105084
4800  -0.0586557    0.190229    -1.21396  0.00011592
4810  -0.0593511    0.189697    -1.39746  3.95028e-05
4820  -0.0594457    0.189625   -0.956782  4.94421e-06
4830    -0.05945    0.189622    -1.43448  3.67861e-05
4840  -0.0601815    0.189062   -0.895569  3.07821e-05
4850  -0.0600657    0.189151   -0.920188  1.27308e-05
4860  -0.0604361    0.188867   -0.834475  -1.01117e-05
4870  -0.0598634    0.189305    -1.15291  6.93176e-05
4880  -0.0618224    0.187807     -1.0059  9.99331e-05
4890  -0.0618621    0.187777   -0.675347  -3.70052e-06
4900  -0.0617484    0.187863   -0.675527  -6.77463e-06
4910  -0.0617266     0.18788   -0.773633  1.78097e-05
4920  -0.0621046    0.187591   -0.797953  4.25095e-05
4930  -0.0625768     0.18723   -0.455245  4.88447e-05
4940  -0.0630815    0.186844   -0.442912  4.43857e-05
4950  -0.0634645    0.186551   -0.393901  4.30308e-05
4960  -0.0639421    0.186186   -0.479745  5.40689e-05
4970  -0.0645459    0.185724    -0.68786  5.89382e-05
4980  -0.0651209    0.185284   -0.663408  4.82593e-05
4990  -0.0655111    0.184985   -0.761406  3.75804e-05
