Time   C(t)   
ps   
0           1           1  4.4963e-10   0.0191332
10    0.810618    0.889525    0.117611   0.0103158
20    0.793684    0.879646  -0.0326433  0.00149843
30     0.78065    0.872043    -0.26924  0.00112764
40    0.771131     0.86649   -0.463452  0.000990826
50    0.760833    0.860483    0.181585  0.000951159
60    0.752108    0.855393    0.288553  0.000911424
70    0.742605    0.849849   -0.335104  0.000789899
80     0.73631    0.846177   -0.915998  0.000769922
90    0.727206    0.840867   -0.958613  0.000802204
100    0.720266    0.836818  -0.0343227  0.000631133
110    0.714583    0.833503   -0.657853  0.000597861
120    0.708308    0.829843    -0.18527  0.000569835
130    0.703187    0.826855    -1.15314  0.000602075
140    0.696267    0.822818   -0.572519  0.000575864
150    0.691669    0.820136   -0.508607  0.000588116
160    0.684505    0.815957   -0.723654  0.00055801
170    0.680509    0.813626    -1.00368  0.000519034
180    0.674124    0.809901   -0.874832  0.000611684
190    0.668276     0.80649    -1.30495  0.000510097
200    0.663922     0.80395   -0.746316  0.000483659
210    0.658602    0.800847    -0.42407  0.000561914
220    0.652684    0.797394   -0.725103  0.000522479
230    0.648153    0.794751   -0.488947  0.000499645
240    0.642691    0.791565    -0.44585  0.000487712
250    0.638399    0.789061   -0.725649  0.000359464
260    0.635502    0.787371    -1.00541  0.000413924
270     0.63012    0.784232   -0.489514  0.000538674
280    0.624728    0.781086    -0.46786  0.000448969
290    0.621141    0.778994  -0.0821438  0.000490752
300    0.614913    0.775361    0.047611  0.000478676
310    0.611567    0.773409   -0.812915  0.00039432
320    0.607027     0.77076   -0.662535  0.000395063
330    0.603666      0.7688   -0.770132  0.000459316
340     0.59784    0.765402   -0.211122  0.000463817
350     0.59439    0.763389   -0.662766  0.000349161
360    0.590857    0.761328   -0.255017  0.000486308
370    0.584663    0.757715   -0.619983   0.0003712
380    0.583433    0.756997   -0.212801  0.000321671
390     0.57823    0.753962   -0.771265  0.000442103
400    0.574591    0.751839   -0.986523  0.000369969
410    0.570831    0.749646   -0.964764  0.00038577
420    0.566876    0.747338    -1.30894  0.000433502
430    0.562161    0.744588    -1.26613  0.000328985
440    0.560296      0.7435   -0.750346  0.000341114
450    0.555338    0.740608    -1.52457  0.000411469
460    0.552067      0.7387    -1.76131  0.000329372
470    0.548751    0.736765    -1.46074  0.000350824
480     0.54505    0.734607    -1.63232  0.000427228
490    0.540206    0.731781     -1.1381  0.000416699
500    0.536716    0.729745    -1.89073  0.000341842
510    0.533369    0.727793    -1.82653  0.000274238
520    0.531231    0.726545    -2.55803  0.000234938
530    0.528671    0.725052    -1.41888  0.00037429
540    0.523745    0.722179    -1.31108  0.000376874
550    0.521133    0.720655   -0.752508  0.000343469
560    0.516876    0.718171   -0.817239  0.000391808
570    0.513297    0.716084   -0.731359  0.000421301
580     0.50845    0.713256   -0.924206  0.000404927
590    0.505199    0.711359    -1.24706  0.000352296
600    0.501404    0.709146     -0.3657  0.000230369
610    0.500591    0.708672    -1.33405  0.000194591
620    0.497512    0.706876   -0.946868  0.000338916
630    0.493813    0.704718   -0.559661  0.000305009
640    0.491412    0.703317   -0.667993  0.00028841
650    0.488045    0.701353    0.363391  0.000414149
660    0.483129    0.698485   -0.452777  0.000370596
670    0.480633    0.697029   -0.431858  0.000315574
680    0.476818    0.694803   -0.496211  0.00032005
690    0.474232    0.693295    0.298892  0.000305289
700    0.470712    0.691242    0.212843  0.000290422
710    0.468423    0.689907    0.900054  0.000258186
720    0.465548    0.688229   0.0618542  0.000324689
730    0.461929    0.686118    0.276251  0.000389469
740    0.457759    0.683686    0.104448  0.000382464
750     0.45428    0.681656    0.319202  0.000319083
760    0.451377    0.679963   0.0399277  0.000335458
770    0.447571    0.677743    0.620067  0.00035951
780    0.444187    0.675768    0.125619  0.00025674
790    0.442436    0.674747   -0.132673  0.000304365
800      0.4381    0.672217    -0.49789  0.000300984
810    0.436417    0.671236   -0.713211  0.000270392
820    0.432692    0.669063    0.361733  0.000276752
830    0.430882    0.668007  -0.0686562  0.000193007
840    0.428832    0.666811   -0.112132  0.000307466
850    0.424732     0.66442   0.0816611  0.000274575
860     0.42334    0.663608    0.102895  0.000200461
870    0.420723    0.662081   -0.219918  0.000238273
880    0.418575    0.660828   -0.284375  0.000232881
890    0.416065    0.659364    0.123835  0.000308539
900    0.412404    0.657228   -0.564174  0.000279455
910    0.410476    0.656103  -0.0701465  0.000272256
920    0.406959    0.654052    0.467734  0.00033229
930     0.40383    0.652227   -0.413689  0.000253578
940    0.401887    0.651093   -0.133848  0.000200513
950     0.39982    0.649887  -0.0699575  0.000230819
960    0.397271      0.6484   -0.134541  0.000175519
970     0.39631    0.647839   -0.823096  0.000283715
980    0.391597     0.64509   -0.306785  0.00033205
990    0.389669    0.643965   -0.306806  0.000143027
1000    0.388736    0.643421   -0.586542  0.00024949
1010    0.384679    0.641055   -0.457165  0.000261885
1020    0.383498    0.640366   0.0151672  0.000118224
1030    0.382315    0.639675   -0.221387  0.000204813
1040    0.379402    0.637976    0.294546  0.000259434
1050    0.377126    0.636649    0.100754  0.000225873
1060    0.374885    0.635341    0.229543  0.000222348
1070    0.372679    0.634054    0.552209  0.000166349
1080    0.371558      0.6334    0.487079  0.000217289
1090    0.368333    0.631519      1.0032  0.000227773
1100    0.367002    0.630743     0.83121  9.67771e-05
1110    0.366398     0.63039    0.422306  0.000135557
1120    0.364291    0.629161    0.250315  0.000200732
1130    0.362383    0.628048    0.357891  0.000203191
1140    0.360227    0.626791    0.207574  0.000169092
1150    0.359001    0.626076   -0.222521  0.000110489
1160    0.358017    0.625502    0.378978  0.00015761
1170    0.355849    0.624237    0.465111  0.000192603
1180    0.354165    0.623255    0.228409  0.000176725
1190    0.352314    0.622175    0.593543  0.000175075
1200    0.350664    0.621212    0.271213  0.000152959
1210    0.349255     0.62039     0.31366  0.000122596
1220    0.348212    0.619782  -0.0518726  0.00017623
1230    0.345731    0.618334   0.0558927  0.000197044
1240    0.344271    0.617483    0.141648  0.000191429
1250    0.341902    0.616101   -0.202085  0.000204197
1260    0.340187    0.615101    0.506907  0.000171699
1270    0.338468    0.614098  -0.0948652  0.000145274
1280    0.337282    0.613406    0.055284  0.000201391
1290     0.33444    0.611748   -0.503411  0.000203808
1300    0.333205    0.611028    0.270079  0.000156786
1310    0.331305    0.609919  -0.0737783  0.000200665
1320    0.329192    0.608687   -0.288889  0.000255039
1330    0.326204    0.606943    0.506697  0.000216095
1340     0.32487    0.606165  -0.0742401  0.000152208
1350     0.32316    0.605168    0.463137  0.000187925
1360    0.321112    0.603973    0.248258  0.000163345
1370    0.319893    0.603262    0.484518  0.000138736
1380    0.318337    0.602354    0.828313  0.000157833
1390    0.316736     0.60142     0.48435  0.000202142
1400    0.314294    0.599996  -0.0531111  0.000200471
1410    0.312727    0.599082    0.226793  0.000138056
1420    0.311533    0.598385     0.48435  0.000117423
1430    0.310378    0.597712    0.914298  0.000172363
1440    0.308086    0.596374    0.462697  0.000179003
1450    0.306798    0.595623    0.204845  0.000105722
1460    0.305971    0.595141  -0.0966496  0.000179817
1470    0.303202    0.593525   0.0106323  0.000268844
1480    0.300595    0.592004   -0.354333  0.000176455
1490    0.299673    0.591467   -0.247155  0.000138858
1500    0.297817    0.590384   -0.354815   0.0001582
1510    0.296509    0.589621   -0.161254  5.25251e-05
1520    0.296767    0.589771    -0.18316  6.9721e-05
1530    0.295114    0.588807    -0.46258  0.000156979
1540    0.293627     0.58794    -0.54865  0.000185074
1550    0.291413    0.586648   -0.677481  0.000215302
1560    0.289321    0.585428  -0.0753946  0.000166722
1570    0.288078    0.584703   -0.484151  0.000130847
1580    0.286704    0.583901    0.483237  0.000186759
1590    0.284343    0.582524   -0.161716  0.000154999
1600    0.283604    0.582093  -0.0975522  0.000198372
1610    0.280376     0.58021   -0.441368  0.000237362
1620    0.278857    0.579324    0.160404   0.0001499
1630    0.277378    0.578461   -0.140713  0.000145935
1640    0.275938    0.577621     0.43951  0.00014413
1650    0.274495    0.576779   -0.506329  0.000250201
1660    0.270934    0.574702   0.0959254  0.000231212
1670    0.269871    0.574082   -0.613821  9.57042e-05
1680     0.26902    0.573586  -0.0552524  0.000158747
1690    0.266696     0.57223   -0.226971  0.000267392
1700    0.263672    0.570466    0.138478  0.000239775
1710      0.2619    0.569432   -0.248667  0.000229591
1720    0.259081    0.567787   0.0308171  0.000190927
1730    0.258082    0.567205    -0.24915  0.000130501
1740    0.256471    0.566265   -0.485389  0.000196201
1750    0.254158    0.564916   -0.184566  0.000192277
1760    0.252625    0.564021    -0.37817  0.000151263
1770    0.251133    0.563151   0.0728649  0.000212891
1780    0.248367    0.561538    0.159102  0.000254993
1790    0.246033    0.560176   0.0518201  0.000244668
1800    0.243474    0.558683     0.50296  0.000196905
1810    0.242095    0.557879    0.244941  0.000177675
1820     0.23992     0.55661    0.223854  0.000142823
1830    0.239238    0.556212   -0.313964  0.000167514
1840     0.23657    0.554656    0.137344  0.00030248
1850    0.233189    0.552683  -0.0128891  0.000230246
1860    0.231965     0.55197    0.631665  0.000135767
1870    0.230473    0.551099   -0.206598  0.000200354
1880    0.227958    0.549632  -0.0348582  0.000225194
1890    0.225969    0.548472   -0.163899  0.000159126
1900    0.224776    0.547776   -0.293003  0.000117299
1910    0.223623    0.547103    -0.44353  0.000213356
1920    0.220508    0.545286   -0.808622  0.000198178
1930     0.21966    0.544791   0.0938051  9.38855e-05
1940    0.218631    0.544191   0.0293265  0.000174544
1950    0.216169    0.542755   -0.250388  0.00024875
1960    0.213656    0.541289    0.351698  0.000222486
1970    0.211719    0.540159    0.136399  0.000158017
1980    0.210495    0.539445  -0.0143589  0.000126996
1990    0.209179    0.538678   -0.186162  0.000185783
2000     0.20678    0.537278    0.114976  0.000226746
2010    0.204644    0.536032    0.329961  0.000198019
2020    0.202819    0.534967  -0.0570995  4.72263e-05
2030      0.2037    0.535481    0.544378  0.000113079
2040    0.200558    0.533648   -0.164634  0.000199169
2050    0.199717    0.533157    0.608899  0.000188445
2060    0.196789     0.53145    0.372722  0.000150196
2070    0.196713    0.531405    0.178468  7.35424e-05
2080    0.195318    0.530592    0.866498  0.00023515
2090     0.19201    0.528662    0.286275  0.000206009
2100    0.191198    0.528188     0.30732  0.00012462
2110    0.189517    0.527208     0.11401  0.000223032
2120    0.186737    0.525586    0.522556  0.000141219
2130    0.186693     0.52556    0.113591  0.000224182
2140    0.182254     0.52297    0.586972  0.000325306
2150    0.180187    0.521765    0.350544  0.000158758
2160    0.179078    0.521118    0.135202  0.000113259
2170    0.177922    0.520443   -0.337906  0.000148059
2180    0.176117    0.519391   -0.531257  0.000187587
2190     0.17417    0.518255    -0.55268  0.000199593
2200    0.172125    0.517062    0.156562  0.000156203
2210    0.171046    0.516432    0.285603  0.000115026
2220    0.169825     0.51572    0.392718  0.000133827
2230    0.168369    0.514871     0.22081  0.000157358
2240    0.166678    0.513884    0.349683  0.000187929
2250    0.164611    0.512679    0.607555  0.00018608
2260    0.162956    0.511713    0.543161  0.000172618
2270    0.161158    0.510665     0.67195  0.000249961
2280    0.157957    0.508797    0.263719  0.000227201
2290    0.156614    0.508014  0.00574177  0.000185824
2300     0.15424    0.506629    0.177608  0.000148805
2310    0.153638    0.506278    0.306229  6.96748e-05
2320    0.152847    0.505816    0.348843  0.000161327
2330    0.150412    0.504396     0.34897  0.000234435
2340    0.148158    0.503081    0.392067  0.000202153
2350    0.146369    0.502037    0.348843  0.000120288
2360    0.145752    0.501678  0.00456602  0.000207925
2370     0.14221    0.499611    0.349137  0.000201213
2380    0.141728     0.49933     0.49893  9.78731e-05
2390    0.140253    0.498469    0.735274  0.000292195
2400    0.135884    0.495921    0.886473  0.000228782
2410    0.135677      0.4958    0.928899   1.605e-05
2420    0.135563    0.495734   0.0904043  0.000194361
2430     0.13179    0.493533    0.348507  0.000280282
2440    0.129958    0.492464    0.219341  0.000135797
2450    0.129074    0.491948    0.498636  0.000112356
2460     0.12771    0.491153     0.34792  0.000165187
2470     0.12577    0.490021    0.498447  0.00017038
2480    0.124303    0.489165    0.863791  4.38903e-05
2490    0.124892    0.489509    0.992055  9.45088e-05
2500    0.122413    0.488063    0.583761  0.000190639
2510    0.121079    0.487285     0.90609  0.000205685
2520    0.118299    0.485663    0.712571  0.000227806
2530    0.116523    0.484627     1.22848  0.000163356
2540    0.115032    0.483757     1.03503  0.000120354
2550    0.114116    0.483223     1.16367  0.000159406
2560    0.111844    0.481897    0.540516  0.000181528
2570    0.110486    0.481105    0.518967  0.00015783
2580    0.108687    0.480056    0.927261  9.99596e-05
2590    0.108486    0.479939    0.647252  0.000110068
2600    0.106486    0.478772     0.53997  0.000132154
2610    0.105843    0.478397    0.561267  0.000132603
2620    0.103834    0.477225     1.12017  0.000157276
2630    0.102698    0.476562    0.883849  0.000133315
2640    0.101167    0.475669     0.92661  9.69432e-05
2650    0.100759    0.475431    0.969393  0.000129144
2660   0.0985845    0.474162    0.389254  0.000134284
2670   0.0980733    0.473864    0.517728  9.29941e-05
2680   0.0967247    0.473078   0.0234067  0.000149792
2690   0.0950775    0.472117    0.474715  8.6074e-05
2700   0.0950032    0.472073    0.130437  9.63069e-05
2710   0.0931514    0.470993    0.667961  0.000222501
2720   0.0905532    0.469477    0.560805  0.000114173
2730   0.0908679    0.469661     1.01188  6.26471e-05
2740   0.0893002    0.468747    0.646265  0.000102366
2750   0.0888206    0.468467    0.624885  0.000115159
2760    0.086997    0.467403    0.732398  7.55802e-05
2770    0.087309    0.467585    0.194769  -3.7957e-06
2780    0.087073    0.467447    0.323537  0.000120917
2790   0.0848907    0.466174    0.409732  0.000123601
2800   0.0846009    0.466005    0.603084  6.65378e-05
2810   0.0835599    0.465398    0.409522  6.16588e-05
2820   0.0833678    0.465286    0.581305  6.6926e-05
2830   0.0822214    0.464617    0.215877  7.45714e-05
2840   0.0818763    0.464416    0.430904  9.49558e-05
2850   0.0803223    0.463509    0.559797  0.000193424
2860   0.0780079    0.462159    0.495487  0.000118208
2870   0.0779581     0.46213    0.194244  9.3428e-05
2880   0.0761393    0.461069    0.215583  0.000192249
2890   0.0741131    0.459887     0.15144  0.000116758
2900   0.0738041    0.459707    0.473623  8.09245e-06
2910   0.0739513    0.459793    0.108069  9.45419e-05
2920   0.0719133    0.458604     0.23688  0.000145559
2930   0.0710401    0.458095   -0.364976  0.000102734
2940   0.0698586    0.457405   -0.343448  6.98175e-05
2950   0.0696438     0.45728  -0.0425618  0.000121195
2960   0.0674347    0.455991   0.0435493  4.20563e-05
2970   0.0688026    0.456789   0.0860173  4.00245e-06
2980   0.0673547    0.455945   -0.386923  0.000150116
2990   0.0658003    0.455038    0.215226  9.13952e-05
3000   0.0655268    0.454878    0.107545  0.000102057
3010   0.0637592    0.453847   0.0215596  7.38945e-05
3020   0.0640489    0.454016   -0.236921  0.000100057
3030    0.061758     0.45268   -0.193593  0.00020875
3040   0.0598739    0.451581    0.128779  0.000126536
3050   0.0592273    0.451204    -0.73139  0.000106236
3060   0.0577492    0.450341   -0.580821  0.000111682
3070   0.0569937    0.449901   -0.280019   9.645e-05
3080   0.0558202    0.449216     -0.3877  0.000133157
3090   0.0543305    0.448347    -0.81748  0.000162196
3100   0.0525762    0.447324   -0.688397  0.00016264
3110   0.0510777     0.44645   -0.774278  0.000197179
3120   0.0486327    0.445023   -0.537849  0.000171468
3130   0.0476483    0.444449   -0.903318  0.000116975
3140   0.0462932    0.443659   -0.860704  0.000135696
3150   0.0449344    0.442866   -0.968154  0.000141321
3160   0.0434667     0.44201   -0.602769  0.000110131
3170   0.0427318    0.441581   -0.560028  0.000128991
3180   0.0408869    0.440505   -0.667415  0.000192686
3190   0.0388781    0.439333   -0.968112  0.000111235
3200   0.0386622    0.439207    -1.01146  7.46021e-05
3210    0.037386    0.438463   -0.409417  8.00224e-05
3220   0.0370618    0.438273     -1.2481  7.76673e-05
3230   0.0358327    0.437556    -1.03309  0.000104471
3240   0.0349724    0.437055   -0.882588  0.000120784
3250    0.033417    0.436147     -0.6248  8.63779e-05
3260   0.0332448    0.436047   -0.710954  0.000137558
3270   0.0306658    0.434542   -0.366718  0.000137776
3280   0.0304893    0.434439   -0.839911  6.59655e-05
3290   0.0293465    0.433773   -0.517182  0.000100994
3300   0.0284694    0.433261   -0.560469  3.94787e-05
3310    0.028557    0.433312   -0.711101  5.58295e-05
3320   0.0273528     0.43261   -0.668087  0.00013411
3330   0.0258748    0.431747   -0.366949  0.000145309
3340   0.0244466    0.430914   -0.689699  6.99938e-05
3350   0.0244749    0.430931   -0.689888  0.000124498
3360   0.0219567    0.429462   -0.624947  0.000121954
3370   0.0220358    0.429508   -0.711436  1.92603e-05
3380   0.0215715    0.429237    -0.53934  5.46622e-05
3390   0.0209426     0.42887   -0.646958  6.02666e-05
3400   0.0203661    0.428534   -0.603881  9.32289e-05
3410    0.019078    0.427783    -1.03387  0.000112586
3420   0.0181144    0.427221    -1.14117  6.14338e-06
3430   0.0189551    0.427711   -0.991256  2.82647e-05
3440   0.0175491    0.426891   -0.625451  3.91492e-05
3450   0.0181721    0.427254   -0.754723  5.04168e-05
3460   0.0165408    0.426303   -0.840477  0.000105518
3470   0.0160618    0.426023   -0.711751  9.34666e-06
3480   0.0163539    0.426194   -0.754786  9.7878e-05
3490   0.0141042    0.424881   -0.561203  9.24319e-05
3500   0.0145052    0.425115   -0.733237  5.13491e-05
3510   0.0130772    0.424282    -1.16323  9.02505e-05
3520   0.0127002    0.424062     -1.2494  7.94682e-05
3530   0.0114879    0.423355   -0.969623  0.000113077
3540   0.0104387    0.422743    -1.07707  0.000119024
3550   0.0091074    0.421966    -1.27032  8.30546e-05
3560  0.00877757    0.421774    -0.64721  5.26085e-05
3570  0.00805523    0.421353   -0.410887  8.63575e-05
3580  0.00705042    0.420766   -0.926672  3.04717e-05
3590   0.0074458    0.420997     -1.5074  4.19335e-05
3600  0.00621175    0.420277    -1.31403  0.000106696
3610  0.00531188    0.419752    -1.39974  3.37261e-05
3620  0.00553723    0.419884   -0.798052  7.62905e-05
3630  0.00378607    0.418862    -1.37838  0.000147112
3640  0.00259499    0.418167    -1.55035  6.26116e-05
3650  0.00253384    0.418132    -1.33558  0.000187758
3660  -0.00116017    0.415977    -1.29221  0.000119859
3670  0.000136662    0.416733     -1.5509  2.95241e-05
3680  -0.00175065    0.415632    -1.37857  0.000117749
3690  -0.00221832    0.415359    -1.09953  0.00010397
3700  -0.00383006    0.414419    -1.63699  0.000132817
3710  -0.00487466     0.41381    -1.52975  7.02391e-05
3720  -0.00523484      0.4136    -1.57274  0.00010209
3730  -0.00691647    0.412619    -1.48661  0.000128179
3740  -0.00779841    0.412104    -1.50788  3.07578e-05
3750  -0.00753163     0.41226    -1.76622  3.09673e-05
3760  -0.00841776    0.411743    -1.87371  8.00966e-05
3770  -0.00913356    0.411326    -2.00302  8.03418e-05
3780  -0.0100246    0.410806    -2.32541  6.60805e-05
3790  -0.0104552    0.410555      -1.874  0.000106967
3800  -0.0121639    0.409558    -1.89536  8.39692e-05
3810  -0.0121346    0.409575    -2.04616  9.02096e-05
3820  -0.0139681    0.408505     -1.6804  0.00012825
3830  -0.0146996    0.408079    -2.11045  -1.43584e-05
3840  -0.0136809    0.408673    -1.78831  4.71675e-05
3850  -0.0156429    0.407528    -1.76676  0.000178938
3860  -0.0172597    0.406585    -1.74511  5.04065e-05
3870   -0.016651     0.40694    -2.08934  3.60481e-05
3880  -0.0179807    0.406165    -2.28291  0.000115539
3890  -0.0189618    0.405592    -1.96039  6.28543e-05
3900  -0.0192377    0.405431    -2.06786  9.55842e-05
3910  -0.0208735    0.404477    -2.45467  0.000184585
3920  -0.0229295    0.403278     -2.4114  3.69676e-05
3930  -0.0216129    0.404046    -2.34761  4.03242e-05
3940  -0.0237359    0.402807    -2.49781  0.000138312
3950  -0.0243791    0.402432    -2.54069  -1.11889e-06
3960  -0.0237136     0.40282    -2.49814  3.18001e-05
3970  -0.0250151    0.402061    -2.47649  0.000106463
3980  -0.0258428    0.401578     -2.1325  0.000133811
3990  -0.0276913      0.4005    -2.56231  8.32003e-05
4000  -0.0275068    0.400608    -2.13284  7.16184e-05
4010  -0.0291237    0.399664     -2.0683  9.87951e-05
4020  -0.0294827    0.399455    -2.30473  0.000114311
4030  -0.0314099    0.398331    -2.00376  0.000129637
4040  -0.0320755    0.397942    -2.24016  0.000118089
4050  -0.0337717    0.396953     -2.0897  5.47847e-05
4060  -0.0331712    0.397303    -1.89666  4.60615e-05
4070  -0.0346929    0.396416    -2.19744  0.000134184
4080  -0.0358549    0.395738    -1.91811  0.000149889
4090  -0.0376907    0.394667    -2.41224  9.85064e-05
4100   -0.037825    0.394588    -1.89658  4.70372e-05
4110  -0.0386314    0.394118    -2.47691  3.18384e-05
4120  -0.0384618    0.394217    -2.15445  4.45228e-06
4130  -0.0387205    0.394066    -2.06882  5.04881e-05
4140  -0.0394715    0.393628    -2.24058  8.44443e-05
4150  -0.0404094    0.393081    -2.17625  1.54041e-06
4160  -0.0395023     0.39361    -2.19776  -3.22394e-05
4170  -0.0397646    0.393457    -2.19795  9.73672e-05
4180  -0.0414497    0.392474    -2.04732  6.66194e-05
4190   -0.041097     0.39268    -2.47747  -4.77398e-05
4200  -0.0404949    0.393031    -2.21985  5.46699e-05
4210  -0.0421904    0.392042    -2.02606  7.33351e-05
4220  -0.0419616    0.392175    -2.28416  -2.605e-05
4230  -0.0416694    0.392346    -2.21994  5.19646e-05
4240  -0.0430009    0.391569    -2.32741  9.58268e-05
4250  -0.0435859    0.391228    -2.58526  5.23377e-05
4260  -0.0440476    0.390959    -2.34887  0.000102757
4270   -0.045641    0.390029    -2.32705  8.41454e-05
4280  -0.0457305    0.389977    -2.49938  -1.62512e-05
4290   -0.045316    0.390219    -2.34908  8.79003e-05
4300  -0.0474885    0.388951    -2.19852  0.000106959
4310  -0.0474552    0.388971    -2.34913  3.15065e-05
4320  -0.0481187    0.388584     -2.1773  5.69407e-05
4330   -0.048594    0.388306    -2.24197  9.84782e-05
4340  -0.0500882    0.387435    -2.58593  0.000168802
4350    -0.05197    0.386337    -2.39208  7.36645e-05
4360  -0.0515615    0.386575    -2.43543  5.49458e-05
4370  -0.0530689    0.385696    -2.71474  8.69809e-05
4380  -0.0533011    0.385561    -2.32798  6.17508e-05
4390   -0.054304    0.384976    -2.26367  0.000126166
4400  -0.0558245    0.384089    -2.47825  0.00010726
4410  -0.0564492    0.383724    -2.19894  1.42179e-05
4420  -0.0561088    0.383923    -2.60765  -1.79838e-06
4430  -0.0564132    0.383745    -2.77956  5.96255e-05
4440  -0.0573013    0.383227    -2.24231  2.08773e-05
4450  -0.0568307    0.383502      -2.393  7.9532e-05
4460   -0.058892    0.382299    -2.11337  0.000157698
4470  -0.0599847    0.381662    -2.19931  3.44798e-05
4480  -0.0595816    0.381897    -2.67238  4.45364e-05
4490  -0.0608754    0.381142    -2.52213  4.12693e-05
4500  -0.0604069    0.381415    -2.28566  0.00010384
4510  -0.0629522    0.379931    -2.11371  0.000133512
4520  -0.0630772    0.379858    -2.15672  8.48811e-05
4530  -0.0646498     0.37894    -2.00613  4.55119e-05
4540  -0.0639874    0.379327     -2.0064  5.9079e-05
4550  -0.0658314    0.378251    -1.96337  0.000111996
4560  -0.0662274     0.37802    -2.02789  4.62811e-05
4570   -0.066757    0.377711    -2.02801  6.30282e-05
4580  -0.0674879    0.377285    -1.98521  8.98518e-05
4590  -0.0685541    0.376663    -1.87747  5.0161e-05
4600  -0.0684911    0.376699    -1.98536  7.04896e-05
4610  -0.0699639     0.37584     -2.0067  4.3847e-05
4620  -0.0693681    0.376188    -2.13607  -2.95192e-05
4630  -0.0693735    0.376185    -1.83536  4.75351e-05
4640  -0.0703188    0.375633    -1.49127  0.000141791
4650  -0.0722093     0.37453    -1.87803  7.14805e-05
4660  -0.0717484    0.374799    -2.07164  -2.93016e-05
4670  -0.0716233    0.374872    -1.92136  2.12811e-05
4680   -0.072174    0.374551    -1.83554  3.14705e-05
4690  -0.0722527    0.374505    -1.57765  6.5577e-05
4700  -0.0734856    0.373786     -1.7495  7.59099e-05
4710  -0.0737709     0.37362    -1.92172  2.17792e-05
4720  -0.0739211    0.373532    -1.64234  5.25981e-05
4730  -0.0748229    0.373006    -1.40581  0.000114288
4740  -0.0762069    0.372199    -1.42719  0.000145533
4750  -0.0777335    0.371308    -1.29827  0.000135778
4760  -0.0789225    0.370614    -1.70634  -1.16151e-05
4770  -0.0775012    0.371443    -1.53487  -4.24292e-05
4780  -0.0780739    0.371109    -1.98639  2.97438e-05
4790  -0.0780961    0.371096    -1.81448  8.52797e-05
4800  -0.0797795    0.370114    -1.38432  8.19743e-05
4810  -0.0797356     0.37014    -1.49204  3.72946e-05
4820  -0.0805254    0.369679    -1.25547  1.64811e-05
4830  -0.0800652    0.369948    -1.44905  6.21229e-06
4840  -0.0806496    0.369607    -1.27697  8.29983e-05
4850  -0.0817252    0.368979    -1.38461  0.000114771
4860   -0.082945    0.368268     -1.4706  7.31103e-05
4870  -0.0831874    0.368126    -1.75017   2.078e-05
4880  -0.0833606    0.368025    -1.72883  -2.84102e-05
4890  -0.0826192    0.368458    -1.47106  2.79993e-05
4900  -0.0839206    0.367699    -1.29903  9.50705e-05
4910  -0.0845206    0.367349    -1.14863  -3.65302e-06
4920  -0.0838475    0.367741    -1.77205  3.19485e-05
4930  -0.0851595    0.366976    -1.66454  9.5883e-05
4940  -0.0857652    0.366623    -1.47102  7.26208e-06
4950  -0.0853048    0.366891    -1.34219  5.73803e-05
4960  -0.0869128    0.365953    -1.29905  0.000107465
4970  -0.0874541    0.365638    -1.42805  3.63238e-05
4980  -0.0876393    0.365529    -1.25648  4.72955e-05
4990     -0.0884    0.365086     -1.7291  5.82673e-05
