Time   C(t)   
ps   
0           1           1  1.02609e-09    0.037299
10    0.635219    0.648599     3.19668   0.0212074
20    0.575853     0.59141     2.95831  0.00511569
30    0.532905    0.550038     3.38471  0.00383554
40    0.499142    0.517513    0.486906  0.00326823
50     0.46754    0.487071     4.82241   0.0028344
60    0.442454    0.462905     2.00363  0.00230164
70    0.421508    0.442726     5.48011  0.00201497
80    0.402155    0.424083     3.52317  0.00174519
90    0.386604    0.409103     1.64381  0.00162671
100    0.369621    0.392742     3.12634  0.00167606
110    0.353083    0.376811     3.28187  0.00139469
120    0.341727    0.365872     4.49074  0.00105644
130    0.331954    0.356457    0.423135  0.00110892
140    0.319548    0.344507     3.39317  0.00114729
150    0.309008    0.334353     0.77322  0.00104295
160    0.298689    0.324413     2.60802  0.00104914
170    0.288025     0.31414     3.03732  0.00100286
180    0.278632    0.305091     3.62096  0.000938261
190     0.26926    0.296063     2.33081  0.000847194
200    0.261688    0.288769    0.804657  0.000727618
210    0.254708    0.282044     1.46789  0.000797999
220    0.245728    0.273394     2.71695  0.000767037
230    0.239367    0.267266   -0.293491  0.000693663
240    0.231855     0.26003     3.41884  0.000733647
250    0.224694    0.253132       4.005  0.000779923
260    0.216256    0.245004     1.34606  0.000616527
270    0.212363    0.241253     3.61031  0.000520142
280    0.205854    0.234982     4.07929  0.00071493
290    0.198065    0.227479     5.64302  0.00067962
300    0.192261    0.221889     3.60989  0.00049505
310    0.188164    0.217941     2.39655  0.000473607
320    0.182789    0.212764     2.94405  0.000490898
330    0.178346    0.208484     2.04283  0.000422221
340    0.174345    0.204629     2.74613  0.000525812
350     0.16783    0.198353     1.88616  0.00045896
360    0.165165    0.195787      2.3543  0.000264622
370    0.162537    0.193255     5.24554  0.000312526
380    0.158915    0.189765     3.09404  0.000426532
390    0.154006    0.185037     1.88227  0.000363394
400    0.151647    0.182764    0.943692  0.000283699
410    0.148332    0.179571      1.2953  0.000426958
420    0.143108    0.174538    0.708303  0.000460871
430    0.139115    0.170692     1.87944  0.000434952
440    0.134409    0.166158     3.16956  0.000307183
450    0.132971    0.164773     1.83907  0.000162604
460    0.131157    0.163025     1.95614  0.000277306
470    0.127425    0.159431     2.81599  0.000284018
480    0.125476    0.157553     2.30699  0.000357635
490    0.120273     0.15254     1.36944  0.00039786
500    0.117519    0.149888    0.586543  0.000286057
510    0.114551    0.147029    0.859782  0.000125717
520    0.115005    0.147466    0.310899  0.000243342
530    0.109685    0.142341     1.21025  0.000358733
540     0.10783    0.140554    0.779385  0.000219199
550    0.105301    0.138118    0.818038  0.000288908
560    0.102052    0.134988     1.48192  0.000257946
570    0.100142    0.133148    0.113514  0.000245936
580   0.0971333     0.13025     2.61506  0.00013692
590   0.0974033     0.13051      2.6929  6.15131e-05
600    0.095903    0.129065     3.16234  0.000107955
610   0.0952442     0.12843     3.20023  0.000123011
620   0.0934428    0.126695     1.71433  0.000231084
630   0.0906225    0.123978     2.61338   0.0001913
640   0.0896168    0.123009     2.37811  6.25182e-05
650   0.0893721    0.122773     3.15997  0.000111487
660   0.0873871    0.120861     3.39437  0.000211449
670   0.0851431      0.1187     4.05845  0.000167255
680    0.084042    0.117639     3.70699  0.000125118
690   0.0826408    0.116289     4.09752  0.000193537
700   0.0801713     0.11391     3.15978  0.000181092
710   0.0790189      0.1128     3.82432  0.00017942
720   0.0765828    0.110453     2.84617  0.000175465
730   0.0755096    0.109419     4.40983  0.000135271
740   0.0738774    0.107847     2.06381  9.26863e-05
750   0.0736559    0.107634     3.89971  7.15096e-05
760   0.0724472    0.106469     3.70374  0.000142467
770   0.0708065    0.104889      3.8205  0.000108365
780   0.0702799    0.104381     4.32783  8.71405e-05
790   0.0690637     0.10321       3.859  0.00012606
800   0.0677587    0.101953       3.585  7.45766e-05
810   0.0675722    0.101773     4.79643  9.63837e-05
820   0.0658311    0.100096     5.06994  0.000105158
830    0.065469   0.0997471     4.87351  0.00011412
840   0.0635487   0.0978971     4.48244  0.000127278
850   0.0629235   0.0972949     3.23174  8.20994e-05
860   0.0619067   0.0963153     3.07438  9.74515e-05
870   0.0609745   0.0954173     1.93976  4.33598e-05
880   0.0610395     0.09548     1.97864  2.61081e-05
890   0.0604523   0.0949143     3.58145  3.70109e-05
900   0.0602993   0.0947669     4.28494  2.40376e-05
910   0.0599715   0.0944512     4.55852  3.71696e-05
920   0.0595559   0.0940508     5.45745  0.00010716
930   0.0578283   0.0923866     4.01193  0.000124822
940   0.0570594   0.0916459     3.58137  -1.84271e-06
950   0.0578652   0.0924221     4.91002  -8.33441e-06
960   0.0572261   0.0918065      3.2686  5.95918e-05
970   0.0566734    0.091274     3.42485  0.000130028
980   0.0546256   0.0893013     3.15226  8.84492e-05
990   0.0549044   0.0895699      2.6423  -4.33259e-05
1000   0.0554921    0.090136     3.65764  5.35721e-05
1010   0.0538329   0.0885378     2.75978  0.000155068
1020   0.0523907   0.0871484     2.25112  0.000135546
1030    0.051122   0.0859263     3.58057  9.60533e-05
1040   0.0504696   0.0852978     3.46263  5.64514e-05
1050    0.049993   0.0848387     3.42348  8.31855e-05
1060   0.0488059   0.0836951     3.46266  4.11713e-05
1070   0.0491696   0.0840454      4.1267  7.46667e-05
1080   0.0473126   0.0822566     2.95411  8.36102e-05
1090   0.0474974   0.0824346      3.2272  7.05563e-05
1100   0.0459015   0.0808972     2.99238  0.000133021
1110   0.0448369   0.0798717     4.24365  0.000115495
1120   0.0435916    0.078672       5.182  0.00011128
1130   0.0426113   0.0777278      5.3761  0.000102601
1140   0.0415395   0.0766953     5.06371  0.000109543
1150   0.0404205   0.0756173     4.39929  -9.00123e-06
1160   0.0417196   0.0768687     4.35858  -2.15247e-06
1170   0.0404635   0.0756587     5.02277  0.000125739
1180   0.0392048   0.0744462     4.31943  0.000103535
1190   0.0383928    0.073664     4.31844  2.4749e-06
1200   0.0391553   0.0743985     4.47488  -4.18611e-06
1210   0.0384766   0.0737446     3.33995  7.47122e-05
1220   0.0376611    0.072959     4.31802  7.08606e-06
1230   0.0383348   0.0736081     2.36287  2.52808e-05
1240   0.0371554    0.072472      4.5908  5.46679e-05
1250   0.0372415   0.0725549     4.82569  -2.6747e-05
1260   0.0376904   0.0729873     4.27765  -2.9055e-05
1270   0.0378226   0.0731146     5.56715  8.90199e-05
1280     0.03591   0.0712722     5.88068  2.66489e-06
1290   0.0377693   0.0730633     6.03693  -8.82132e-05
1300   0.0376742   0.0729718     4.51189  3.45942e-05
1310   0.0370774   0.0723968     4.31672  6.88864e-05
1320   0.0362965   0.0716446     4.35556  5.98939e-05
1330   0.0358795   0.0712429     4.51109  6.23373e-05
1340   0.0350498   0.0704435     6.62298  6.70394e-05
1350   0.0345387   0.0699512     6.89656  6.72204e-05
1360   0.0337054   0.0691484     6.66194  -6.11581e-06
1370    0.034661   0.0700691     7.16896  1.46549e-05
1380   0.0334123   0.0688661     4.39387  6.28918e-05
1390   0.0334032   0.0688574     5.05772  6.77239e-05
1400   0.0320578   0.0675613     5.29227  0.000118546
1410   0.0310323   0.0665734     5.40956  7.72689e-05
1420   0.0305124   0.0660726     5.48759  8.21109e-05
1430   0.0293901   0.0649914     6.73852  8.9207e-05
1440   0.0287283   0.0643539     6.07314  7.55394e-05
1450   0.0278793   0.0635361     6.42464  7.80256e-05
1460   0.0271678   0.0628506     5.83787  8.98291e-05
1470   0.0260827   0.0618054      4.8606  4.81579e-05
1480   0.0262046   0.0619228      5.7205  -2.84952e-05
1490   0.0266526   0.0623544     4.93802  4.37204e-05
1500   0.0253302   0.0610805     5.87633  0.000113734
1510   0.0243779   0.0601631     5.44604  7.1973e-05
1520   0.0238907   0.0596938     5.01605  0.000100236
1530   0.0223732    0.058232     5.13312  5.12256e-05
1540   0.0228662   0.0587069     5.64152  -3.9979e-05
1550   0.0231728   0.0590022     5.21076  -1.66097e-05
1560   0.0231984   0.0590269     6.07062  4.48395e-06
1570   0.0230831   0.0589158     5.28876  3.03734e-05
1580   0.0225909   0.0584417     4.70271  6.34104e-05
1590   0.0218149   0.0576941     4.74163   3.524e-05
1600   0.0218861   0.0577627     3.88124  4.95426e-05
1610   0.0208241   0.0567396     2.98299  -3.78972e-05
1620   0.0226441   0.0584929     2.51202  -2.59735e-05
1630   0.0213435     0.05724     3.05961  9.46547e-05
1640    0.020751   0.0566692      3.1779  1.89867e-05
1650   0.0209638   0.0568742     1.92632  4.82472e-06
1660   0.0206545   0.0565763      2.2779  -4.70998e-06
1670    0.021058    0.056965     1.65194  7.23153e-06
1680   0.0205099    0.056437     1.76923  9.30266e-05
1690   0.0191975   0.0551727     2.43399  5.50065e-05
1700   0.0194097   0.0553772     2.23749  1.69922e-05
1710   0.0188576   0.0548453     1.22153  9.81204e-06
1720   0.0192135   0.0551881     1.18204  9.89055e-06
1730   0.0186598   0.0546548     2.08166  3.38429e-05
1740   0.0185366   0.0545361     2.35535  -2.60919e-05
1750   0.0191816   0.0551574     1.72981  3.16051e-05
1760   0.0179045   0.0539272  0.00967749  -1.65881e-05
1770   0.0195134    0.055477   -0.225177  -5.50183e-05
1780   0.0190049   0.0549872    0.673755  1.9531e-05
1790   0.0191228   0.0551008    0.712979  -2.62944e-05
1800   0.0195308   0.0554938    0.361023  -6.74666e-05
1810   0.0204721   0.0564006    0.165433  -5.30653e-05
1820   0.0205921   0.0565162    0.438633  1.09058e-07
1830   0.0204699   0.0563985    0.751708  6.56568e-05
1840    0.019279   0.0552512   -0.264707  4.87334e-05
1850   0.0194953   0.0554596    -1.90632  -1.19129e-05
1860   0.0195172   0.0554807    -2.68776  -1.19514e-05
1870   0.0197343   0.0556898    -1.86724  -3.39394e-05
1880    0.020196   0.0561346    -2.92285  4.66175e-05
1890   0.0188019   0.0547917    -3.00042  2.70549e-05
1900   0.0196549   0.0556134    -1.04661  -2.12686e-06
1910   0.0188445   0.0548327    -1.59271  2.0992e-07
1920   0.0196507   0.0556093    -2.53216  7.39688e-05
1930   0.0173651   0.0534075    -2.10107  7.64241e-05
1940   0.0181222   0.0541369    -1.24255  -8.31925e-05
1950    0.019029   0.0550104    -1.47713  -1.43842e-05
1960   0.0184099    0.054414    -1.08534  6.9383e-05
1970   0.0176413   0.0536736    -1.12556  8.19005e-05
1980   0.0167719   0.0528361    -1.35965  3.26247e-05
1990   0.0169888    0.053045    -2.02483  5.52656e-06
2000   0.0166614   0.0527296    -1.20447  8.73429e-05
2010    0.015242   0.0513623    -2.06413  7.7566e-05
2020   0.0151101   0.0512352    -3.15938  -1.71373e-06
2030   0.0152762   0.0513953    -2.26037  8.04422e-05
2040   0.0135012   0.0496854   -0.735522  5.55978e-05
2050   0.0141643   0.0503241    -1.94783  1.59616e-05
2060    0.013182   0.0493778    -1.71305  4.33854e-05
2070   0.0132966   0.0494882    -2.22165  1.85471e-05
2080    0.012811   0.0490205    -2.80781  4.61117e-05
2090   0.0123743   0.0485998    -2.18234  -4.40629e-05
2100   0.0136923   0.0498694    -2.02647  -6.16466e-05
2110   0.0136073   0.0497875     -1.2055  4.37203e-05
2120   0.0128179   0.0490271    -2.06517  4.12695e-05
2130   0.0127819   0.0489924     -1.0882  4.64634e-05
2140   0.0118886   0.0481319    -1.75167  -1.90961e-05
2150   0.0131638   0.0493603    -1.94802  -5.43951e-05
2160   0.0129765   0.0491799    -1.16585  6.1064e-06
2170   0.0130417   0.0492427    -1.63483  -9.05893e-06
2180   0.0131577   0.0493545    -1.08733  -1.92307e-05
2190   0.0134263   0.0496132   -0.735713  3.59197e-06
2200   0.0130859   0.0492852   -0.892842  8.49579e-05
2210   0.0117271   0.0479763    -1.87053  3.92679e-05
2220   0.0123005   0.0485287    -1.36274  -1.15088e-05
2230   0.0119573   0.0481981    -1.28429  2.15971e-05
2240   0.0118686   0.0481126   -0.189616  -6.45658e-06
2250   0.0120864   0.0483225   -0.463314  1.22436e-06
2260   0.0118441    0.048089    -1.36217  -2.44322e-05
2270   0.0125751   0.0487932    -1.83142  -4.75304e-05
2280   0.0127947   0.0490047    -2.02712  -1.43005e-06
2290   0.0126037   0.0488207    -1.24533  1.14059e-05
2300   0.0125666    0.048785    -1.87125  -1.43703e-06
2310   0.0126324   0.0488484   -0.698473  -9.17553e-06
2320   0.0127501   0.0489618    0.356976  8.88705e-06
2330   0.0124547   0.0486772   -0.855106  1.40597e-05
2340   0.0124689   0.0486909   -0.151766  -1.95534e-05
2350   0.0128457   0.0490539   0.0829357  1.93181e-05
2360   0.0120825   0.0483187    0.278985  -3.52397e-05
2370   0.0135505   0.0497329   -0.424852  -8.45905e-05
2380   0.0137743   0.0499485   -0.542871  -6.14627e-05
2390   0.0147798    0.050917   0.0427943  -2.50745e-05
2400   0.0142758   0.0504316   -0.738042  -9.57502e-06
2410   0.0149713   0.0511015   -0.151919  1.92347e-05
2420   0.0138911    0.050061   -0.385932  0.000100309
2430   0.0129651   0.0491689    0.317294  0.000116313
2440   0.0115649     0.04782    0.825883  1.16115e-05
2450   0.0127329   0.0489452   -0.543291  -5.91415e-05
2460   0.0127477   0.0489595   -0.934396  7.48279e-05
2470   0.0112363   0.0475036    -1.12911  9.05087e-06
2480   0.0125667   0.0487851   -0.738996  -3.55931e-05
2490   0.0119482   0.0481893   -0.425997  5.13669e-05
2500   0.0115393   0.0477955   -0.856022  9.12043e-05
2510   0.0101241   0.0464321   -0.465107  0.000112574
2520  0.00928786   0.0456266    -0.58286  -3.7991e-06
2530   0.0102001   0.0465053   -0.973812  -1.43204e-05
2540  0.00957427   0.0459025   -0.896087  9.47546e-06
2550   0.0100106   0.0463228    -1.16956  6.91446e-06
2560  0.00943598   0.0457692   -0.387192  2.28648e-05
2570  0.00955328   0.0458822   -0.661081  4.27859e-06
2580  0.00935041   0.0456868   -0.113419  -2.78206e-05
2590   0.0101097   0.0464182   -0.582897  3.10751e-05
2600   0.0087289   0.0450881    -0.50521  0.000167761
2610  0.00675447   0.0431861    -1.59969  0.000109109
2620  0.00654672    0.042986    -1.16986  -3.39339e-06
2630  0.00682234   0.0432515   -0.818324  4.70513e-06
2640  0.00645262   0.0428953    -1.40449  5.05044e-05
2650  0.00581225   0.0422784    -1.32653  1.82301e-05
2660  0.00608801   0.0425441    -1.79601  2.64512e-05
2670  0.00528322   0.0417688    -2.30422  2.91553e-05
2680  0.00550491   0.0419824    -1.99153  5.37006e-05
2690  0.00420921   0.0407342    -2.18719  4.56042e-05
2700  0.00459283   0.0411037    -1.56192  -7.91873e-05
2710  0.00579296   0.0422598    -2.30533  -6.57426e-05
2720  0.00590768   0.0423704    -1.01548  -3.87412e-05
2730  0.00656778   0.0430063    -1.48423  3.48821e-05
2740  0.00521004   0.0416983      -1.249  5.12359e-05
2750  0.00554307   0.0420191   -0.702558  -4.15584e-05
2760   0.0060412    0.042499    -1.01563  2.95944e-05
2770  0.00495118   0.0414489    -2.26652  2.13338e-05
2780  0.00561453    0.042088    -1.36751  -2.24557e-05
2790  0.00540029   0.0418816    -1.79761  4.07161e-05
2800   0.0048002   0.0413035    -0.74205  2.15113e-05
2810  0.00497006   0.0414671    -1.71924  -1.42518e-05
2820  0.00508524   0.0415781    -0.93787  -4.46931e-05
2830  0.00586393   0.0423282    -1.28948  -1.15631e-05
2840   0.0053165   0.0418009    -1.17253  1.87949e-05
2850  0.00548803   0.0419661    -1.83718  -6.07644e-06
2860  0.00543803   0.0419179    -1.36824  -5.50295e-07
2870  0.00549903   0.0419767    -1.83726  3.56316e-05
2880   0.0047254   0.0412314   -0.938252  1.61646e-05
2890  0.00517574   0.0416653    -1.17284  -5.06802e-05
2900    0.005739   0.0422079   -0.547528  6.37687e-05
2910  0.00390037   0.0404367     0.19603  6.09783e-05
2920  0.00451944    0.041033    0.117618  -5.07792e-05
2930  0.00491595    0.041415    0.390743  4.44858e-05
2940  0.00362972    0.040176   -0.468506  5.01127e-05
2950   0.0039137   0.0404495   0.0394348  1.09629e-05
2960  0.00341046   0.0399647    0.078087  4.47598e-05
2970   0.0030185   0.0395872   0.0397022  3.36077e-05
2980  0.00273831   0.0393172   -0.625597  3.65369e-05
2990  0.00228777   0.0388832    -1.17288  7.90879e-05
3000  0.00115655   0.0377935  -0.0785838  -4.26251e-05
3010  0.00314027   0.0397045    -0.89979  -0.000104976
3020  0.00325608    0.039816    0.272533  -3.71837e-05
3030  0.00388394   0.0404209  -0.0399313  5.66926e-05
3040  0.00212223   0.0387238   -0.899446  1.39178e-05
3050  0.00360558   0.0401527   -0.391887  -8.57359e-05
3060  0.00383694   0.0403756     -1.2129  -3.46068e-05
3070  0.00429772   0.0408195   -0.118725  4.83461e-05
3080  0.00287002   0.0394441   -0.391506  4.83506e-05
3090  0.00333071   0.0398879    0.233346  -3.46493e-05
3100  0.00356301   0.0401117    0.350868  -2.90149e-05
3110  0.00391101   0.0404469     0.42886  -3.17163e-06
3120  0.00362644   0.0401728    0.194312  6.59913e-05
3130  0.00259118   0.0391755   -0.822256  6.61299e-05
3140  0.00230384   0.0388987   -0.509601  4.61312e-05
3150  0.00166856   0.0382867   -0.509907  -1.16961e-05
3160  0.00253776   0.0391241   -0.510097  -4.9335e-05
3170  0.00265526   0.0392372   -0.236439  -3.79138e-05
3180  0.00329604   0.0398545  -0.00231003  -5.83537e-05
3190  0.00382233   0.0403615    0.622886  4.05384e-05
3200  0.00248527   0.0390735   0.0369534  0.000110556
3210   0.0016112   0.0382315    -1.60512  4.36992e-05
3220  0.00161129   0.0382316    -1.29238  8.77124e-06
3230  0.00143578   0.0380625    -1.87824  -1.46638e-05
3240  0.00190456   0.0385141    -1.68387  -2.93372e-05
3250  0.00202252   0.0386277    -1.68322  -8.82472e-05
3260  0.00366951   0.0402143   -0.745677  -5.01212e-05
3270  0.00302495   0.0395934     -1.4882  -3.14985e-07
3280  0.00367581   0.0402204   -0.980645  -1.20314e-05
3290  0.00326557   0.0398252    -1.01953  -9.19024e-06
3300  0.00385961   0.0403974    -0.39414  -9.13998e-06
3310  0.00344837   0.0400013    0.114144  -3.46301e-07
3320  0.00386654   0.0404041    -1.01937  -9.19739e-06
3330  0.00363232   0.0401785   -0.941534  -7.17495e-05
3340  0.00530153   0.0417864   -0.863428  -8.97011e-05
3350  0.00542634   0.0419067   -0.237965  -3.54925e-06
3360  0.00537251   0.0418548   -0.198816  3.82676e-05
3370  0.00466099   0.0411694    -0.12113  6.22794e-05
3380  0.00412692   0.0406549  -0.0428707  3.25025e-05
3390  0.00401094   0.0405432   -0.903264  3.26342e-05
3400  0.00347424   0.0400262    -1.99798  4.47294e-05
3410  0.00311635   0.0396814   -0.864611  2.98199e-05
3420  0.00287784   0.0394517    0.112579  -6.2694e-06
3430  0.00324174   0.0398022   -0.356633  -5.45699e-05
3440  0.00396924    0.040503    0.620176  -2.57941e-07
3450   0.0032469   0.0398072    0.346555  1.17497e-05
3460  0.00373425   0.0402767   -0.279175  -6.70169e-05
3470  0.00458724   0.0410984   -0.513953  -5.8077e-05
3480  0.00489579   0.0413956   -0.513876  -3.39455e-05
3490  0.00526615   0.0417524   -0.161997  -6.61069e-06
3500    0.005028   0.0415229   0.0722084  -1.88911e-05
3510  0.00564397   0.0421163    0.228345  -4.3345e-05
3520   0.0058949   0.0423581    0.541191  2.08054e-05
3530  0.00522786   0.0417155    0.658752  5.4538e-05
3540  0.00480414   0.0413073      1.1665  6.39419e-05
3550  0.00394902   0.0404835  -0.00566893  5.48766e-05
3560  0.00370661     0.04025    0.150773  -9.617e-06
3570  0.00414136   0.0406688   -0.201145  -3.42088e-06
3580  0.00377503   0.0403159  -0.00635631  5.21458e-05
3590  0.00309845   0.0396642   -0.318629  1.51335e-05
3600  0.00347236   0.0400244   -0.788031  3.69688e-05
3610  0.00235907   0.0389519   -0.201183  5.2495e-05
3620  0.00242246    0.039013   -0.162073  2.47578e-05
3630  0.00186392   0.0384749   -0.357816  9.21035e-06
3640  0.00223825   0.0388355    -1.10111  -2.18918e-05
3650  0.00230175   0.0388967    -0.55356  2.48949e-05
3660  0.00174035   0.0383559   -0.240981  1.24034e-05
3670  0.00205368   0.0386577   -0.984157  5.95392e-05
3680  0.00054957   0.0372088    -1.02296  5.9584e-05
3690  0.000862004   0.0375098   -0.476294  1.58552e-07
3700  0.000546399   0.0372057   -0.945085  6.31109e-05
3710  -0.000400214   0.0362938   -0.397576  9.62549e-06
3720  0.000353889   0.0370203    -0.63262  6.63252e-06
3730  -0.000532864   0.0361661   -0.593357  4.76694e-05
3740  -0.000599499   0.0361019    -1.25808  6.69092e-05
3750  -0.00187105    0.034877   -0.593548  9.24305e-05
3760  -0.00244811   0.0343211   -0.476674  6.41608e-05
3770  -0.00315426   0.0336408   -0.515594  3.25006e-05
3780  -0.00309812   0.0336949    -1.06329  1.35203e-05
3790  -0.00342467   0.0333803   -0.516243  3.59048e-05
3800  -0.00381622   0.0330031    -1.02384  -3.12068e-05
3810  -0.00280053   0.0339816   -0.633384  -2.47819e-05
3820  -0.00332058   0.0334806   -0.750983  1.35516e-05
3830  -0.00307156   0.0337205   -0.711872  -4.42412e-05
3840  -0.00243575    0.034333  -0.0473754  -1.85779e-05
3850  -0.00270001   0.0340784   -0.477133  2.0013e-05
3860  -0.00283601   0.0339474   -0.672418  5.24109e-05
3870  -0.00374822   0.0330686   -0.125024  5.89937e-05
3880  -0.00401589   0.0328108   -0.203397  3.00532e-05
3890  -0.00434929   0.0324896   -0.360106  3.33952e-05
3900  -0.00468379   0.0321674   -0.477094  3.0252e-05
3910  -0.00495433   0.0319068    -1.02449  5.96874e-05
3920  -0.00587754   0.0310174   -0.750792  7.94158e-05
3930  -0.00654264   0.0303767   -0.476598  2.41145e-05
3940  -0.00635983   0.0305528    -0.98534  -4.77886e-05
3950  -0.00558687   0.0312974   -0.203894  5.37983e-05
3960  -0.0074358   0.0295163   -0.594083  0.000135909
3970  -0.00830505   0.0286789   -0.476942  -1.79794e-06
3980  -0.00739984    0.029551    -1.57204  -2.47357e-05
3990  -0.00781034   0.0291555    -1.02521  2.79117e-05
4000  -0.00795807   0.0290132   -0.868887  4.12588e-05
4010  -0.00863551   0.0283606   -0.907577  3.47241e-05
4020  -0.00865255   0.0283442    -1.02514  -1.6124e-06
4030  -0.00860327   0.0283917    -1.14247  -1.82347e-05
4040  -0.00828786   0.0286955    -1.29903  -2.16037e-05
4050  -0.00817119   0.0288079    -1.14262  -7.50652e-05
4060  -0.00678656   0.0301417   -0.282992  -0.000111967
4070  -0.00593185   0.0309651   -0.869918  2.14896e-05
4080  -0.00721635   0.0297277   -0.595648  6.83192e-05
4090  -0.00729823   0.0296488  -0.0486349  2.16372e-05
4100  -0.00764909   0.0293108   -0.283603  -8.58861e-06
4110  -0.00712646   0.0298143   -0.752433  -1.80528e-06
4120  -0.00761299   0.0293456   -0.401126  8.22917e-06
4130  -0.00729105   0.0296558   -0.791849  -1.53417e-05
4140  -0.00730615   0.0296412    -1.37824  1.16734e-05
4150  -0.00752451   0.0294309     -1.3001  -2.56256e-05
4160  -0.00679364   0.0301349   -0.635942  2.87467e-05
4170  -0.00809945    0.028877    -1.10477  3.54778e-05
4180  -0.0075032   0.0294514    -1.84783  -3.9263e-05
4190  -0.00731419   0.0296335    -2.04369  -2.23503e-05
4200  -0.00705619    0.029882    -2.19971  4.9534e-06
4210  -0.00741326    0.029538    -1.41777  -1.22245e-05
4220  -0.0068117   0.0301175    -2.12195  8.42097e-06
4230  -0.00758168   0.0293758    -2.23894  5.64929e-05
4240  -0.00794156   0.0290291    -1.30036  3.26027e-05
4250  -0.00823373   0.0287477    -1.02712  2.58169e-05
4260  -0.0084579   0.0285317    -1.18299  -2.24978e-05
4270  -0.00778377   0.0291811   -0.245218  -1.557e-05
4280  -0.0081465   0.0288317   -0.479729  1.55159e-05
4290  -0.00809409   0.0288822   -0.714354  2.60349e-05
4300  -0.00866719   0.0283301    0.302253  -3.31276e-05
4310  -0.00743154   0.0295204   -0.206108  -4.7038e-05
4320  -0.00772643   0.0292363   0.0677805  3.30361e-05
4330  -0.00809226   0.0288839    0.263371  -1.23643e-05
4340  -0.00747915   0.0294746    0.419164  3.67769e-05
4350  -0.0088278   0.0281754   -0.713742  2.26799e-05
4360  -0.00793275   0.0290376   -0.753693  -8.61427e-05
4370  -0.00710494    0.029835    0.145352  -4.76715e-05
4380  -0.00697932   0.0299561       0.536  7.57145e-05
4390  -0.00861923   0.0283763    0.223421  1.52434e-06
4400  -0.0070098   0.0299267  -0.0506962  -9.74295e-05
4410  -0.00667064   0.0302534    0.379519  3.70437e-05
4420  -0.00775068    0.029213   0.0667498  4.7722e-05
4430  -0.00762508    0.029334    0.223077  1.67331e-06
4440  -0.00778414   0.0291807    0.809697  -1.26263e-05
4450  -0.00737256   0.0295772    -0.32363  -1.26212e-05
4460  -0.00753172   0.0294239    -0.28452  -2.70514e-05
4470  -0.00683153   0.0300984      0.1067  -7.73245e-05
4480  -0.00598523   0.0309137    0.379787  -8.47839e-05
4490  -0.00513585   0.0317319   -0.206642  -7.06809e-05
4500  -0.00457161   0.0322754     0.34037  -9.98394e-05
4510  -0.00313907   0.0336554   0.0659862  -0.00010374
4520  -0.00249681   0.0342741    0.261119  4.7949e-05
4530  -0.00409804   0.0327316     1.00437  1.5256e-05
4540  -0.00280193   0.0339802     1.00437  -7.53126e-05
4550  -0.00259179   0.0341826    0.769784  -1.74096e-05
4560  -0.00245374   0.0343156    0.418553  -1.38326e-05
4570  -0.00231514   0.0344491   0.0271807  -4.67865e-05
4580   -0.001518    0.035217     1.23896  -7.25355e-05
4590  -0.000864432   0.0358466    0.808666  5.68083e-07
4600  -0.00152937   0.0352061     1.23923  2.98568e-05
4610  -0.00146157   0.0352714     1.78605  3.3721e-05
4620  -0.00220379   0.0345564     1.66864  4.85304e-05
4630  -0.00243218   0.0343364     1.27826  -2.99664e-06
4640  -0.00214385   0.0346142    0.847777  2.66693e-05
4650  -0.00296556   0.0338226     1.00437  3.40878e-05
4660  -0.00282561   0.0339574    0.925921  -3.63275e-05
4670  -0.00223901   0.0345225     0.53474  -2.52487e-05
4680  -0.00232064   0.0344439     0.61277  7.16129e-05
4690  -0.00367127   0.0331428    0.730598  3.81172e-05
4700  -0.00308298   0.0337095    0.651919  -4.02147e-05
4710  -0.00286698   0.0339176    0.182669  -1.78855e-05
4720  -0.00272527   0.0340541    0.378297  -4.05192e-05
4730  -0.00205659   0.0346982   -0.521359  8.34605e-06
4740  -0.00289219   0.0338933    -0.55921  2.33329e-05
4750  -0.00252325   0.0342487  -0.0904562  -6.34347e-05
4760  -0.0016235   0.0351154   -0.247203  -9.39364e-05
4770  -0.000644524   0.0360585   -0.325959  -3.73499e-05
4780  -0.000876498    0.035835   -0.638385  4.9863e-05
4790  -0.00164178   0.0350978   -0.716148  4.66377e-07
4800  -0.000885825    0.035826   -0.443061  -4.13797e-05
4810  -0.00081419    0.035895    -1.02903  -6.07304e-05
4820  0.000328784   0.0369961    -1.22493  -7.61936e-05
4830  0.000709681    0.037363    -1.06829  4.07615e-06
4840  0.000247261   0.0369176   -0.677534  3.86385e-05
4850  -6.30884e-05   0.0366186   -0.482172  -2.28745e-05
4860  0.00070475   0.0373583   -0.521511  -3.54771e-06
4870  7.86575e-06   0.0366869    -1.45921  -6.17552e-05
4880  0.00193986   0.0385481   -0.990456  -8.50039e-05
4890  0.00170794   0.0383247    -1.77244  -1.56172e-05
4900   0.0022522    0.038849    -0.95188  1.55405e-05
4910  0.00139713   0.0380253    -1.53789  2.71664e-05
4920  0.00170887   0.0383256    -1.14667  3.03553e-08
4930  0.00139653   0.0380247    -1.34249  -1.96114e-05
4940   0.0021011   0.0387034    -1.14709  3.53446e-05
4950  0.000689634   0.0373437   -0.677839  5.49326e-05
4960  0.00100245    0.037645   -0.756022  -7.46751e-05
4970  0.00218314   0.0387824   -0.443329  -5.51508e-05
4980  0.00210546   0.0387076   -0.912807  -1.59446e-05
4990  0.00250203   0.0390896   -0.912426  2.32616e-05
