Time   Number   
ps   
0          19          25
10          13          17
20          17          25
30          14          26
40          13          25
50          13          25
60          12          22
70          15          17
80          15          21
90          13          17
100          15          19
110          13          21
120          12          22
130          12          22
140          14          22
150          15          17
160          13          23
170          10          18
180          14          20
190          11          23
200          12          12
210          11          21
220          13          17
230          14          22
240          16          18
250          13          21
260          15          23
270          16          22
280          15          21
290          14          24
300          16          20
310          18          26
320          14          20
330          15          17
340          14          16
350          15          19
360          19          23
370          14          22
380          15          19
390          16          20
400          12          22
410          14          18
420          15          23
430          15          19
440          14          20
450          14          14
460          15          23
470          14          22
480          15          19
490          14          14
500          11          15
510          15          17
520          12          12
530          10          12
540          12          12
550          13          15
560          14          16
570          11          17
580           9          15
590          11          15
600          14          16
610          10          20
620          10          16
630          11          15
640          12          14
650           7          13
660           9          13
670           8          12
680           9          13
690           9          15
700           6          14
710           8          12
720           8          10
730           9          15
740           8          12
750           9           9
760           5           9
770           8          14
780           8          12
790          13          17
800          12          20
810          10          12
820          10          14
830          10          16
840          11          13
850          12          16
860          14          18
870          13          19
880          11          17
890           9          19
900          17          19
910          13          17
920          13          17
930          12          14
940           8          12
950           9          17
960          11          15
970          10          14
980          13          15
990          10          14
1000          10          14
1010          10          10
1020           8          12
1030           8          12
1040          10          10
1050           9          13
1060           8          10
1070           8          16
1080          13          19
1090          15          17
1100          12          18
1110          13          17
1120          13          19
1130           9          11
1140          10          16
1150           7          15
1160           9          11
1170          10          14
1180          10          12
1190          10          14
1200           9          13
1210          11          17
1220          10          18
1230          10          14
1240          11          13
1250           9          13
1260          11          11
1270           8          16
1280           9          17
1290           8          12
1300           8          16
1310           9           9
1320           7           9
1330           6           6
1340           7          11
1350           7          13
1360           6           6
1370           5           5
1380           6          10
1390           6          12
1400           7           7
1410           7          11
1420           7          19
1430          10          16
1440          12          16
1450          12          22
1460          13          13
1470          12          12
1480          11          15
1490          11          17
1500          11          17
1510           9          15
1520           8          18
1530          12          14
1540           9          17
1550          12          16
1560          11          15
1570          13          17
1580           7          15
1590          11          13
1600          11          19
1610          12          18
1620          11          13
1630          11          17
1640          10          22
1650           9          15
1660          10          14
1670          10          10
1680          13          19
1690          12          14
1700          11          15
1710          14          16
1720          12          16
1730          13          17
1740          13          17
1750          13          15
1760          15          19
1770          13          15
1780          14          18
1790          12          14
1800          13          19
1810          15          17
1820          14          16
1830          15          15
1840          12          18
1850          13          15
1860          12          20
1870          12          14
1880          10          14
1890          12          18
1900          13          19
1910          13          15
1920          12          16
1930          14          14
1940          13          19
1950          13          17
1960          12          12
1970          14          16
1980          14          16
1990          12          16
2000          14          16
2010          10          18
2020          10          16
2030          12          14
2040          11          15
2050           9          15
2060          10          14
2070           9          19
2080          11          11
2090           7          11
2100           9          11
2110           9           9
2120           9          11
2130           7          11
2140           8          12
2150           9          15
2160          11          11
2170           9          13
2180          11          13
2190          11          11
2200          10          14
2210          10          16
2220          11          15
2230          12          16
2240          12          14
2250          12          14
2260          13          15
2270          11          19
2280          13          15
2290          11          13
2300          12          16
2310          11          11
2320          13          13
2330          14          16
2340          11          17
2350          12          18
2360           9          15
2370           9          13
2380          11          11
2390          11          13
2400           9          11
2410           8          14
2420          10          18
2430           8          16
2440          12          14
2450          15          15
2460          11          13
2470          12          18
2480          13          17
2490          11          17
2500          12          16
2510          13          19
2520          16          18
2530          16          20
2540          17          19
2550          13          19
2560          13          17
2570          12          14
2580          10          18
2590          12          12
2600          11          11
2610          14          14
2620          11          15
2630          14          18
2640          12          16
2650          14          14
2660          14          14
2670          11          15
2680          10          10
2690           9          15
2700          12          14
2710          14          18
2720          12          14
2730          10          14
2740           9          19
2750          11          17
2760          10          16
2770          13          17
2780          15          15
2790          15          19
2800          12          12
2810          12          16
2820          11          15
2830          10          10
2840          12          14
2850          12          14
2860          11          19
2870          12          14
2880           8          16
2890          11          17
2900          11          11
2910          11          15
2920          11          15
2930          12          16
2940          12          16
2950          11          17
2960          12          14
2970          12          16
2980          14          16
2990          16          16
3000          14          20
3010           9          17
3020          10          18
3030          12          12
3040          11          17
3050          14          16
3060          15          17
3070          14          16
3080          16          18
3090          13          15
3100          14          18
3110          12          14
3120          16          22
3130          13          17
3140          12          16
3150          12          14
3160          12          16
3170           9          17
3180          11          17
3190          10          14
3200          13          17
3210          12          16
3220          10          16
3230          12          16
3240          10          12
3250           8          16
3260          11          17
3270          13          15
3280          11          15
3290          10          16
3300          12          14
3310          11          11
3320          13          13
3330           7           9
3340           9          13
3350           7          11
3360          11          13
3370          11          17
3380           8          12
3390           8          12
3400           8          12
3410           9          13
3420          10          10
3430          11          11
3440          11          11
3450           9          13
3460          11          11
3470          10          10
3480          11          11
3490           9          17
3500          12          12
3510           9          11
3520          10          12
3530          12          12
3540          10          10
3550           9           9
3560           8          10
3570           8          10
3580          12          12
3590          10          10
3600          10          14
3610          10          12
3620          10          14
3630           6           8
3640           9          11
3650           8          12
3660           8           8
3670          10          10
3680           8          10
3690          11          15
3700          11          13
3710           9          13
3720          12          12
3730          11          15
3740          11          13
3750          14          14
3760           8          12
3770          11          17
3780          10          14
3790          12          14
3800          11          15
3810           8          12
3820          12          14
3830          12          12
3840          12          18
3850          12          16
3860           9          13
3870           9          17
3880          10          14
3890           7          13
3900           8          12
3910           6          10
3920           7           9
3930           8          10
3940           9          13
3950           9          17
3960           9          11
3970           9          11
3980           8          10
3990           5          15
4000           7           9
4010           9          13
4020           6          14
4030           9          13
4040           7          13
4050           9           9
4060           8          10
4070           8          10
4080           8          12
4090           6          14
4100          10          12
4110           9          13
4120           8          18
4130           9          11
4140          10          16
4150           9          13
4160           9          13
4170           8          12
4180          10          16
4190          10          12
4200           8          16
4210          12          16
4220           9          15
4230          10          14
4240          11          13
4250           9          17
4260           9          13
4270          10          12
4280          12          18
4290           8          12
4300           6          10
4310          10          10
4320           6          10
4330           7          15
4340           8          10
4350           7          11
4360           6          10
4370           9          11
4380           8          14
4390           5          11
4400           7           9
4410           4          12
4420           5          13
4430           5           7
4440          10          10
4450           9           9
4460           5           7
4470           8          12
4480           4           8
4490           6           8
4500           8          14
4510           7          13
4520          10          10
4530           9           9
4540           8          12
4550           6          12
4560          10          14
4570          10          10
4580           6          10
4590           5          11
4600           4          12
4610           7          11
4620           6          12
4630           6          14
4640          10          14
4650          11          13
4660           7          15
4670           5          13
4680           7          11
4690           7           9
4700           7          11
4710           9           9
4720           9          13
4730           8          10
4740           9          11
4750          12          12
4760           9          13
4770           6          14
4780           8          14
4790           7          17
4800          10          16
4810           8          12
4820           7          17
4830           9          11
4840           8          12
4850           8          14
4860           8          12
4870          10          14
4880          11          13
4890           9          11
4900           9          11
4910           7           9
4920           7           9
4930           9          13
4940           6           8
4950           7           9
4960           6          12
4970           7           9
4980           8           8
4990           8          14
5000           7           9
5010           7          13
5020          10          10
5030          10          14
5040          10          12
5050           5          11
5060           6          14
5070           8          10
5080           9          13
5090          10          14
5100          10          10
5110          10          12
5120           9          11
5130           7           9
5140           8          18
5150          11          17
5160          12          16
5170          10          12
5180          11          11
5190           6          14
5200           8           8
5210           8          14
5220           8          12
5230           8          12
5240           8          12
5250           8          10
5260           6           8
5270           8          12
5280           8          10
5290          11          11
5300           9          13
5310          11          13
5320          11          13
5330           6          10
5340          11          13
5350           7          13
5360          10          16
5370          11          11
5380           9          11
5390          10          16
5400          11          17
5410          10          16
5420          11          13
5430          12          14
5440          13          19
5450          10          20
5460          11          19
5470          11          13
5480           9          13
5490          10          16
5500          10          14
5510          12          16
5520          11          13
5530           9          15
5540           8          12
5550          12          18
5560          12          14
5570          11          17
5580          12          14
5590          12          14
5600          12          14
5610           9          19
5620          10          14
5630          10          12
5640          10          12
5650          12          14
5660           9           9
5670          11          17
5680           8          10
5690           9          11
5700           7          13
5710           8          10
5720           6           8
5730           7           9
5740          12          12
5750           8          12
5760          11          17
5770          11          13
5780           8          12
5790          12          12
5800          12          16
5810          14          16
5820          13          13
5830           9          13
5840           8          10
5850           7           9
5860          11          17
5870           8          14
5880          11          17
5890           9          13
5900          10          16
5910          13          19
5920          13          15
5930           9          13
5940          12          22
5950          10          14
5960           9          15
5970          13          13
5980          12          16
5990          14          16
6000           9          15
6010           8          16
6020           9          13
6030          13          15
6040          11          13
6050          13          15
6060          14          16
6070          11          17
6080          11          13
6090          12          16
6100          13          15
6110          11          15
6120          12          20
6130          11          19
6140          10          14
6150          11          15
6160          13          15
6170          11          19
6180          12          14
6190          10          12
6200          12          12
6210          12          12
6220          13          15
6230          12          14
6240          11          15
6250          10          10
6260           6          10
6270           9          13
6280           9          15
6290          11          17
6300          12          12
6310          12          12
6320          13          13
6330          12          12
6340          10          14
6350          12          16
6360          13          19
6370          12          18
6380          10          18
6390          12          16
6400          15          19
6410          15          15
6420          17          17
6430          14          18
6440          11          19
6450          12          20
6460          11          21
6470          14          16
6480          13          17
6490          14          20
6500          14          18
6510          14          24
6520          14          24
6530          12          22
6540          16          18
6550          12          20
6560          13          15
6570          10          14
6580          12          14
6590          12          16
6600          13          15
6610          10          18
6620          12          14
6630          12          16
6640          12          18
6650          11          15
6660          13          15
6670          11          17
6680           9          17
6690          12          18
6700           9          15
6710          10          12
6720          15          21
6730          13          17
6740          12          16
6750          12          12
6760          10          18
6770           9          13
6780           9           9
6790           9           9
6800          11          13
6810          11          11
6820           6          14
6830          10          14
6840          13          13
6850          11          15
6860          11          15
6870          13          17
6880          12          14
6890          11          15
6900          14          18
6910          11          13
6920          12          16
6930          15          21
6940          16          26
6950          18          22
6960          14          24
6970          14          18
6980          17          19
6990          16          18
7000          11          13
7010          12          12
7020          11          17
7030          11          17
7040          11          13
7050          12          18
7060          12          20
7070          11          15
7080           9          13
7090          13          15
7100          11          21
7110          10          14
7120          11          13
7130           8          16
7140          14          14
7150          14          18
7160          11          17
7170          11          17
7180          13          17
7190          13          17
7200          15          19
7210          14          18
7220          13          19
7230          14          20
7240          14          22
7250          16          18
7260          15          21
7270          14          16
7280          16          24
7290          16          20
7300          15          23
7310          13          19
7320          14          20
7330          13          21
7340          14          22
7350          15          21
7360          18          24
7370          18          18
7380          18          22
7390          15          23
7400          12          18
7410          14          22
7420          12          22
7430          12          14
7440          12          20
7450          15          21
7460          15          15
7470          15          17
7480          16          16
7490          14          16
7500          13          19
7510          16          16
7520          11          15
7530          14          18
7540          12          18
7550          13          21
7560          12          16
7570          13          17
7580          12          18
7590          13          17
7600          15          15
7610          13          15
7620          16          16
7630          16          18
7640          14          20
7650          16          18
7660          13          15
7670          17          21
7680          16          18
7690          16          22
7700          19          21
7710          17          27
7720          19          21
7730          17          19
7740          16          22
7750          15          17
7760          16          26
7770          18          28
7780          19          29
7790          18          24
7800          18          24
7810          19          21
7820          18          28
7830          16          24
7840          17          21
7850          14          22
7860          15          19
7870          12          16
7880          14          18
7890          12          18
7900          11          17
7910          13          17
7920          13          17
7930          15          21
7940          13          17
7950          11          13
7960          13          19
7970          13          19
7980          13          15
7990          14          18
8000          14          14
8010          11          13
8020          11          19
8030          11          19
8040          12          16
8050          12          16
8060          11          17
8070           9          15
8080          13          17
8090          11          17
8100           8          16
8110          12          18
8120          13          17
8130          10          14
8140          13          21
8150          13          17
8160          12          18
8170          14          16
8180          15          15
8190          15          15
8200          13          15
8210          14          16
8220          15          17
8230          16          18
8240          13          15
8250          14          22
8260          16          16
8270          14          18
8280          14          16
8290          13          13
8300          15          17
8310          13          17
8320          14          24
8330          11          19
8340          14          18
8350          14          16
8360          13          17
8370          14          16
8380          12          16
8390          14          16
8400          15          17
8410          15          19
8420          12          22
8430          11          15
8440          12          18
8450          14          16
8460          12          20
8470          11          13
8480          15          17
8490          15          17
8500          15          17
8510          14          22
8520          14          18
8530          11          17
8540          14          18
8550          11          17
8560          11          17
8570          14          18
8580          14          20
8590          16          26
8600          16          16
8610          16          16
8620          15          19
8630          16          20
8640          13          17
8650          13          15
8660          17          17
8670          15          17
8680          15          21
8690          16          18
8700          16          20
8710          17          19
8720          16          18
8730          14          18
8740          14          16
8750          13          21
8760          14          20
8770          13          17
8780          14          16
8790          14          22
8800          13          17
8810          14          16
8820          12          16
8830          15          19
8840          13          19
8850          12          16
8860          11          15
8870          13          17
8880          14          14
8890          12          14
8900           9          13
8910          10          14
8920          11          19
8930          10          16
8940          12          16
8950          11          15
8960          11          11
8970          12          12
8980          11          15
8990           8          10
9000          10          14
9010          10          16
9020          11          15
9030          10          16
9040          11          13
9050          12          16
9060          12          14
9070          12          14
9080          14          16
9090          15          17
9100          14          16
9110          16          20
9120          15          19
9130          14          18
9140          14          18
9150          13          19
9160          14          20
9170          14          20
9180          15          17
9190          10          16
9200          12          16
9210          12          14
9220          11          17
9230          14          16
9240          13          15
9250          12          16
9260          11          13
9270          12          12
9280          12          12
9290          13          13
9300          16          18
9310          15          23
9320          18          20
9330          13          19
9340          12          16
9350          13          23
9360          11          15
9370          10          18
9380          10          18
9390          11          13
9400           7          13
9410           9          13
9420           9          15
9430          14          16
9440           9          13
9450           7          13
9460           9          15
9470           9          15
9480           9          11
9490          13          13
9500          11          15
9510           6          16
9520           7          11
9530          10          16
9540          13          19
9550          10          14
9560           8          10
9570           9          11
9580          10          12
9590          11          15
9600           9          17
9610          13          15
9620          13          15
9630          10          12
9640           9          15
9650           9          13
9660          12          12
9670          10          12
9680          10          16
9690           8          12
9700           8          14
9710           8          14
9720           9          11
9730           6          10
9740           6          10
9750           9          13
9760           8          12
9770           8          16
9780           9          13
9790           7          13
9800          11          15
9810          10          12
9820          11          13
9830          11          13
9840          11          13
9850           7          11
9860          10          12
9870          11          11
9880           8          12
9890           9           9
9900           7          11
9910          11          13
9920           9          13
9930          10          12
9940          10          10
9950           8           8
9960          11          11
9970          11          11
9980           9          13
9990          13          13
10000           9           9
