Time   C(t)   
ps   
0           1           1  1.64737e-09   0.0315655
10    0.688433    0.810582     1.16965   0.0174255
20     0.65149    0.788122    -2.47317  0.00328554
30    0.622723    0.770633    -1.98129  0.00234752
40     0.60454    0.759578    0.380506  0.00178837
50    0.586955    0.748888    -2.23204  0.00169652
60    0.570609     0.73895    -2.08449  0.00176768
70    0.551602    0.727394   -0.705376  0.00164756
80    0.537658    0.718917    -1.00053  0.00120817
90    0.527438    0.712704    -1.93713  0.000947148
100    0.518715    0.707401    -1.29732  0.000877151
110    0.509895    0.702039    -2.18364  0.000930926
120    0.500097    0.696082   -0.903539  0.000828616
130    0.493323    0.691963    -2.53051  0.000750251
140    0.485092    0.686959    -3.46552  0.000928353
150    0.474756    0.680676    -1.84177  0.000805512
160    0.468981    0.677165    -1.39931  0.000497609
170    0.464804    0.674625   -0.465017  0.000615513
180    0.456671    0.669681     -1.3015  0.000620596
190    0.452392    0.667079    -1.79482  0.000509059
200     0.44649    0.663491    0.125625  0.000554468
210    0.441302    0.660337    -1.64861  0.000778052
220    0.430929    0.654031   -0.760796  0.000763133
230     0.42604    0.651058   -0.810396  0.000404365
240    0.422842    0.649114    0.912363  0.000368807
250    0.418664    0.646574   -0.467758  0.000470991
260    0.413422    0.643387   -0.417916  0.000382499
270    0.411014    0.641923    0.959079  0.000428189
280    0.404858    0.638181   -0.911906  0.000542918
290    0.400155    0.635322   -0.124062  0.000580826
300    0.393241    0.631118   -0.961075  0.000651269
310     0.38713    0.627403   -0.664912  0.000497402
320    0.383293     0.62507    -1.35504  0.000318615
330    0.380758    0.623529    -1.94713  0.000286575
340    0.377562    0.621586     -0.6677  0.000401886
350     0.37272    0.618642     -2.5397  0.000275457
360    0.372053    0.618237    -2.73709  0.000391252
370    0.364895    0.613885    -1.89936  0.000473946
380    0.362574    0.612474    -1.30852  0.000327027
390    0.358354    0.609909    -2.78534  0.000414127
400    0.354291    0.607439     -2.6376  0.000336644
410    0.351621    0.605815    -1.94915  0.000168151
420    0.350928    0.605394     -3.6238  0.00029256
430     0.34577    0.602258    -2.19422  0.00032606
440    0.344407    0.601429    -2.14702  0.00019443
450    0.341882    0.599894    -1.90099  0.000248687
460    0.339433    0.598406  -0.0300061  0.000257505
470    0.336732    0.596763   -0.474153  0.000345244
480    0.332529    0.594208     2.08687  0.000362542
490    0.329481    0.592355   -0.475308  0.000421646
500    0.324096    0.589081    0.263416  0.000605764
510    0.317365    0.584989   -0.227448  0.000348344
520    0.317129    0.584845    -1.21326  0.000228299
530    0.312799    0.582213    -1.95271  0.000416686
540    0.308795    0.579779     -1.5088  0.000317143
550    0.306457    0.578357    -1.01683  0.000208975
560    0.304615    0.577238   -0.524572  0.000213657
570    0.302183    0.575759   -0.327852  0.000293854
580    0.298738    0.573665   0.0659742  0.000281814
590    0.296547    0.572333   -0.869374  0.000236177
600    0.294015    0.570793    -1.51072  0.000207192
610    0.292403    0.569813    -1.70773  0.000237195
620    0.289271    0.567909    -2.15025  0.000246069
630    0.287482    0.566821    -2.00351  0.00022978
640    0.284675    0.565115    -2.00298  0.00035709
650     0.28034     0.56248    -1.01746  0.000378929
660    0.277097    0.560508    -1.75584  0.000214486
670     0.27605    0.559872    -2.98759  0.000376347
680     0.26957    0.555932      -1.706  0.000304644
690    0.269958    0.556167    -3.77568  0.000105776
700    0.267454    0.554646    -3.82509  0.000178228
710    0.266393       0.554    -3.53017  0.00019149
720    0.263624    0.552317    -3.52993  0.000179014
730    0.262813    0.551824    -2.10228   0.0002222
740     0.25918    0.549615    -3.67696  0.000158392
750    0.259645    0.549898    -2.29919  0.000124703
760    0.256686    0.548099    -1.06797  0.000176229
770     0.25612    0.547755    -2.15284  4.80652e-05
780    0.255725    0.547515    -2.98957  9.11102e-05
790    0.254298    0.546647    -3.13707  0.000224504
800    0.251235    0.544785    -3.18581  0.000125919
810     0.25178    0.545116    -4.27063  0.000173803
820    0.247759    0.542672    -2.49635  0.000195489
830     0.24787    0.542739    -1.80794  -8.01779e-05
840    0.249363    0.543647    -3.28621  9.25951e-05
850    0.246018    0.541613    -2.74387  0.000170434
860    0.245954    0.541574    -4.12216  8.43696e-05
870    0.244331    0.540587    -4.76178  3.23884e-05
880    0.245306     0.54118    -4.76298  0.000110772
890    0.242115    0.539241    -3.87584  4.12606e-05
900    0.244481    0.540679    -3.23661  4.59768e-05
910    0.241196    0.538682    -3.68037  0.000359375
920    0.237293    0.536309    -3.87642  0.000181372
930    0.237568    0.536476    -4.17273  3.02941e-06
940    0.237233    0.536272    -4.51806  0.000134086
950    0.234887    0.534846    -4.02527  0.000103655
960     0.23516    0.535012     -3.5333  0.000112801
970    0.232631    0.533474    -4.46898  0.000112894
980    0.232902    0.533639    -4.02594  0.000223015
990     0.22817    0.530763    -3.13938  0.000148552
1000    0.229931    0.531833    -2.94357  -0.000127885
1010    0.230728    0.532318    -2.64726  0.000166813
1020    0.226595    0.529805    -1.71134  0.000118414
1030     0.22836    0.530878    -2.00769  7.04773e-05
1040    0.225185    0.528948    -2.15486  0.000176391
1050    0.224832    0.528733    -2.59785  4.4018e-06
1060    0.225097    0.528894    -1.90787  0.000159483
1070    0.221642    0.526794    -0.92287  0.000177357
1080     0.22155    0.526738   -0.627477  0.000133537
1090    0.218971     0.52517    -2.44925  0.000151499
1100     0.21852    0.524896    -3.23786  0.000178646
1110    0.215398    0.522998    -2.44973  0.000259049
1120    0.213339    0.521746     -3.2863  -1.67213e-05
1130    0.215733    0.523201    -2.99178  -2.09704e-05
1140    0.213758    0.522001    -4.37007  0.000108296
1150    0.213567    0.521885    -2.49933  -7.66218e-06
1160    0.213911    0.522094    -1.36697  1.92456e-05
1170    0.213182     0.52165    -1.85788  0.000108884
1180    0.211734     0.52077   -0.922869  -3.12254e-06
1190    0.213245    0.521688    -1.21884  -0.000151262
1200    0.214759    0.522609   -0.529814  6.88247e-05
1210    0.211868    0.520852    -2.25296  5.52312e-05
1220    0.213654    0.521938    -3.14116  -1.20103e-05
1230    0.212108    0.520998    -3.83047  0.000100654
1240    0.211641    0.520714    -4.81475  2.41138e-05
1250    0.211626    0.520704     -1.9095  0.00021421
1260    0.207357    0.518109    -2.99255  0.000196342
1270    0.207699    0.518317    -3.53388  4.28639e-05
1280      0.2065    0.517588    -3.18999  7.9193e-05
1290    0.206115    0.517354     -3.0916  4.30495e-05
1300    0.205639    0.517065    -3.87887  8.86686e-05
1310    0.204342    0.516276    -2.74666  0.000152616
1320    0.202587    0.515209    -4.27274  4.34615e-05
1330    0.203473    0.515748    -2.30429  0.000103076
1340    0.200525    0.513956    -3.48567  0.000139665
1350    0.200679    0.514049    -4.56843  -3.37608e-05
1360      0.2012    0.514366    -4.42131  0.000103649
1370    0.198606    0.512789    -4.07636  4.40702e-05
1380    0.200319     0.51383    -1.71379  -4.28587e-05
1390    0.199464     0.51331    -3.58521  0.000159244
1400    0.197134    0.511894    -3.53575  -6.20112e-06
1410    0.199588    0.513386    -2.60026  -4.74326e-05
1420    0.198083    0.512471    -4.07727  -0.000121606
1430     0.20202    0.514864      -2.995  -0.000130822
1440    0.200699    0.514061    -3.88113  0.000238618
1450    0.197247    0.511963    -2.94492  0.000197362
1460    0.196752    0.511662    -2.94458  0.000165533
1470    0.193937     0.50995    -3.92948  9.1546e-05
1480    0.194921    0.510549     -4.1759  -1.49116e-05
1490    0.194235    0.510131    -2.94559  -1.0407e-05
1500    0.195129    0.510675    -2.50303  0.000185318
1510    0.190529    0.507878    -3.73223  0.000190087
1520    0.191327    0.508364    -3.29063  9.2791e-05
1530    0.188673     0.50675    -3.14241  3.67165e-05
1540    0.190593    0.507917    -3.34028  -2.84463e-05
1550    0.189242    0.507096    -3.38926  0.000224348
1560    0.186106    0.505189    -2.20696  4.26471e-06
1570    0.189156    0.507044    -1.91186  -0.000108091
1580    0.188268    0.506504    -2.55273  -0.000136787
1590    0.191892    0.508707    -2.84778  -0.000263956
1600    0.193547    0.509713    -2.79987  -0.000165714
1610    0.195206    0.510722    -2.40541  2.26371e-05
1620    0.193094    0.509438    -1.37058  0.000197298
1630     0.19126    0.508323    -2.30578  -8.13052e-05
1640     0.19472    0.510427    -1.02674  -0.000128552
1650    0.193831    0.509886    -1.46963  -0.000129116
1660    0.197303    0.511997    -1.22471  -9.59285e-05
1670     0.19575    0.511053   -0.583838  0.000231505
1680    0.192673    0.509182    -1.17371  0.000251006
1690     0.19073    0.508001    -1.02635  0.000118267
1700    0.190307    0.507744    -1.81496  0.000237912
1710    0.185972    0.505108    -1.32232  0.000133169
1720    0.187644    0.506124    -2.50481  -9.6038e-06
1730    0.186164    0.505225    -3.68576  0.000172122
1740    0.184201    0.504032    -2.65174  0.00016293
1750    0.182905    0.503244    -2.75094  1.45636e-05
1760     0.18391    0.503854    -2.60363  -5.73389e-05
1770    0.184052    0.503941    -1.47132  -5.75259e-05
1780    0.185061    0.504554    -2.75176  4.35494e-05
1790    0.183181    0.503411    -2.30895  0.000149572
1800    0.182069    0.502735    -2.50519  0.000135488
1810    0.180471    0.501764    -2.06273  0.000121316
1820    0.179643     0.50126    -2.06307  0.000160393
1830    0.177263    0.499814    -2.11141  6.37516e-05
1840    0.178368    0.500485    -2.25954  1.01477e-06
1850    0.177243    0.499801   -0.387935  6.40526e-05
1860    0.177087    0.499706    -1.32415  -6.22094e-05
1870    0.178487    0.500558   -0.980453  6.92345e-05
1880    0.175702    0.498864     -1.4233  9.84162e-05
1890    0.176519    0.499361    -1.32477  2.56255e-05
1900     0.17519    0.498553    -1.57071  0.000177109
1910    0.172977    0.497207    -2.06335  9.91933e-05
1920    0.173206    0.497347   -0.881972  6.46859e-06
1930    0.172847    0.497129    -0.58682  8.49478e-05
1940    0.171507    0.496314   -0.882886  0.000316013
1950    0.166527    0.493286   -0.734371  0.000173917
1960    0.168028    0.494199     -2.4579  0.000164891
1970    0.163229    0.491281   -0.487425  0.000115616
1980    0.165716    0.492793    -1.02986  0.000155864
1990    0.160112    0.489386    -2.35793  0.000180462
2000    0.162107    0.490599    -1.52318  3.78437e-05
2010    0.159355    0.488926    -3.09867  0.000221012
2020    0.157687    0.487912    -3.49259  0.000107495
2030    0.157205    0.487619    -3.34567  0.000112799
2040    0.155431     0.48654    -2.65558  0.000147827
2050    0.154249    0.485822    -2.06504  0.000193095
2060    0.151569    0.484192    -2.31107  0.000123662
2070    0.151775    0.484318     -3.4938  -7.10785e-07
2080    0.151583    0.484201    -1.52443  0.000184266
2090     0.14809    0.482078    -2.31174  0.000124463
2100    0.149094    0.482688    -3.54321  -6.54154e-05
2110    0.149398    0.482873     -2.3625  4.98071e-05
2120    0.148098    0.482082    -1.87005  8.5026e-05
2130    0.147698    0.481839    -3.20013  2.99223e-05
2140    0.147499    0.481718    -1.57485  0.000140834
2150    0.144881    0.480127    -3.83961  0.00012088
2160    0.145081    0.480248    -2.26402  -0.00015641
2170    0.148009    0.482028    -3.05292  0.000242876
2180    0.140224    0.477295    -1.08288  0.000455485
2190      0.1389     0.47649    -2.11632  0.000127508
2200    0.137674    0.475745    -2.11646  1.10857e-05
2210    0.138678    0.476355    -1.72298  -4.46655e-05
2220    0.138567    0.476288    -2.75709  0.000107831
2230    0.136521    0.475044    -2.75709  0.000169141
2240    0.135184    0.474231    -3.79063  0.000205354
2250    0.132414    0.472547    -2.31347  0.000205813
2260    0.131068    0.471729    -2.26416  6.3166e-05
2270    0.131151    0.471779    -1.96882  0.000160734
2280    0.127853    0.469775    -1.96838  0.000171205
2290    0.127727    0.469698    -1.42782  -8.49403e-05
2300    0.129552    0.470807    -2.75762  -2.84836e-05
2310    0.128297    0.470044    -2.51101  0.000218429
2320    0.125184    0.468151    -1.28037  0.000151861
2330    0.125259    0.468197    -2.36442  0.000126623
2340    0.122651    0.466612    -2.41282  0.000173327
2350    0.121793     0.46609    -2.85726  0.00020496
2360    0.118552     0.46412    -3.29991    8.61e-05
2370    0.120071    0.465043    -4.28693  0.000164518
2380    0.115262    0.462119    -4.18696  0.000237275
2390    0.115325    0.462158    -4.67984  0.000108115
2400    0.113099    0.460805    -3.35028  0.000238527
2410    0.110555    0.459258    -3.25166  0.000301744
2420    0.107064    0.457136    -4.58199  0.000156194
2430    0.107431    0.457359     -4.6808  6.79426e-05
2440    0.105706     0.45631    -3.89282  0.000136079
2450    0.104709    0.455704    -5.27198  0.000246618
2460    0.100773    0.453311    -5.71444  0.00036263
2470   0.0974567    0.451295    -5.02474  0.000153268
2480   0.0977078    0.451447    -4.58184  8.01928e-05
2490   0.0958528     0.45032    -5.61615  0.000127743
2500   0.0951529    0.449894    -5.22161  1.72626e-05
2510   0.0955076     0.45011    -5.71463  1.52439e-06
2520   0.0951225    0.449876    -4.97668  0.000102066
2530   0.0934662    0.448869    -6.10928  0.000240089
2540   0.0903207    0.446956    -5.51825  0.000314948
2550   0.0871673    0.445039    -5.32196  0.000172266
2560   0.0868754    0.444862    -4.87834  3.98684e-05
2570   0.0863699    0.444554    -5.61735  -4.53074e-05
2580   0.0877815    0.445413    -5.27342  6.14449e-05
2590    0.085141    0.443807    -6.20881  0.000120096
2600   0.0853796    0.443952    -3.74675  0.000179477
2610   0.0815515    0.441625    -4.43569  9.93282e-05
2620    0.083393    0.442745    -5.02719  -3.41747e-05
2630    0.082235    0.442041    -5.56857  0.000153599
2640   0.0803211    0.440877    -5.61817  8.70116e-06
2650    0.082061    0.441935    -6.50594  0.000105958
2660   0.0782019    0.439589    -5.61875  0.000116652
2670   0.0797279    0.440516    -7.19492  -1.53445e-06
2680   0.0782326    0.439607    -6.16147  0.000176775
2690   0.0761924    0.438367    -7.58889  3.09639e-05
2700   0.0776133    0.439231    -7.34276  -0.000158579
2710    0.079364    0.440295    -7.44119  -8.83866e-05
2720    0.079381    0.440306    -7.44162  -0.000115926
2730   0.0816825    0.441705     -6.6545  -4.52731e-05
2740   0.0802865    0.440856    -6.01455  6.34301e-05
2750   0.0804139    0.440933    -5.96499  3.63879e-05
2760   0.0795587    0.440414    -5.86685  0.00018958
2770   0.0766223    0.438628    -6.40784  0.000200936
2780     0.07554     0.43797    -6.06242  6.44915e-05
2790   0.0753325    0.437844    -6.01382  2.62775e-05
2800   0.0750145    0.437651    -6.55477  3.18415e-05
2810   0.0746956    0.437457    -6.70357  -4.51874e-05
2820   0.0759182      0.4382    -6.90063  2.09879e-05
2830   0.0742759    0.437202    -6.94961  0.000285962
2840    0.070199    0.434723    -6.75216  8.19527e-05
2850   0.0726368    0.436205    -6.80181  5.10775e-06
2860   0.0700968    0.434661    -6.40789  6.57689e-05
2870   0.0713215    0.435406    -5.02916  -2.26524e-05
2880   0.0705499    0.434937    -5.42414  0.000227436
2890   0.0667727     0.43264    -4.73276  0.000166596
2900   0.0672179    0.432911    -5.66946  7.25456e-05
2910   0.0653218    0.431758    -4.88214  -2.2373e-05
2920   0.0676654    0.433183    -5.71896  2.26181e-05
2930   0.0648695    0.431483    -5.37411  -6.17094e-05
2940   0.0688996    0.433933    -5.67056  0.000129309
2950   0.0622833    0.429911    -4.88123  0.000162628
2960    0.065647    0.431956    -5.37478  -3.30789e-05
2970   0.0629449    0.430313    -5.62014  -6.17661e-05
2980   0.0668823    0.432707    -5.02993  -1.07039e-05
2990   0.0631589    0.430443    -5.47254  0.000276842
3000   0.0613455    0.429341    -4.58641  -3.33928e-05
3010   0.0638268    0.430849     -4.8324  -6.71854e-05
3020   0.0626892    0.430158      -3.897  5.15159e-05
3030   0.0627965    0.430223    -5.96523  -5.61923e-05
3040   0.0638131    0.430841    -4.53691  4.61357e-05
3050   0.0618738    0.429662    -5.17686  4.53368e-07
3060    0.063804    0.430835    -4.09396  6.9217e-05
3070   0.0604894     0.42882    -4.88142  9.76101e-05
3080   0.0618518    0.429649    -4.53729  -9.06391e-05
3090   0.0623022    0.429922    -4.48836  0.000241481
3100   0.0570222    0.426712    -5.07886  0.000299148
3110   0.0563192    0.426285    -4.88262  0.000185394
3120   0.0533143    0.424458    -5.91611  0.000254846
3130   0.0512223    0.423186    -6.55573  0.000151886
3140   0.0502766    0.422611     -6.1621  -8.42934e-05
3150   0.0529082    0.424211    -6.31119  0.000135412
3160   0.0475684    0.420965    -6.50743  0.000361054
3170   0.0456871    0.419821    -5.81739  0.000205813
3180   0.0434521    0.418462    -6.11341  0.000235414
3190   0.0409788    0.416959    -6.01517  -2.34563e-06
3200    0.043499    0.418491    -6.26284  3.84077e-06
3210    0.040902    0.416912    -5.91708  0.00023677
3220   0.0387636    0.415612    -5.81874  0.000196627
3230   0.0369695    0.414521     -5.6709  -2.50641e-05
3240   0.0392649    0.415917    -5.08122  -3.65669e-05
3250   0.0377008    0.414966    -4.88416  0.000109713
3260   0.0370706    0.414583    -4.63856  0.000133635
3270   0.0350281    0.413341    -4.88392  0.000175114
3280   0.0335684    0.412454    -5.57372  1.65569e-05
3290    0.034697     0.41314    -6.11562  -4.22191e-05
3300   0.0344127    0.412967    -6.31254  0.000152604
3310   0.0316449    0.411284     -7.0516  0.000170638
3320       0.031    0.410892    -7.78955  0.000159462
3330   0.0284557    0.409345     -5.8693  0.000284496
3340     0.02531    0.407433    -7.10014  0.000148523
3350   0.0254852    0.407539     -5.7216  -5.32781e-05
3360   0.0263756    0.408081    -6.11639  9.57374e-05
3370   0.0235705    0.406375    -7.10086  0.00037054
3380   0.0189648    0.403575    -6.80518  0.000275805
3390   0.0180544    0.403022    -8.13507  3.12434e-05
3400   0.0183399    0.403195     -7.5935  6.74427e-05
3410   0.0167055    0.402202    -7.59317  0.000229777
3420   0.0137444    0.400401    -6.75558  4.97756e-05
3430     0.01571    0.401596    -6.65844  -0.000112451
3440   0.0159934    0.401769    -6.06742  1.38679e-05
3450   0.0154326    0.401428    -7.10096  0.000140836
3460   0.0131767    0.400056    -5.86983  0.000244098
3470   0.0105507     0.39846     -5.9686  0.000141697
3480   0.0103428    0.398333    -7.49507  -8.24552e-05
3490   0.0121998    0.399462    -5.96918  -8.86318e-05
3500   0.0121154    0.399411    -6.31412  6.32857e-05
3510   0.0109341    0.398693    -7.15051  0.000124432
3520  0.00962677    0.397898    -7.24961  0.000112583
3530  0.00868239    0.397324    -5.67364  -8.90681e-05
3540   0.0114081    0.398981    -4.98485  -9.36296e-06
3550  0.00886965    0.397438    -6.41275  0.000143726
3560  0.00853361    0.397234    -6.16671  0.000144344
3570  0.00598277    0.395683    -6.55996  0.000212387
3580  0.00428588    0.394651    -6.95417  -3.36527e-05
3590  0.00665583    0.396092    -7.74293  5.30452e-05
3600  0.00322497    0.394006     -6.7079  0.000188908
3610  0.00287766    0.393795    -5.42785  1.62038e-05
3620  0.00290089    0.393809    -4.93564  -6.44254e-05
3630  0.00416617    0.394578    -5.28135  -5.21041e-05
3640  0.00394298    0.394443     -6.0692  0.000115775
3650  0.00185068    0.393171    -7.00435  5.98518e-05
3660  0.00274594    0.393715    -6.85728  -2.21083e-06
3670  0.00189489    0.393198    -7.59586  0.000172864
3680  -0.000711339    0.391613    -7.39789  0.000229674
3690  -0.00269859    0.390405    -6.21694  0.000161408
3700  -0.0039395     0.38965    -5.77327  -3.92092e-05
3710  -0.0019144    0.390882      -6.316  -1.30886e-06
3720  -0.00391332    0.389666    -6.70963  0.000143442
3730  -0.00478324    0.389138     -5.4787  9.97644e-05
3740  -0.00590861    0.388453    -5.33119  0.000100071
3750  -0.00678465    0.387921    -5.92188  -2.63437e-05
3760  -0.00538173    0.388774    -6.56208  9.43721e-05
3770  -0.0086721    0.386773    -6.21718  0.000157871
3780  -0.00853915    0.386854    -6.70978  0.00019686
3790  -0.0126093     0.38438    -6.41448  0.000241816
3800  -0.0133755    0.383914    -6.26606  0.000300359
3810  -0.0186165    0.380728    -5.97062  -3.17825e-05
3820  -0.0127398      0.3843    -5.38123  -0.000229694
3830  -0.0140226     0.38352    -5.38084  0.000218384
3840  -0.0171075    0.381645    -5.28203  0.000193242
3850  -0.0178874    0.381171    -5.67638  -1.85077e-05
3860  -0.0167374     0.38187    -5.38007  -4.42338e-05
3870  -0.0170028    0.381709    -5.28222  -1.86352e-05
3880  -0.0163647    0.382097    -4.88863  1.37553e-05
3890  -0.0172779    0.381541    -5.28275  0.000123883
3900  -0.0188423     0.38059    -4.29789  -2.51256e-05
3910  -0.0167754    0.381847    -4.59454  -9.64678e-05
3920   -0.016913    0.381763    -4.54446  5.29006e-05
3930  -0.0178334    0.381204     -3.7073  0.000105223
3940  -0.0190174    0.380484    -3.51034  9.89997e-05
3950  -0.0198134        0.38     -4.2989  9.93599e-05
3960  -0.0210046    0.379276    -4.54417  -0.000116784
3970  -0.0174777     0.38142    -5.48153  -9.70634e-05
3980  -0.0190633    0.380456    -5.18619  0.000191734
3990  -0.0213124    0.379089     -5.1364  0.000152758
4000  -0.0221185    0.378598    -5.82614  0.00014678
4010   -0.024248    0.377304    -5.18556  8.10311e-05
4020  -0.0237391    0.377613    -6.07227  -0.000117203
4030  -0.0219039    0.378729    -5.23637  1.9609e-06
4040  -0.0237783    0.377589    -5.23637  0.000300751
4050  -0.0279189    0.375072    -5.58011  0.000254961
4060  -0.0288776    0.374489    -6.36752  2.26622e-05
4070  -0.0283722    0.374797    -6.02282  -4.3925e-05
4080  -0.0279991    0.375023    -5.82687  0.000116517
4090  -0.0307025     0.37338    -5.82648  6.30259e-05
4100  -0.0292596    0.374257    -5.58064  1.65763e-05
4110   -0.031034    0.373178    -5.48216  0.000123966
4120  -0.0317389     0.37275    -6.02426  0.000131236
4130  -0.0336588    0.371583     -5.8272  0.000145074
4140  -0.0346404    0.370986    -5.03936  0.000105091
4150  -0.0357606    0.370305    -4.89137  -9.7703e-05
4160  -0.0326863    0.372174    -5.68071  -0.00020622
4170  -0.0316362    0.372812    -5.58223  -7.12197e-05
4180  -0.0312619     0.37304      -5.336  -1.02552e-05
4190  -0.0314311    0.372937    -5.18811  0.000221502
4200   -0.035692    0.370346    -5.33552  0.000221909
4210  -0.0358692    0.370239    -5.97586  -1.64464e-05
4220  -0.0353631    0.370546    -5.08978  -3.01452e-05
4230  -0.0352663    0.370605    -3.76113  5.20967e-05
4240   -0.036405    0.369913    -4.94314  0.000217247
4250  -0.0396113    0.367964    -4.10569   0.0001627
4260   -0.039659    0.367935    -4.79544  3.92973e-05
4270  -0.0403972    0.367486    -5.48481  -4.35818e-05
4280  -0.0387873    0.368465    -5.53445  -3.65987e-05
4290  -0.0396653    0.367931    -5.09127  5.32584e-05
4300  -0.0398525    0.367817    -4.69821  9.52054e-05
4310  -0.0415694    0.366773    -5.73146  0.000199838
4320  -0.0438493    0.365387    -4.99288  8.8899e-05
4330  -0.0433473    0.365692    -5.33764  -7.12492e-05
4340  -0.0424243    0.366253    -4.94386  -5.04741e-05
4350  -0.0423379    0.366306    -5.14101  0.000145609
4360  -0.0453365    0.364483    -4.10738  0.00011776
4370  -0.0446931    0.364874    -5.23954  -4.33417e-05
4380  -0.0444696     0.36501    -4.94434  7.63105e-05
4390  -0.0462193    0.363946    -5.09136  0.000189391
4400  -0.0482574    0.362707    -5.68181  6.10054e-06
4410  -0.0463413    0.363872    -6.51998  2.77432e-05
4420  -0.0488123     0.36237    -5.87978  0.000126856
4430  -0.0488784     0.36233    -5.78116  3.50546e-05
4440  -0.0495134    0.361944    -6.12635  6.36313e-05
4450   -0.050151    0.361556    -5.88031  -2.89319e-05
4460  -0.0489348    0.362295    -5.58521  0.000142758
4470  -0.0530062     0.35982    -5.63414  0.000192945
4480  -0.0527937    0.359949    -5.63399  -3.5638e-05
4490  -0.0522934    0.360253    -5.19138  -6.98045e-06
4500  -0.0526541    0.360034    -4.94463  0.000180195
4510  -0.0558973    0.358062    -5.19085  0.000245547
4520   -0.057565    0.357049    -6.17532  -2.81475e-05
4530  -0.0553344    0.358405    -5.58526  3.00448e-05
4540  -0.0581659    0.356683    -6.27433  0.000160317
4550  -0.0585407    0.356455    -6.32364  0.000102997
4560  -0.0602258    0.355431    -6.71723  0.000110527
4570  -0.0607512    0.355112    -6.47124  -3.49173e-05
4580  -0.0595275    0.355855    -5.63433  1.68886e-06
4590   -0.060785    0.355091    -6.86526  0.000111314
4600  -0.0617538    0.354502    -5.73295  3.83781e-05
4610  -0.0615526    0.354624    -6.57035  1.88742e-06
4620  -0.0617915    0.354479    -6.32389  5.33983e-05
4630  -0.0626205    0.353975    -6.61928  0.000112568
4640  -0.0640429     0.35311     -6.0282  9.07518e-05
4650  -0.0644356    0.352872    -5.53604  9.11858e-05
4660  -0.0658666    0.352002    -5.48692  0.000113691
4670  -0.0667094    0.351489    -4.60064  6.95776e-05
4680  -0.0672581    0.351156    -4.25584  6.98741e-05
4690  -0.0681069     0.35064    -5.14231  4.77143e-05
4700  -0.0682124    0.350575    -4.10815  4.7962e-05
4710  -0.0690661    0.350056    -4.20696  2.56132e-05
4720  -0.0687247    0.350264    -5.33975  0.000138387
4730  -0.0718339    0.348374    -4.25594  0.000131054
4740  -0.0713458    0.348671    -5.29092  -3.38241e-05
4750  -0.0711574    0.348785    -3.96088  -4.90598e-05
4760  -0.0703646    0.349267    -4.01111  -4.16432e-05
4770  -0.0703245    0.349291     -4.1093  0.000124799
4780  -0.0728606     0.34775    -4.79847  -1.91692e-05
4790  -0.0699411    0.349524    -4.89729  -3.39467e-05
4800  -0.0721816    0.348162    -4.50361  0.000125426
4810  -0.0724497    0.347999    -4.60194  0.000233007
4820  -0.0768418    0.345329    -3.51832  0.000264106
4830  -0.0777318    0.344788    -3.56773  4.32093e-05
4840   -0.077706    0.344804    -3.46901  -3.33294e-05
4850  -0.0770652    0.345193    -3.46949  0.000266658
4860  -0.0830391    0.341561    -2.97665  0.000182269
4870  -0.0807106    0.342977    -3.32271  6.79228e-05
4880  -0.0843976    0.340736    -3.51943  0.000353956
4890  -0.0877897    0.338673    -3.37077  -1.33552e-06
4900  -0.0843709    0.340752    -3.32227  -0.000264841
4910  -0.0824929    0.341894    -2.63349  0.000146569
4920  -0.0873022     0.33897    -2.58403  0.000341493
4930  -0.0893227    0.337741    -2.97786  -0.000110188
4940  -0.0850985     0.34031    -2.63368  -0.000149162
4950  -0.0863395    0.339555    -1.94335  -3.25866e-05
4960  -0.0844467    0.340706    -1.89447  -4.81505e-05
4970  -0.0853765     0.34014    -1.45163  0.000242863
4980   -0.089304    0.337753    -1.84531  0.000259344
4990  -0.0905633    0.336987    -2.38683  0.000275825
