Time   Number   
ps   
0           6          12
10           8          10
20           4          12
30           8          12
40           7           9
50           7          11
60           7           7
70           6           6
80           4          10
90           8           8
100           9           9
110           9           9
120           7          11
130           5           7
140           7           9
150           9           9
160           8          14
170           7          13
180           3          11
190           8          12
200           9           9
210           9          13
220           8          10
230           8          10
240           8          14
250           8          10
260           7          11
270           6          10
280           6          12
290           5           9
300           6          10
310           8           8
320           4           8
330           9          11
340           8          14
350           7           9
360           9          13
370           9           9
380           8          12
390           7           7
400           6          12
410           7          13
420           9           9
430           6          10
440           9          11
450           7          11
460           6          12
470           6          10
480           9          11
490           7          11
500           5           7
510           9           9
520          10          12
530           8          12
540          10          14
550           8          10
560           7           9
570           8          12
580           9          13
590           7           9
600           8          10
610           9          11
620           7          11
630           9          13
640          11          11
650           8          10
660           8          12
670           6          16
680           9          13
690           9          13
700           7          13
710           8          10
720           9          13
730           9          15
740          11          11
750           9          13
760          10          14
770           8          16
780           7          13
790          10          10
800           9          13
810           9           9
820           7          11
830          11          11
840           8          10
850           7          11
860           7          13
870           7          13
880           7           9
890           7           7
900           7           9
910           6           8
920           5           7
930           9          13
940           9           9
950           9          13
960          10          12
970           6          10
980           6          10
990           9          13
1000           9          11
1010           6          12
1020          10          10
1030          10          12
1040           6          10
1050           8          12
1060           7          13
1070           8          12
1080           8           8
1090           8           8
1100           9           9
1110           7          11
1120           8          12
1130          10          14
1140          11          11
1150           8           8
1160           9           9
1170           8          10
1180           8          12
1190          10          12
1200           9          17
1210           8          14
1220           8          12
1230           6           8
1240           8          10
1250          10          12
1260           5           7
1270           6           6
1280           5           7
1290           6          12
1300           5           5
1310           8          12
1320           5           9
1330           8          14
1340           7          15
1350           3           7
1360           6           8
1370           4           8
1380           5          11
1390           6           8
1400           7           7
1410           7          11
1420           6          12
1430           7          11
1440           9           9
1450           7           9
1460          10          10
1470           9          13
1480           8          10
1490          12          12
1500           9          11
1510           9          11
1520           8          12
1530           7          11
1540           9           9
1550           7           9
1560           8          12
1570           8          10
1580           8          10
1590           9          11
1600           8          12
1610           7          13
1620          11          13
1630           8          10
1640           6           8
1650           6           6
1660           8          10
1670           8           8
1680          10          14
1690           8          12
1700           7           9
1710           8          14
1720           8          12
1730           7           9
1740           6          12
1750           6           6
1760           6           8
1770          12          14
1780           7          15
1790          12          14
1800          11          15
1810           7          11
1820           8          10
1830           8          14
1840           7          11
1850           6          12
1860           7          11
1870           9          11
1880           5           9
1890          10          14
1900          10          14
1910           9          13
1920           9           9
1930          10          12
1940           8          12
1950          11          15
1960          11          15
1970           9          11
1980           9          13
1990           8          12
2000           9           9
2010           9           9
2020          10          14
2030          11          13
2040          12          16
2050          12          12
2060           9          15
2070          10          12
2080          11          17
2090          15          15
2100          13          15
2110          11          15
2120          12          16
2130          12          18
2140          13          17
2150          13          15
2160          13          15
2170          12          14
2180          15          17
2190          12          14
2200          10          14
2210          10          16
2220          16          16
2230          14          14
2240          13          13
2250          11          11
2260          12          12
2270           9          19
2280           9          17
2290          13          15
2300          13          17
2310          13          15
2320          11          15
2330          10          10
2340          11          15
2350          12          18
2360          12          14
2370          10          18
2380           8           8
2390           9          11
2400           8          12
2410          10          16
2420           8          12
2430          10          18
2440           7          15
2450           8          16
2460          11          15
2470           9          13
2480          12          18
2490          15          19
2500          11          21
2510          12          18
2520          12          16
2530          13          17
2540          12          14
2550          13          17
2560          15          15
2570          11          21
2580          12          16
2590           8          12
2600          10          18
2610          12          18
2620          10          20
2630          11          13
2640          12          18
2650          12          12
2660          14          18
2670          10          18
2680          14          18
2690          17          23
2700          12          14
2710           9          15
2720           9          15
2730           9          15
2740          10          10
2750          12          14
2760          14          16
2770          16          16
2780          10          20
2790          12          14
2800          16          18
2810          12          16
2820          13          17
2830          12          20
2840          11          21
2850          12          18
2860          12          18
2870          14          18
2880          12          18
2890          16          20
2900          16          22
2910          14          22
2920          11          17
2930          11          17
2940           9          15
2950          14          14
2960           7          15
2970           9          11
2980           7          11
2990           5           9
3000          10          18
3010           9          13
3020          10          14
3030          11          15
3040           8          14
3050          11          13
3060          11          13
3070          10          10
3080          10          14
3090           7          11
3100           8          10
3110           9          15
3120           9           9
3130          11          15
3140          11          23
3150          14          14
3160          10          14
3170          11          13
3180           9          15
3190           9          15
3200           7          17
3210          12          16
3220          11          17
3230          11          19
3240          10          16
3250          10          18
3260          14          14
3270          13          17
3280          10          14
3290           9          15
3300          10          16
3310           7          11
3320           9          13
3330           9           9
3340          10          14
3350           8          16
3360          11          13
3370          11          17
3380          14          16
3390          11          13
3400          10          16
3410           9          13
3420           8           8
3430           8          14
3440          12          16
3450          10          16
3460          10          12
3470          12          14
3480           9          17
3490          11          15
3500          10          20
3510          12          14
3520          11          17
3530          14          18
3540           8          16
3550           9          19
3560           8          14
3570          12          18
3580          10          22
3590           8          12
3600          14          16
3610           7          15
3620          11          13
3630           8          18
3640          10          18
3650          10          20
3660           8          16
3670          10          12
3680           9           9
3690          11          13
3700           8          18
3710          11          13
3720          11          17
3730           9          13
3740           8          14
3750          10          12
3760          11          15
3770          11          13
3780           7          17
3790          12          16
3800          12          16
3810          12          14
3820          10          14
3830          12          16
3840          14          18
3850          15          21
3860          12          16
3870          10          16
3880          10          12
3890           7          11
3900          10          12
3910           5          15
3920           9          15
3930           6          12
3940          10          12
3950           8          14
3960          10          16
3970           9          13
3980           9          17
3990          11          11
4000          11          13
4010          12          16
4020          10          12
4030          11          15
4040          10          16
4050          12          16
4060          11          15
4070          10          20
4080          11          17
4090           8          12
4100          11          17
4110          10          16
4120           7          11
4130           9          21
4140           8          12
4150          10          12
4160           9          15
4170           9          11
4180           9          13
4190           9          11
4200          10          10
4210          11          15
4220           9          13
4230           9          13
4240           7          13
4250           7          11
4260           4          10
4270           7           7
4280           7           7
4290           5           5
4300           7          13
4310           8          14
4320           8          12
4330           8          10
4340           7          11
4350           9          11
4360           9           9
4370           8          10
4380           9          11
4390           7           9
4400           7           9
4410           7          13
4420           7          11
4430           9           9
4440           6          12
4450          10          12
4460           6          10
4470           8          14
4480           9          13
4490           8          16
4500          10          16
4510          10          12
4520           8          16
4530           8          18
4540           8          12
4550           8          12
4560           9          19
4570           9           9
4580           7          17
4590           8          14
4600           7          17
4610           9          11
4620          10          10
4630          11          17
4640           9          11
4650          12          16
4660          11          15
4670          10          22
4680          13          25
4690          12          18
4700           8          22
4710          13          15
4720          13          19
4730           9          11
4740           5          19
4750           9           9
4760           7          11
4770          11          15
4780          11          13
4790          12          14
4800           9          13
4810          12          14
4820          10          12
4830           9          11
4840           8           8
4850          10          10
4860          14          14
4870          10          10
4880          10          12
4890          13          13
4900          16          18
4910          16          22
4920          16          16
4930          13          15
4940          14          20
4950          14          16
4960          14          24
4970          15          21
4980          12          20
4990          13          13
5000          10          12
5010          12          12
5020           7           9
5030           8          14
5040           9           9
5050           8          12
5060          10          12
5070           9           9
5080          10          12
5090           5          11
5100          10          10
5110           9          13
5120           6          12
5130           6          10
5140           9          11
5150           6          12
5160           8          12
5170          12          16
5180          10          14
5190           9           9
5200          10          12
5210           8           8
5220           9          13
5230           7           9
5240           7          11
5250           8          14
5260           7           7
5270           7           9
5280           6           6
5290           3           3
5300           5           5
5310           4           4
5320           5           5
5330           6           8
5340          10          10
5350           7          11
5360           6           6
5370           6          10
5380           6           8
5390           7           9
5400           4          10
5410           7           9
5420           6           6
5430           6           6
5440           7           7
5450           5           5
5460           7           9
5470           5           5
5480           6           6
5490           2           8
5500           5           7
5510           4           6
5520           5           7
5530           3           7
5540           4           4
5550           6           6
5560           7           9
5570           9           9
5580           8          12
5590           8          16
5600           9          15
5610           7          11
5620          11          13
5630           8          16
5640          10          10
5650           8          16
5660           8          10
5670           9          11
5680           8          10
5690           7          13
5700           9          17
5710           9          11
5720           8          14
5730           7          15
5740           7          17
5750           7           9
5760           8          12
5770           8          14
5780           8          12
5790          11          17
5800           8          10
5810           9          21
5820          12          14
5830          14          14
5840           7          17
5850          10          12
5860          12          12
5870           9          15
5880          10          14
5890          11          13
5900          13          13
5910           9          13
5920          11          13
5930          10          12
5940          12          14
5950          12          14
5960          11          11
5970          13          15
5980          12          14
5990          13          15
6000          11          15
6010          12          14
6020          10          16
6030          14          14
6040          11          15
6050          13          15
6060          12          18
6070          11          17
6080          15          23
6090          10          18
6100          13          17
6110          10          18
6120          10          16
6130          11          15
6140          12          16
6150          11          15
6160          12          14
6170          10          14
6180          12          18
6190          10          14
6200          14          16
6210          13          19
6220           7          13
6230          11          11
6240          11          15
6250          13          17
6260          10          10
6270          13          15
6280          13          19
6290          12          12
6300           9          11
6310           9          11
6320           5           7
6330           7           9
6340           9           9
6350           9          13
6360           8          12
6370          11          11
6380          13          17
6390          12          16
6400          11          11
6410           8          12
6420           9          17
6430           7          15
6440          14          20
6450          12          16
6460          12          18
6470           9          15
6480          12          14
6490          11          15
6500           8           8
6510          10          14
6520           8          12
6530          10          12
6540           9          11
6550          13          19
6560          10          20
6570          11          15
6580           9          15
6590          12          16
6600          12          12
6610          11          15
6620           9          13
6630          12          14
6640          10          16
6650          12          20
6660           8          12
6670           9          17
6680           8          12
6690           7          11
6700          10          14
6710           9          11
6720          10          16
6730           9          15
6740          10          14
6750          12          18
6760           8          12
6770          10          14
6780          10          12
6790          11          17
6800           8          12
6810           8          12
6820           7          11
6830           9          11
6840           9          11
6850          10          18
6860           9          17
6870          12          14
6880          12          18
6890          10          16
6900           9          17
6910          12          14
6920          12          16
6930          10          12
6940           7          13
6950           8          12
6960          10          16
6970           9          15
6980           8          12
6990           6          14
7000           8          16
7010           7          15
7020           6          14
7030           9          11
7040          11          13
7050           9          15
7060           8          14
7070           7          15
7080          10          14
7090          11          13
7100          11          17
7110          11          15
7120           9          11
7130           9          11
7140           8          10
7150          12          16
7160          11          17
7170          12          14
7180          12          20
7190          13          19
7200           9          11
7210          12          12
7220          10          16
7230          11          13
7240          11          13
7250          10          12
7260          10          16
7270          11          13
7280          11          13
7290          13          15
7300          11          13
7310           8          12
7320           8          10
7330           7          13
7340          11          11
7350           8          10
7360           8          14
7370           6          12
7380           6          12
7390           8          12
7400          12          14
7410           9          13
7420           9          11
7430           9          11
7440           8           8
7450           8          10
7460           9           9
7470           8          10
7480           7           7
7490           6          12
7500           7          11
7510           7           9
7520           6           6
7530           6          10
7540           8          14
7550           5          11
7560           9          15
7570           9          13
7580           8          12
7590           8          10
7600           7           7
7610           8          10
7620           8           8
7630           8           8
7640           6          10
7650           6          12
7660           4           6
7670           9          11
7680           7           9
7690           5          11
7700           5           7
7710           5          11
7720           6          12
7730           7           9
7740           4           8
7750           6           8
7760           6          14
7770           7          11
7780          11          13
7790           8          14
7800           9          11
7810           8          10
7820           8          20
7830          10          18
7840           6          12
7850          14          16
7860          15          23
7870          10          14
7880          10          18
7890          12          18
7900           9          23
7910          10          18
7920           9          11
7930          10          16
7940           9          15
7950          10          18
7960           8          12
7970           4          12
7980           6          12
7990          10          12
8000           6          12
8010          12          16
8020           8          16
8030           9          11
8040           7          13
8050           5           9
8060           8          10
8070           9           9
8080           6           8
8090           7           7
8100           7           9
8110           5           5
8120           7           9
8130           7           9
8140           8          14
8150           9          11
8160           9          13
8170          10          14
8180          10          16
8190          11          15
8200           8          16
8210          12          14
8220          12          18
8230          11          19
8240          10          18
8250           8          14
8260           9          11
8270          11          21
8280          13          15
8290          10          16
8300          10          14
8310           7          13
8320           9          11
8330           7           9
8340          10          16
8350          11          17
8360          10          12
8370           7          15
8380           6          10
8390           8          10
8400           9          11
8410           7          13
8420           8          14
8430           7          13
8440           9          11
8450           7           9
8460           7          11
8470          11          15
8480           6          10
8490           7          15
8500           8          12
8510           7          13
8520           5          11
8530          10          10
8540           4          14
8550           7          11
8560           6          14
8570           5           9
8580           5          11
8590           9           9
8600           7           9
8610           8          14
8620           6          12
8630           9          11
8640           8          10
8650           8          12
8660           7           9
8670           5           7
8680           7           9
8690           7           9
8700           7          11
8710           8          12
8720          10          12
8730          11          13
8740          11          15
8750          13          13
8760          15          17
8770          11          13
8780           9           9
8790          10          14
8800          10          14
8810           9          13
8820          10          12
8830           7           9
8840           8           8
8850           9           9
8860           7           9
8870           6          14
8880           7           7
8890           9           9
8900           7           7
8910           7           9
8920           7           7
8930           6           8
8940           7           7
8950           6           6
8960           7          11
8970           6          10
8980           7           7
8990           5           7
9000           8          16
9010           9          11
9020          14          18
9030          11          13
9040          11          17
9050           9          17
9060          11          19
9070           9          13
9080          12          14
9090          16          18
9100          12          16
9110          13          17
9120          12          18
9130          10          18
9140          14          16
9150          16          18
9160          16          16
9170          13          17
9180          13          13
9190          14          14
9200          11          13
9210          14          14
9220          12          12
9230          11          15
9240          10          12
9250          13          17
9260           9          11
9270          11          13
9280          12          12
9290          10          14
9300          10          12
9310          12          14
9320          10          12
9330          11          13
9340           9          13
9350           8          12
9360           7          11
9370           9          15
9380           7          11
9390           8          10
9400           9          13
9410           8           8
9420          10          10
9430          11          13
9440          10          14
9450           7          13
9460           8          14
9470          11          11
9480           9          11
9490          11          11
9500          11          11
9510          10          14
9520           8          14
9530           8          10
9540           9          13
9550          11          13
9560          10          10
9570          10          10
9580           6          10
9590           9          13
9600           7           9
9610           5           5
9620           4           4
9630           8           8
9640           8          10
9650           6           8
9660           7           7
9670           4           8
9680           5           9
9690           4          10
9700           4          10
9710           5           7
9720           7           7
9730           6           6
9740           6           8
9750           9          11
9760           9           9
9770           7          13
9780           7           9
9790           5           7
9800           5           9
9810           8          14
9820           8          12
9830           9          13
9840           9          13
9850           7          11
9860          11          13
9870           9          11
9880          11          13
9890          10          12
9900           9          17
9910          12          14
9920          10          16
9930          10          16
9940          13          19
9950          10          14
9960           7           9
9970           6          10
9980           7          11
9990           8           8
10000           8          10
