Time   C(t)   
ps   
0           1           1  2.27391e-10   0.0192873
10    0.811817    0.823363      1.7272   0.0114138
20    0.771724    0.785729    0.711503  0.00354031
30    0.741011    0.756901   -0.482091  0.00294979
40    0.712728    0.730353   -0.244409  0.00246325
50    0.691746    0.710658    0.470443  0.00201913
60    0.672346    0.692448     1.00641  0.00174832
70     0.65678    0.677837     1.89799  0.00163946
80    0.639557    0.661671   -0.487332  0.00155817
90    0.625616    0.648586     0.58477  0.00141732
100     0.61121    0.635063   -0.429819  0.00149543
110    0.595708    0.620512    -1.14537  0.00139167
120    0.583377    0.608938    0.522598   0.0013129
130     0.56945    0.595865   0.0454862  0.00123367
140    0.558703    0.585778   -0.253786  0.00112614
150    0.546927    0.574724     0.93841   0.0011378
160    0.535947    0.564418   -0.195515  0.00102654
170    0.526396    0.555453     1.83139  0.00100029
180    0.515942     0.54564   -0.913104  0.000989619
190    0.506604    0.536875    0.518404  0.000972696
200    0.496488    0.527379    0.220006  0.000851068
210    0.489583    0.520898    -0.67618  0.000964001
220    0.477208    0.509282   -0.973762  0.000981556
230    0.469951    0.502471    -0.31887  0.000764519
240    0.461917     0.49493   -0.199825  0.000842409
250    0.453103    0.486657   -0.676878  0.000831349
260     0.44529    0.479323   0.0376821  0.000896883
270    0.435166     0.46982    -1.45326   0.0008635
280     0.42802    0.463113    -1.15515  0.000632186
290    0.422522    0.457952    -1.63361  0.000592011
300     0.41618    0.451999    -2.17108  0.000551569
310     0.41149    0.447597    -1.39726  0.000527142
320    0.405637    0.442103   -0.144525  0.000646882
330    0.398553    0.435453   -0.741439  0.000654568
340    0.392546    0.429815    0.510483  0.00062384
350    0.386076    0.423742   -0.204834  0.000657307
360      0.3794    0.417475    0.391613  0.000584561
370    0.374385    0.412768  -0.0870121  0.000534248
380    0.368715    0.407446   -0.802737  0.000570838
390    0.362968    0.402052    -1.16051  0.000542946
400    0.357856    0.397253   -0.743419  0.000602347
410    0.350921    0.390744    -1.10073  0.000461021
420    0.348635    0.388598   -0.625014  0.000436288
430    0.342195    0.382553    -0.62449  0.000518106
440    0.338273    0.378872     0.68675  0.000477092
450    0.332654    0.373597    0.507164  0.000517029
460    0.327933    0.369166    0.507746  0.000459559
470    0.323462     0.36497   0.0299361  0.000447512
480    0.318982    0.360765   -0.149301  0.000448459
490    0.314493    0.356551   -0.149476  0.000406943
500    0.310844    0.353125   -0.985177  0.000286882
510    0.308756    0.351165    0.147059  0.000408664
520     0.30267    0.345453    0.149272  0.000448622
530    0.299783    0.342743      1.1613  0.000390704
540    0.294856    0.338119    0.922918  0.000368446
550    0.292414    0.335826    0.982004  0.000369355
560    0.287469    0.331185    0.982294  0.000297633
570    0.286462    0.330239    -0.03212  0.000196378
580    0.283542    0.327498   -0.688352  0.000265926
590    0.281143    0.325247   -0.450553  0.000349039
600    0.276561    0.320946    0.503786  0.000376096
610    0.273621    0.318186   -0.152504  0.000281057
620     0.27094    0.315669    0.622598  0.000364451
630    0.266332    0.311344    0.204281  0.000375077
640    0.263438    0.308628     1.09913  0.000302969
650    0.260273    0.305657     1.63591  0.000313568
660    0.257167    0.302741   -0.451951  0.000294276
670    0.254387    0.300132    0.501922  0.000284953
680    0.251468    0.297392    0.800262  0.000342222
690    0.247543    0.293708  -0.0943505  0.000389597
700    0.243676    0.290078    0.621141  0.000347018
710    0.240602    0.287193    -0.57187  0.000341114
720    0.236853    0.283674   -0.572394  0.000294971
730    0.234703    0.281656    -2.00396  0.000218648
740    0.232481     0.27957    -1.46805  0.000242592
750    0.229851    0.277102    -1.70632  0.000249793
760    0.227485     0.27488    -2.00524  0.000280606
770    0.224239    0.271834     -3.3173  0.000321548
780    0.221054    0.268844    -3.19843  0.000248139
790    0.219276    0.267175    -2.96016  0.000255507
800    0.215944    0.264047    -2.36325  0.000185072
810    0.215575    0.263701    -4.15265  9.10126e-05
820    0.214123    0.262339    -1.17129  0.000141914
830    0.212736    0.261037    -1.76785  0.000142225
840    0.211279    0.259669    -2.06642  0.00021712
850    0.208394    0.256961    -1.64851  0.00025485
860    0.206182    0.254885    -2.30486  0.000313213
870     0.20213    0.251081    -2.18541  0.000289993
880    0.200382     0.24944    -1.64927  0.00027373
890    0.196655    0.245942    -2.36424  0.000246941
900    0.195443    0.244805    -0.63544  0.000124755
910     0.19416      0.2436    -1.47033  0.000183116
920    0.191781    0.241367    -1.88742  0.000159517
930     0.19097    0.240606   -0.516977  0.000153112
940    0.188719    0.238493   -0.815317  0.000221922
950    0.186531     0.23644   -0.815376  0.000249863
960    0.183721    0.233802   -0.636663  0.000216033
970    0.182211    0.232384    0.555183  0.000140925
980    0.180903    0.231156   -0.936167  0.000179125
990    0.178628    0.229021    -1.23416  0.000189804
1000    0.177107    0.227593   -0.638002  0.000155752
1010    0.175513    0.226097    -1.05609  0.000249379
1020    0.172119    0.222912   -0.757513  0.000263675
1030     0.17024    0.221147   -0.996185  0.000233184
1040    0.167455    0.218534    -0.63806  0.000192056
1050    0.166398    0.217542    0.315637  0.000213405
1060    0.163187    0.214528      1.2698  0.000248506
1070    0.161428    0.212877      0.7924  0.000200449
1080    0.159178    0.210765     1.38856  0.000291406
1090      0.1556    0.207406    0.792225  0.000264093
1100    0.153897    0.205807     0.37484  0.000208958
1110    0.151421    0.203483     1.26899  0.000254804
1120      0.1488    0.201024   0.0758591  0.000220388
1130    0.147013    0.199346    -0.10332  0.000224438
1140    0.144312     0.19681  -0.0428363  0.000266965
1150    0.141674    0.194334   -0.699301  0.000285119
1160    0.138609    0.191458   0.0163659  0.000201415
1170    0.137646    0.190553   0.0753931  0.000163298
1180    0.135343    0.188392    0.433227  0.000223457
1190    0.133177    0.186358    0.372801  0.00017814
1200    0.131781    0.185048   -0.104135  0.000132709
1210    0.130522    0.183867   -0.402067  0.000154226
1220    0.128696    0.182153    0.253698  0.000204065
1230    0.126441    0.180036   -0.760541  0.000268254
1240    0.123331    0.177117    -1.29697  0.000208546
1250     0.12227    0.176121   0.0150263  0.00014879
1260    0.120355    0.174324   -0.283896  0.000234373
1270    0.117583    0.171721   -0.343331  0.000213518
1280    0.116085    0.170315   -0.939779  0.000182021
1290    0.113942    0.168304   -0.462842  0.000157446
1300    0.112936    0.167359   0.0139198  0.000179294
1310    0.110356    0.164938   -0.343564  0.000211782
1320      0.1087    0.163384   -0.463017  0.000119285
1330    0.107971    0.162699    0.908357  8.37855e-05
1340    0.107025    0.161811   0.0133957  6.24489e-05
1350    0.106722    0.161527   -0.165609  6.6229e-05
1360      0.1057    0.160567   -0.284828  5.91502e-05
1370    0.105539    0.160416    0.132499  2.69409e-05
1380    0.105161    0.160062    -0.76223  6.30267e-05
1390    0.104278    0.159233   -0.642778  5.95387e-05
1400     0.10397    0.158944    0.132557  9.22136e-05
1410    0.102434    0.157502   -0.284887  0.000135745
1420    0.101255    0.156396   -0.523966  4.91988e-05
1430     0.10145    0.156578   -0.405038  0.000103758
1440   0.0991803    0.154448   -0.464415  0.000223604
1450   0.0969779     0.15238   -0.523675  0.000180539
1460   0.0955695    0.151059   -0.523617  8.64416e-05
1470    0.095249    0.150758   -0.822073  9.7632e-05
1480   0.0936169    0.149226   -0.762056  0.000116012
1490   0.0929288     0.14858    -1.29924  9.80917e-05
1500   0.0916551    0.147384    -1.77618  0.000101941
1510   0.0908899    0.146666    -1.23952   6.929e-05
1520   0.0902693    0.146083    -1.12059  1.08548e-05
1530   0.0906729    0.146462    -1.12123  2.19386e-05
1540   0.0898305    0.145672    -1.47871  8.43357e-05
1550   0.0889861    0.144879        -1.3  0.000150702
1560   0.0868164    0.142843    -1.24056  0.00015834
1570   0.0858193    0.141907   -0.644409  5.5616e-05
1580   0.0857041    0.141798   -0.465463  0.000148026
1590   0.0828588    0.139128   -0.226907  0.000159297
1600   0.0825182    0.138808    0.846069  7.10785e-05
1610   0.0814372    0.137793   -0.167531  8.97162e-05
1620   0.0807239    0.137124    0.190419  9.73679e-05
1630   0.0794899    0.135965   0.0714325  1.22126e-05
1640   0.0804796    0.136894    0.488119  4.20969e-05
1650   0.0786479    0.135175    0.667181  0.000146189
1660   0.0775558     0.13415   0.0111824  9.07175e-05
1670   0.0768336    0.133472    0.190244  8.92431e-06
1680   0.0773774    0.133983    0.488293  9.02191e-06
1690   0.0766532    0.133303    0.369248  9.49349e-05
1700   0.0754787      0.1322    0.607804  0.000151274
1710   0.0736277    0.130463    0.309348  0.000106636
1720   0.0733459    0.130198    0.667181  -1.68055e-05
1730   0.0739638    0.130778     1.38261  -3.55724e-05
1740   0.0740574    0.130866      1.0249  4.70411e-05
1750    0.073023    0.129895     1.08462  8.85017e-05
1760   0.0722873    0.129205    0.905387  0.000111352
1770   0.0707959    0.127805    0.786168  0.00014177
1780    0.069452    0.126543     1.14394  7.4105e-05
1790   0.0693138    0.126414     1.74004  3.27464e-05
1800    0.068797    0.125929     1.79965  1.00721e-05
1810   0.0691124    0.126225     1.26252  -4.295e-05
1820    0.069656    0.126735     1.91782  8.6068e-05
1830    0.067391    0.124609     2.03774  0.000143135
1840   0.0667933    0.124048     2.21657  0.000101715
1850   0.0653567    0.122699     1.44158  6.76136e-05
1860   0.0654411    0.122779     1.73923  2.20846e-05
1870   0.0649151    0.122285     1.61989  5.26629e-05
1880   0.0643878     0.12179     1.38122  6.04425e-05
1890   0.0637062     0.12115     1.44048  7.59043e-05
1900   0.0628697    0.120365     1.08305  3.3899e-05
1910   0.0630282    0.120514     1.02298  0.000106997
1920   0.0607298    0.118356    0.606057  0.000122487
1930   0.0605785    0.118214    0.724985  9.98296e-05
1940   0.0587332    0.116482     1.02356  0.000130804
1950   0.0579624    0.115759    0.963658  0.000119619
1960   0.0563408    0.114237    0.188323  0.000127591
1970   0.0554106    0.113363    0.307426  0.000135689
1980    0.053627    0.111689  0.00960988  8.17519e-05
1990   0.0537755    0.111829   -0.468258  3.94186e-05
2000   0.0528386    0.110949     0.48643  0.000175348
2010   0.0502686    0.108537   -0.348515  0.000109596
2020   0.0506467    0.108892    0.724811  2.4418e-05
2030   0.0497802    0.108079   -0.229412  0.000110147
2040   0.0484438    0.106824  -0.0504657  5.18562e-05
2050   0.0487431    0.107105  -0.0510483  6.7717e-05
2060   0.0470895    0.105553  -0.0509318  0.000161662
2070   0.0455099     0.10407    0.187857  9.54835e-05
2080   0.0451798     0.10376     1.02234  8.40362e-05
2090   0.0438291    0.102493     1.02234  0.000186289
2100    0.041454    0.100263    0.963075  9.75318e-06
2110   0.0436341    0.102309    0.962842  -2.14303e-05
2120   0.0418826    0.100665      0.6053  0.000116236
2130   0.0413093    0.100127     1.20116  6.52973e-05
2140   0.0405767   0.0994396     0.78378  9.31205e-05
2150   0.0394469   0.0983792    0.366278  9.72856e-05
2160   0.0386309   0.0976133    0.783896  9.75538e-05
2170   0.0374959   0.0965478   -0.289604  8.58838e-05
2180   0.0369133    0.096001    -0.17021  3.44999e-05
2190   0.0368059   0.0959002  -0.0515143  -3.69756e-05
2200   0.0376528   0.0966951   -0.588818  -2.90476e-05
2210   0.0373868   0.0964455   -0.171258  7.44861e-05
2220   0.0361631   0.0952968   -0.648253  0.000138503
2230   0.0346167   0.0938454   -0.648311  7.88698e-05
2240   0.0345857   0.0938162   -0.469365  1.11185e-05
2250   0.0343944   0.0936367   -0.469424  3.11825e-06
2260   0.0345233   0.0937577    0.603786  7.16336e-06
2270   0.0342511   0.0935022   -0.111998  1.92124e-05
2280   0.0341391    0.093397     0.60332  0.000127913
2290   0.0316929   0.0911009    0.901718  0.000120037
2300   0.0317383   0.0911435     0.90166  -1.66561e-05
2310    0.032026   0.0914136    0.603261  -5.24521e-07
2320   0.0317488   0.0911534    0.364648  9.24691e-05
2330   0.0301766   0.0896776    0.304513  0.000112877
2340   0.0294913   0.0890344     0.24537  0.00011323
2350    0.027912    0.087552    0.125917  0.000117527
2360   0.0271407    0.086828   -0.291118  4.06344e-05
2370   0.0270993   0.0867892   -0.708678  2.04321e-05
2380   0.0267321   0.0864445   -0.768404  -4.0688e-05
2390   0.0279131    0.087553   -0.112464  2.46211e-05
2400   0.0262397   0.0859822   -0.351019  6.1286e-05
2410   0.0266873   0.0864025   -0.231974  4.93074e-05
2420   0.0252535   0.0850566    0.185585  1.24291e-05
2430   0.0264388   0.0861691    0.543302  -1.60879e-05
2440   0.0255753   0.0853586  0.00669775  -2.85943e-05
2450   0.0270107   0.0867059      0.4235  -2.85201e-05
2460   0.0261457    0.085894   0.0658999  -4.02592e-06
2470   0.0270912   0.0867815    0.423908  4.14631e-05
2480   0.0253164   0.0851156    0.126034  9.09622e-05
2490   0.0252719   0.0850739    0.185644  1.68637e-05
2500   0.0249791   0.0847991   -0.590274  2.51776e-05
2510   0.0247684   0.0846012   -0.470588  -7.92881e-06
2520   0.0251377   0.0849479  0.00605702  -2.45259e-05
2530   0.0252589   0.0850617   -0.769045  2.94555e-05
2540   0.0245486   0.0843949    -1.18666  5.44652e-05
2550   0.0241696   0.0840392   -0.948282  8.7643e-06
2560   0.0243733   0.0842304   -0.530781  -2.04012e-05
2570   0.0245776   0.0844222    -0.53078  2.13556e-05
2580   0.0239462   0.0838295    -1.06733  1.29827e-05
2590    0.024318   0.0841784   -0.232382  -1.20711e-05
2600   0.0241876   0.0840561   -0.411386  -3.31255e-05
2610   0.0249805   0.0848003   -0.232557  -5.41699e-05
2620    0.025271    0.085073    0.125335  4.57875e-06
2630   0.0248889   0.0847144    0.065725  9.30652e-05
2640   0.0234097   0.0833259     1.19872  7.63618e-05
2650   0.0233617   0.0832808    0.423325  4.28533e-05
2660   0.0225527   0.0825214    0.244379  6.83131e-05
2670   0.0219954   0.0819984    0.781217  -2.04881e-05
2680   0.0229624   0.0829061    0.720792  -2.46823e-05
2690    0.022489   0.0824617    0.542137  8.56492e-05
2700   0.0212494   0.0812982    0.602096  0.000102852
2710    0.020432   0.0805309    0.959814  4.35011e-05
2720   0.0203794   0.0804815     0.66124  3.51393e-05
2730   0.0197292   0.0798712     0.66159  8.22023e-05
2740   0.0187354   0.0789384     1.01942  4.81711e-05
2750   0.0187658   0.0789669    0.422743  3.55199e-05
2760    0.018025   0.0782715  0.00529997  5.70199e-05
2770   0.0176254   0.0778965   -0.471287  4.00145e-05
2780   0.0172247   0.0775204   -0.352359  6.59426e-05
2790   0.0163065   0.0766585   -0.650233  -3.73241e-05
2800   0.0179712    0.078221   -0.590973  -8.4711e-05
2810   0.0180008   0.0782488   -0.233314  4.45647e-05
2820   0.0170799   0.0773844   -0.590973  4.89502e-05
2830   0.0170218   0.0773299    -1.00871  4.48147e-05
2840   0.0161836   0.0765431    -1.12764  9.26136e-05
2850   0.0151695   0.0755913   -0.650873  7.54803e-05
2860    0.014674   0.0751261    -1.18736  -1.56453e-05
2870   0.0154824    0.075885    -1.30705  -1.55989e-05
2880   0.0149859    0.075419   -0.531537  6.71701e-05
2890    0.014139    0.074624   -0.949272  8.04453e-05
2900    0.013377   0.0739088   -0.531887  7.19263e-05
2910   0.0127005   0.0732737   -0.472219  5.89881e-05
2920   0.0121973   0.0728014   -0.949097  1.08991e-05
2930   0.0124825   0.0730691    -0.88972   5.493e-05
2940   0.0110987   0.0717702   -0.889546  0.000138576
2950  0.00971095   0.0704676   -0.710309  0.000108121
2960  0.00893626   0.0697405   -0.352883  3.78642e-05
2970  0.00895367   0.0697568    0.124112  2.67732e-06
2980  0.00888271   0.0696902   -0.591322  6.02104e-05
2990  0.00774946   0.0686265   -0.948864  5.5871e-05
3000  0.00776529   0.0686413   -0.292923  7.29384e-06
3010  0.00760358   0.0684895   -0.292749  6.50841e-05
3020  0.00646361   0.0674195    0.124811  -1.56648e-06
3030  0.00763491   0.0685189   -0.591555  -8.60969e-05
3040  0.00818555   0.0690358   -0.352883  -1.5764e-06
3050  0.00766644   0.0685485   -0.770443  4.30467e-05
3060  0.00732461   0.0682277    -1.12804  -6.06112e-06
3070  0.00778766   0.0686623   -0.770151  2.0877e-05
3080  0.00690707   0.0678358   -0.591089  7.02292e-05
3090  0.00638308   0.0673439   -0.531421  6.14661e-05
3100  0.00567775   0.0666819    -0.17353  8.86476e-05
3110  0.00461012   0.0656797   -0.471928  7.98607e-05
3120  0.00408054   0.0651826   -0.531421  8.0131e-05
3130  0.00300751   0.0641754   -0.113745  3.96252e-05
3140  0.00328804   0.0644388   -0.770035  -2.35678e-05
3150  0.00347886   0.0646179   -0.293098  -5.53943e-05
3160  0.00439592   0.0654787   -0.829819  -0.000119094
3170  0.00586074   0.0668536     -1.2475  -7.39139e-05
3180   0.0058742   0.0668663    -1.12845  5.78756e-05
3190  0.00470322   0.0657671   -0.651048  8.53332e-05
3200  0.00416753   0.0652643   -0.472044  7.95822e-06
3210  0.00454406   0.0656177   -0.412667  -2.85582e-05
3220   0.0047387   0.0658004   -0.412551  -3.78213e-05
3230  0.00530049   0.0663277    -0.17382  -4.24958e-05
3240  0.00558861   0.0665982    0.183838  1.25104e-05
3250  0.00505028   0.0660929  0.00489247  4.47095e-05
3260  0.00469442   0.0657589    0.362609  7.97685e-06
3270  0.00489074   0.0659431    0.422568  2.65079e-05
3280  0.00416426   0.0652612    0.183954  4.5012e-05
3290   0.0039905   0.0650981   0.0649097  4.98174e-05
3300  0.00316792    0.064326  0.00553291  5.9194e-05
3310  0.00280662   0.0639869   -0.173588  5.47601e-05
3320  0.00207271    0.063298   -0.531421  2.23395e-05
3330  0.00235983   0.0635675    0.124461  -4.27323e-05
3340  0.00292736   0.0641002   -0.591439  -8.54488e-07
3350  0.00237692   0.0635835   0.0646184  0.000101849
3360  0.000890381   0.0621882  0.00541657  3.18979e-05
3370  0.00173896   0.0629847   -0.173704  -2.40659e-05
3380   0.0013717     0.06264  -0.0544844  2.73953e-05
3390  0.00119106   0.0624704   -0.889371  6.97988e-05
3400  -2.42771e-05   0.0613297    -1.00824  6.99334e-05
3410  -0.000207611   0.0611576   -0.889255  -6.17944e-05
3420  0.00121161   0.0624897   -0.710658  -9.91819e-06
3430  -9.24727e-06   0.0613438     -1.0682  6.07919e-05
3440  -4.22676e-06   0.0613485    -1.36671  8.96925e-06
3450  -0.000188632   0.0611754    -1.54549  -1.94804e-05
3460  0.000385381   0.0617142    -1.06872  -3.37367e-05
3470  0.000486101   0.0618087   -0.710833  8.94782e-06
3480  0.000206424   0.0615462    -0.53212  2.32438e-05
3490  2.12251e-05   0.0613724    -0.29339  2.33226e-05
3500  -0.000260027   0.0611084   -0.293506  9.04684e-06
3510  -0.000159712   0.0612025   -0.472335  3.78299e-05
3520  -0.00101662   0.0603982   -0.293506  1.38973e-05
3530  -0.000437658   0.0609416   -0.233838  1.88539e-05
3540  -0.0013937   0.0600443   -0.591613  9.57523e-05
3550  -0.0023527   0.0591441   -0.949272  5.26932e-05
3560  -0.00244757   0.0590551    -1.00911  4.80995e-05
3570  -0.00331469   0.0582411   -0.352824  7.23506e-05
3580  -0.00389458   0.0576968   -0.352941  6.29197e-05
3590  -0.00457309   0.0570599    0.183896  4.37183e-05
3600  -0.00476894   0.0568761     0.12417  7.78771e-05
3610  -0.00613063    0.055598    0.303116  4.39922e-05
3620  -0.00564879   0.0560502    0.541555  -4.33909e-05
3630  -0.00526281   0.0564125    0.601281  -4.51133e-06
3640  -0.00555856   0.0561349    0.302883  3.93926e-05
3650  -0.00605066    0.055673    0.362435  -4.36858e-05
3660  -0.00468484    0.056955   -0.115259  -4.85791e-05
3670  -0.00507908    0.056585   -0.293565  3.94882e-05
3680  -0.00547461   0.0562137    0.123646  3.9613e-05
3690  -0.00587134   0.0558413    0.183197  3.42517e-07
3700  -0.00548146   0.0562073   0.0636867  1.02708e-05
3710  -0.00607676   0.0556485   -0.413366  3.49245e-05
3720  -0.00617995   0.0555517    0.123471  4.49725e-05
3730  -0.00697621   0.0548043     0.12353  2.52371e-05
3740  -0.00668469   0.0550779    0.183023  -1.92704e-05
3750  -0.0065908    0.055166  -0.0558238  2.04265e-05
3760  -0.00709322   0.0546944    0.003844  5.27245e-07
3770  -0.00660134   0.0551561    0.301893  5.54753e-05
3780  -0.00820273    0.053653    0.421462  3.05031e-05
3790  -0.00721141   0.0545835    0.660017  -6.42633e-05
3800  -0.00691746   0.0548594    0.659668  -8.45734e-05
3810  -0.00551994   0.0561712    0.599942  -7.47169e-05
3820  -0.00542312   0.0562621    0.838614  2.54987e-05
3830  -0.00602991   0.0556925    0.659959  9.60327e-05
3840  -0.00734378   0.0544592    0.600466  4.07989e-05
3850  -0.00684589   0.0549266    0.958066  -4.48191e-05
3860  -0.00644739   0.0553006     1.01762  4.10622e-05
3870  -0.00766713   0.0541557     1.01803  -9.62629e-06
3880  -0.00625487   0.0554813    0.779004  -6.02186e-05
3890  -0.00646276   0.0552862     0.95795  1.57396e-05
3900  -0.00656966   0.0551859    0.838789  -9.67053e-06
3910  -0.00626935   0.0554677    0.898224  -1.47738e-05
3920  -0.00627418   0.0554632     1.19639  4.87571e-07
3930  -0.0062791   0.0554586     1.19662  5.60929e-06
3940  -0.00638637   0.0553579     1.37539  2.61291e-05
3950  -0.00680168   0.0549681    0.838555  4.16004e-05
3960  -0.00721838   0.0545769    0.838672  5.20274e-05
3970  -0.00784223   0.0539914     1.01762  -2.51202e-05
3980  -0.00671597   0.0550485      1.1961  -3.02183e-05
3990  -0.00723787   0.0545586     1.07705  2.12517e-05
4000  -0.00714101   0.0546496    0.778538  2.65512e-05
4010  -0.00776889   0.0540602    0.898224  4.21427e-05
4020  -0.00798386   0.0538584    0.897816  1.11392e-05
4030  -0.00799167   0.0538511     0.30131  1.6399e-05
4040  -0.00831184   0.0535506   0.0629877  1.1215e-05
4050  -0.00821597   0.0536406    0.539749  4.78469e-05
4060  -0.00926878   0.0526523    0.182091  0.000157777
4070  -0.0113715   0.0506786    0.302009  6.91325e-05
4080  -0.0106514   0.0513545    0.778888  -0.000103625
4090   -0.009299    0.052624    0.241817  -7.76304e-05
4100  -0.00909882   0.0528119    0.897641  -4.25135e-06
4110  -0.00921397   0.0527038    0.718754  6.42979e-05
4120  -0.0103848   0.0516048      1.0175  5.91421e-05
4130  -0.0103968   0.0515935    0.897991  -9.38284e-06
4140  -0.0101971    0.051781     0.59965  5.4243e-05
4150  -0.0114817   0.0505752    0.719103  5.96149e-05
4160  -0.0113894   0.0506618     0.65926  -2.52056e-05
4170  -0.0109776   0.0510484    0.659085  -2.52663e-05
4180  -0.0108841   0.0511361     1.13637  -5.20796e-05
4190  -0.00993597   0.0520261    0.957484  -8.96261e-05
4200  -0.00909157   0.0528187    0.778479  -2.56481e-05
4210  -0.00942301   0.0525076     1.25536  6.54083e-05
4220  -0.0103997   0.0515908      1.1961  3.86974e-05
4230   -0.010197   0.0517811     1.31538  1.23056e-06
4240  -0.0104244   0.0515677     1.01738  -2.03841e-05
4250  -0.00978928   0.0521638    0.659435  -3.65964e-05
4260  -0.00969242   0.0522547    0.719103  -4.21854e-05
4270  -0.00894557   0.0529557    0.599825  -6.39705e-05
4280  -0.00841301   0.0534556    0.539982  9.85479e-07
4290  -0.00896528   0.0529372    0.420996  3.35517e-05
4300  -0.00908405   0.0528257    0.778829  -7.53392e-05
4310  -0.00745849   0.0543516    0.778655  -0.000135533
4320  -0.00637338   0.0553701    0.897874  -4.8514e-05
4330  -0.00648821   0.0552623     1.07688  5.5353e-05
4340  -0.00748044    0.054331    0.897932  1.15432e-05
4350  -0.00671908   0.0550456    0.540274  -4.87678e-05
4360  -0.00650508   0.0552465    0.838323  -1.59265e-05
4370  -0.00640055   0.0553446    0.659377  -2.15126e-05
4380  -0.00607483   0.0556503     0.65961  -8.7932e-05
4390  -0.00464191   0.0569953    0.957367  4.91948e-07
4400  -0.00608467   0.0556411    0.957484  4.46369e-05
4410  -0.00553465   0.0561574    0.539924  -2.17422e-05
4420  -0.00564983   0.0560493      1.1961  -2.18805e-05
4430  -0.00509703   0.0565681     1.13643  -6.0959e-05
4440  -0.00443065   0.0571936     1.07676  -2.76283e-05
4450  -0.00454447   0.0570868    0.957484  -3.89981e-05
4460  -0.00365069   0.0579257    0.897699  2.26633e-05
4470  -0.00499774   0.0566613     1.49403  0.000118086
4480  -0.00601241   0.0557089     1.19598  4.53495e-05
4490  -0.00590473     0.05581     1.31526  -1.6431e-05
4500  -0.00568379   0.0560174     1.07676  2.87259e-05
4510  -0.00647924   0.0552707    0.838089  -1.65518e-05
4520  -0.00535276   0.0563281    0.897641  -8.44972e-05
4530  -0.0047893    0.056857    0.897641  -3.37202e-05
4540  -0.00467835   0.0569611     0.71887  -2.24992e-05
4550  -0.00433931   0.0572794     1.13614  1.73618e-05
4560  -0.00502559   0.0566352      1.3152  -3.98043e-05
4570  -0.00354323   0.0580266     1.13625  -6.26495e-05
4580  -0.0037726   0.0578113     1.31508  -2.8631e-05
4590  -0.00297061   0.0585641    0.778305  -2.28953e-05
4600  -0.00331469   0.0582411    0.837973  2.87163e-05
4610  -0.00354493    0.058025    0.838031  6.34315e-05
4620  -0.00458332   0.0570503    0.897583  7.51468e-05
4630  -0.00504787   0.0566143    0.837915  -1.71265e-05
4640  -0.00424079   0.0573718    0.480082  6.12303e-06
4650  -0.00517033   0.0564993    0.599534  5.82695e-05
4660  -0.00540618    0.056278    0.659085  2.36301e-05
4670  -0.00564293   0.0560557     1.01692  6.45402e-05
4680  -0.00669699   0.0550663     1.01692  4.13367e-05
4690  -0.00646967   0.0552797    0.479965  2.99066e-05
4700  -0.00729512   0.0545049    0.480373  2.99189e-05
4710  -0.00706804   0.0547181    0.897699  3.01342e-05
4720  -0.0078978   0.0539392     0.36092  3.60344e-05
4730  -0.00778873   0.0540416    0.897466  1.2666e-05
4740  -0.00815112   0.0537014     1.01645  0.000113129
4750  -0.0100513   0.0519178    0.658678  0.000119335
4760  -0.0105378   0.0514611    0.658678  3.68792e-05
4770  -0.0107889   0.0512255    0.420355  4.29867e-05
4780  -0.0113976   0.0506542    0.062347  7.28925e-05
4790  -0.0122467   0.0498571   -0.056756  0.000114911
4800  -0.0136958   0.0484969    0.360862  5.55194e-05
4810  -0.0133571   0.0488148    0.122015  1.39833e-05
4820  -0.0139754   0.0482344    0.539575  0.000109955
4830  -0.0155562   0.0467506    0.241642  6.82018e-05
4840  -0.0153395   0.0469541    0.301194  -5.78631e-05
4850   -0.014399   0.0478369    0.420646  -8.2162e-05
4860  -0.0136962   0.0484965    0.718812  -0.000100648
4870   -0.012386   0.0497264     1.07624  -5.85656e-05
4880  -0.0125249    0.049596    0.658969  7.84788e-06
4890   -0.012543    0.049579     1.07659  1.39715e-05
4900  -0.0128044   0.0493337     1.13655  2.00971e-05
4910  -0.0129449   0.0492017     1.25553  -1.03458e-05
4920  -0.0125974   0.0495279     1.25547  -3.48158e-05
4930  -0.0122486   0.0498553     1.13614  -5.33466e-05
4940  -0.0115305   0.0505294     1.13591  -9.03797e-05
4950   -0.010441    0.051552    0.778072  -5.99247e-05
4960   -0.010332   0.0516543     0.89735  1.41487e-06
4970  -0.0104693   0.0515255    0.837682  0.000106459
4980  -0.0124612   0.0496558    0.778305  9.43158e-05
4990  -0.0123556   0.0497549    0.897699  8.21731e-05
