Time   C(t)   
ps   
0           1           1  1.24225e-09   0.0506595
10    0.498513    0.620462    -1.08656    0.026934
20     0.46132    0.592314    -1.67735  0.00320852
30    0.434342    0.571897    -1.73577  0.00230674
40    0.415185    0.557398      -3.842  0.00148174
50    0.404707    0.549468    -2.73803   0.0012803
60    0.389579    0.538019    -2.97154  0.00178015
70    0.369104    0.522523    -2.38726  0.00149078
80    0.359764    0.515454     -5.6604  0.00093496
90    0.350405    0.508371    -6.13211  0.000898723
100    0.341789     0.50185    -1.98225  0.000973049
110    0.330944    0.493643    -1.40002  0.00108557
120    0.320078    0.485418   -0.113077  0.000885257
130    0.313239    0.480243   -0.700211  0.000684558
140    0.306387    0.475057    -1.98602  0.000888899
150    0.295461    0.466788    -1.57518  0.000606886
160    0.294249    0.465871    -2.39697  0.000305526
170    0.289351    0.462163     1.16845  0.000678475
180    0.280679    0.455601     1.75278  0.000568181
190    0.277987    0.453563   -0.995519  0.000400338
200    0.272673    0.449541     2.86121  0.000327837
210     0.27143    0.448601     1.28369  1.25423e-05
220    0.272422    0.449351     2.50839  0.000595492
230     0.25952    0.439587     2.86041  0.000692609
240     0.25857    0.438868     2.85795  0.000478061
250    0.249959    0.432351     2.03839  0.000482504
260     0.24892    0.431564     4.02611  0.000332743
270    0.243304    0.427314      2.5635  0.000441809
280    0.240083    0.424877     1.68745  3.50527e-05
290    0.242603    0.426784     3.43858  -2.28651e-05
300    0.240541    0.425223     2.61964  0.000537252
310    0.231858    0.418652     1.04167  0.000487361
320    0.230793    0.417846     4.25678  8.3182e-05
330    0.230195    0.417393     2.61913  7.55548e-05
340    0.229282    0.416702     4.84037  0.000267199
350    0.224851    0.413348     1.62464  0.000486659
360    0.219549    0.409336     2.15021  0.000327049
370     0.21831    0.408398     3.08405  -1.70395e-05
380     0.21989    0.409594   -0.539672  0.000191069
390    0.214488    0.405506  -0.0708663  0.000415012
400     0.21159    0.403312    -1.30013  -0.000118798
410    0.216864    0.407304    0.160597  -0.000130399
420    0.214198    0.405286     2.03005  0.000337833
430    0.210108     0.40219     2.73181  0.000421279
440    0.205772    0.398909     4.13354  0.000509018
450    0.199927    0.394486     3.60877  0.000217494
460    0.201422    0.395617     1.03625  -7.05227e-05
470    0.201338    0.395553     1.44452  0.000178798
480    0.197846    0.392911    0.624722  0.000599346
490    0.189351    0.386481   -0.190964  0.000314514
500    0.191556     0.38815    -1.06998  -5.77934e-05
510    0.190507    0.387356     1.50168  0.000156752
520    0.188421    0.385777    -2.18115  0.000137087
530    0.187765    0.385281    -3.58431  0.000129479
540    0.185831    0.383818    0.857156  0.000137687
550    0.185011    0.383197    -1.24765  0.000233904
560    0.181153    0.380277    -1.13057  0.000474172
570    0.175528     0.37602    -2.64875  0.000306955
580    0.175014    0.375631    -2.29913  3.29986e-06
590    0.175462     0.37597    -1.71565  0.000139767
600    0.172219    0.373515    -2.35773  0.000172006
610    0.172022    0.373366     -1.3658  0.000152405
620    0.169171    0.371208   -0.780496  0.000221032
630    0.167601     0.37002    -4.28783  6.04205e-05
640    0.167962    0.370294     -1.0139  -0.000173307
650    0.171067    0.372644    -5.10865  -4.83386e-05
660    0.168929    0.371026    -0.19827  0.000226119
670    0.166545    0.369221    0.443347  0.000339878
680    0.162132    0.365881    -3.18049  0.000409371
690    0.158357    0.363025     -4.9327  0.000219704
700    0.157737    0.362555   -0.842684  -5.97522e-05
710    0.159552    0.363929    -4.52677  0.000224692
720    0.153244    0.359154    -2.83104  0.000346798
730    0.152616     0.35868    -1.95322  -0.000116396
740    0.155572    0.360916    -2.42368  -8.79258e-05
750    0.154375    0.360011    -3.94375  0.000156523
760    0.152441    0.358547    -3.76745  5.06207e-05
770    0.153362    0.359244    -4.87953  0.000333094
780    0.145779    0.353505    -5.46364  0.000321051
790    0.146941    0.354385    -3.53553  -4.66809e-05
800    0.146713    0.354212    -4.41398  0.000240386
810    0.142134    0.350746    -2.07532  0.000207835
820    0.142556    0.351066    -6.28218  0.000192095
830    0.138292    0.347839     -3.4184  0.000311651
840    0.136323    0.346349    -5.64056  8.98942e-05
850    0.136494    0.346478    -4.64738  -9.5465e-05
860    0.138232    0.347794    -1.60748  0.000168771
870    0.133118    0.343923    -6.04895  6.53781e-05
880    0.136925    0.346804    -5.87551  0.000152964
890    0.130059    0.341608    -5.40596  0.000185857
900    0.133208    0.343991    -5.99207  8.72485e-05
910    0.128314    0.340287    -5.99098  0.00028635
920    0.127481    0.339656    -5.87533  0.000183258
930    0.124649    0.337513    -4.47268  0.000241845
940    0.122644    0.335996    -5.35033  0.000121558
950    0.122218    0.335673    -5.05731  0.000117739
960    0.120289    0.334214    -4.82402  7.61792e-05
970    0.120694     0.33452    -4.23985  -0.00014511
980    0.123191     0.33641     -2.8388  1.15372e-06
990    0.120671    0.334503    -4.35681  -5.77737e-05
1000    0.124347    0.337285     -5.0609  -0.000107884
1010    0.122829    0.336136    -5.23532  9.73504e-05
1020      0.1224    0.335811    -5.29391  7.23988e-05
1030    0.121381     0.33504    -6.52066  5.56987e-05
1040    0.121286    0.334968    -5.05817  5.58835e-05
1050    0.120263    0.334194      -5.293  0.000376528
1060    0.113755    0.329269    -4.47377  0.000132139
1070    0.117621    0.332194    -4.94412  -0.000255913
1080    0.118873    0.333142    -5.70566  8.19381e-05
1090    0.115982    0.330954    -5.23708  0.000145447
1100    0.115964    0.330941    -8.51073  0.000188361
1110    0.112215    0.328103    -5.12115  0.000252268
1120    0.110919    0.327122    -6.75686  -6.3654e-06
1130    0.112342    0.328199     -5.0034  -8.70988e-05
1140    0.112661    0.328441    -2.60974  -0.000219446
1150    0.116731    0.331521       -5.24  0.000151417
1160    0.109633    0.326149    -6.99209  0.00033904
1170     0.10995    0.326389    -2.49198  0.000237603
1180    0.104881    0.322552    -7.34046  0.000190758
1190    0.106135    0.323501    -4.00913  -0.000318408
1200    0.111249    0.327372    -6.11542  -0.000378987
1210    0.113715    0.329238    -5.18043  -0.000126581
1220     0.11378    0.329288    -6.05791   0.0002471
1230    0.108773    0.325498    -5.76249  0.000174189
1240    0.110297    0.326651    -6.46652  7.15222e-05
1250    0.107342    0.324415    -8.27835  0.000403673
1260    0.102223    0.320541    -4.24431  0.000123691
1270    0.104868    0.322543    -6.81728  5.95298e-05
1280    0.101033     0.31964    -4.18571  0.000353708
1290   0.0977941    0.317189     -5.8807  0.000198525
1300   0.0970621    0.316635    -4.36132  6.89473e-05
1310   0.0964152    0.316145    -3.31023  6.04257e-05
1320   0.0958536     0.31572     -4.8894  -8.73249e-05
1330   0.0981617    0.317467    -3.83689  0.00027406
1340   0.0903724    0.311572    -6.17515  0.000265405
1350   0.0928536     0.31345    -3.31155  7.45602e-05
1360   0.0888812    0.310443    -5.06501  0.000126792
1370   0.0903178    0.311531     -5.2975  -0.000340702
1380   0.0956952      0.3156    -4.83247  -8.38749e-06
1390   0.0904855    0.311658     -3.6032  0.000201463
1400    0.091666    0.312551    -2.84417  -6.11108e-05
1410   0.0917077    0.312583    -6.46732  0.00025075
1420   0.0866509    0.308755    -7.34525  0.000435851
1430   0.0829907    0.305985     -4.6556  7.56826e-05
1440   0.0851373     0.30761    -6.87713  -0.000117859
1450   0.0853479    0.307769    -7.40419  -6.52496e-05
1460   0.0864423    0.308598    -8.63214  2.30558e-05
1470   0.0848868     0.30742     -5.0087  0.000270823
1480   0.0810258    0.304498    -5.53525  7.63442e-05
1490   0.0833599    0.306265    -6.06093  -0.000198174
1500   0.0849893    0.307498    -5.71166  -0.000194238
1510   0.0872447    0.309205    -6.99769   4.103e-05
1520   0.0841687    0.306877    -6.00462  0.000107589
1530   0.0850929    0.307576    -5.24428  0.000250715
1540   0.0791544    0.303082    -5.82918  0.000219667
1550   0.0806995    0.304251    -7.69858  -2.06418e-05
1560   0.0795673    0.303394    -4.42682  -0.000105827
1570   0.0828161    0.305853    -4.31055  -0.00018197
1580   0.0832067    0.306149    -4.95359  8.64629e-05
1590   0.0810868    0.304544    -7.34902  2.36779e-05
1600   0.0827331     0.30579     -6.2394  0.000100365
1610   0.0790795    0.303025    -6.70569  0.000100284
1620   0.0807274    0.304272     -6.2977  -2.9815e-05
1630   0.0796758    0.303477    -8.28463  6.46867e-05
1640   0.0794337    0.303293    -5.76928  -0.000133833
1650   0.0823525    0.305502    -8.57817  -9.77919e-05
1660   0.0813895    0.304774    -8.63756  0.000150727
1670   0.0793379    0.303221    -8.40262  0.000128365
1680   0.0788222    0.302831    -6.82413  5.16269e-05
1690   0.0783054    0.302439    -5.12897  0.000206227
1700   0.0746977    0.299709    -8.11159  4.73283e-05
1710   0.0773588    0.301723    -5.94877  -0.000125254
1720   0.0772028    0.301605    -2.61767  -2.08527e-05
1730   0.0777759    0.302039    -3.08465  -6.65158e-05
1740   0.0785331    0.302612    -2.09119  -0.000135218
1750   0.0804802    0.304085    -2.73417  -0.000135463
1760   0.0812423    0.304662    -4.13819  0.000377321
1770   0.0729338    0.298374    -4.19433  0.000162051
1780   0.0780013    0.302209    -6.82796  -0.000130706
1790   0.0755479    0.300352    -3.49572  0.000126061
1800   0.0754801    0.300301    -6.59336  8.04693e-05
1810   0.0739385    0.299134     -4.3724  9.90145e-05
1820   0.0734998    0.298802    -2.91047  0.000154715
1830   0.0708442    0.296793    -1.09938  0.000242778
1840   0.0686442    0.295128    -2.32602  0.000104577
1850   0.0687527     0.29521   -0.106084  1.69504e-05
1860   0.0683052    0.294871      1.0639  0.000188582
1870   0.0649811    0.292355    -1.09709  -1.54756e-05
1880   0.0686147    0.295105    -1.39195  -1.97303e-05
1890   0.0653757    0.292654    -3.14359  0.000175329
1900   0.0651082    0.292451    -1.74271  0.000227226
1910   0.0608312    0.289214   -0.807153  -0.000341855
1920   0.0719453    0.297626     1.99592  -0.000154835
1930   0.0639279    0.291558    -1.33426  0.00060623
1940   0.0598207     0.28845     1.41347  0.000111425
1950   0.0616994    0.289872    -1.85887  -8.96187e-05
1960    0.061613    0.289806     0.18614  0.000215284
1970   0.0573937    0.286613     2.11585  0.000206162
1980   0.0574898    0.286686     1.29559  1.39302e-05
1990   0.0571151    0.286402     1.00439  2.33689e-05
2000   0.0570224    0.286332   -0.223102  -4.88106e-06
2010   0.0572127    0.286476     2.52372  -3.32292e-05
2020    0.057687    0.286835    0.302414  8.49821e-05
2030   0.0555131     0.28519     1.23757  7.55608e-05
2040   0.0561758    0.285691     0.59367  -0.000194447
2050    0.059402    0.288133     4.04116  -2.37884e-05
2060   0.0566515    0.286051   -0.575975  0.000161242
2070   0.0561772    0.285692      1.3535  0.00015225
2080   0.0536065    0.283747     3.16482  6.66849e-05
2090   0.0548435    0.284683     2.40487  0.000114848
2100   0.0513096    0.282008     2.99064  0.000114835
2110   0.0525468    0.282945     5.44592  -0.000166926
2120   0.0546481    0.284535     3.57332  0.000182504
2130   0.0488967    0.280182     4.27513  0.000196849
2140   0.0507111    0.281555     5.21011  -0.000143244
2150   0.0517616     0.28235     6.26337  0.000101653
2160   0.0486781    0.280017     4.10112  0.000125735
2170   0.0492469    0.280447     6.43784  -3.9123e-06
2180   0.0487563    0.280076     5.26848  -0.000341978
2190   0.0560865    0.285624     7.07877  4.92562e-05
2200   0.0477712     0.27933     6.96358  0.000343669
2210   0.0492131    0.280422     6.14481  -0.000110456
2220   0.0499803    0.281002     7.37134  8.33536e-05
2230    0.047546     0.27916     6.08691  6.87877e-05
2240   0.0486045    0.279961     4.74188  3.02602e-05
2250   0.0469408    0.278702     5.96898  -0.00010626
2260   0.0507297    0.281569     7.89668  4.99334e-05
2270   0.0459421    0.277946     6.61059  0.000113011
2280   0.0484695    0.279859     7.48784  -8.67678e-05
2290   0.0476775    0.279259     3.28058  0.000260514
2300   0.0432592    0.275916     5.96977  0.000275677
2310    0.042164    0.275087     5.20943  -0.000204595
2320   0.0473511    0.279012     4.79922  -0.000293225
2330   0.0480285    0.279525     6.37696  0.000124171
2340   0.0448677    0.277133     5.49966  3.05967e-05
2350   0.0474165    0.279062     4.50648  -4.79212e-05
2360   0.0458261    0.277858     6.49438  0.000213619
2370   0.0431442    0.275829     8.36361  7.55429e-05
2380   0.0443153    0.276715     7.36837  -0.000191598
2390   0.0469761    0.278729     8.94577  0.000135482
2400   0.0416056    0.274664     10.4672  0.000289333
2410   0.0411895    0.274349     9.47409  -8.76734e-05
2420   0.0433591    0.275991     10.0575  -3.79192e-05
2430   0.0419479    0.274923     7.19362  0.000141311
2440   0.0405329    0.273852     11.4025  0.000221606
2450   0.0375157    0.271569      10.409  0.000132062
2460   0.0378916    0.271853     8.71505  -9.27217e-05
2470   0.0393702    0.272972     6.95982  -5.77994e-05
2480   0.0390476    0.272728     9.94044  4.73719e-05
2490   0.0384227    0.272255     8.30358  4.24614e-05
2500   0.0381984    0.272085     9.76551  0.000143293
2510   0.0355569    0.270086     11.6353  0.000279638
2520   0.0326056    0.267853     9.82547  -0.000138642
2530   0.0383297    0.272185     8.71163  -0.000204154
2540   0.0366887    0.270943     7.42731  0.000209876
2550   0.0341322    0.269008     8.24419  0.000326959
2560   0.0301495    0.265994     8.42157  0.000104429
2570   0.0320436    0.267427     5.38053  -0.000108343
2580   0.0323164    0.267634     8.12792  -7.82207e-05
2590    0.033608    0.268611     9.35541  -0.000159911
2600   0.0355146    0.270054     8.36024  -4.29301e-05
2610   0.0344666    0.269261     8.30284  -0.000170984
2620   0.0389343    0.272642     7.01475  0.000135935
2630   0.0317479    0.267204     9.23828  0.000140635
2640   0.0361216    0.270514     7.30789  -0.000309699
2650   0.0379419    0.271891     6.78032  -7.594e-06
2660   0.0362735    0.270629     8.24237  7.44661e-05
2670   0.0364526    0.270764     4.96906  0.000110848
2680   0.0340565    0.268951     7.36654  0.000286368
2690   0.0307252     0.26643     7.19105  9.59625e-05
2700   0.0321373    0.267498     9.47026  -0.000234515
2710   0.0354155    0.269979     9.05925  -6.40841e-05
2720   0.0334189    0.268468      10.814  4.43064e-05
2730   0.0345294    0.269309     7.77436  -5.92541e-05
2740    0.034604    0.269365     4.67615  8.14144e-06
2750   0.0343666    0.269185     3.74134  -0.000226253
2760   0.0391291     0.27279     8.70797  -7.4761e-06
2770   0.0345161    0.269299     7.36489  0.000143332
2780   0.0362624     0.27062      4.8517  5.00301e-05
2790   0.0335155    0.268541     5.61205  0.000180795
2800   0.0326465    0.267884     2.45496  7.12743e-05
2810     0.03209    0.267462     4.61653  7.14988e-05
2820   0.0312166    0.266801     3.33152  1.90886e-05
2830   0.0317082    0.267174     6.25321  0.000145638
2840   0.0283038    0.264597     5.43547  0.000251262
2850    0.026683     0.26337     8.76857  -0.000149314
2860   0.0312901    0.266857     8.00588  -0.000165168
2870   0.0299864     0.26587     5.55294  -1.77458e-05
2880    0.031645    0.267126     6.25447  -6.97384e-06
2890   0.0301258    0.265976     8.24094  0.000141496
2900   0.0288151    0.264984     7.94843  0.000104675
2910   0.0280323    0.264392     8.00594  -1.50818e-06
2920   0.0288453    0.265007     8.00719  -0.00027344
2930   0.0335011     0.26853     8.99911  -0.00018314
2940   0.0325081    0.267779     5.95996  0.000152939
2950   0.0304424    0.266215     8.59073  5.68738e-05
2960   0.0313706    0.266918     6.54401  8.97236e-06
2970   0.0302629     0.26608     6.07646  3.48296e-06
2980   0.0313009    0.266865     7.36261  0.000159645
2990     0.02707    0.263663     8.53219  -5.57654e-05
3000   0.0324162    0.267709     7.77059  -0.000130755
3010   0.0296851    0.265642     4.90716  0.000251876
3020   0.0273787    0.263897     4.90744  8.48973e-05
3030   0.0279872    0.264357     8.64721  -0.000136788
3040   0.0301145    0.265967     5.43279  -1.42353e-06
3050   0.0280156    0.264379     5.78269   0.0003732
3060   0.0226504    0.260318     5.43353  0.000145494
3070   0.0251058    0.262177     6.77593  -8.24066e-05
3080   0.0242986    0.261566     4.61425  -1.73933e-05
3090   0.0254536     0.26244     5.89857  0.000135738
3100   0.0215838    0.259511     4.96404  0.000267122
3110   0.0201112    0.258397     4.84777  3.23807e-05
3120   0.0209362    0.259021     5.19807  -0.000269266
3130   0.0254965    0.262472     3.73626  -2.24043e-05
3140   0.0213843     0.25936     5.84083  0.00018059
3150   0.0218847    0.259739      6.7757  -7.76694e-05
3160   0.0229377    0.260536     5.37339  -7.78526e-05
3170   0.0234417    0.260917     5.25661  6.56433e-05
3180   0.0216248    0.259542     7.00945  -1.18626e-05
3190    0.023679    0.261097     8.58759  1.61136e-05
3200   0.0213025    0.259298      6.2495  0.000265767
3210   0.0183637    0.257074     6.71865  -5.60981e-05
3220   0.0224245    0.260147     5.37305  -0.000373252
3230   0.0258287    0.262724     5.78115  -0.000162411
3240   0.0256727    0.262606     6.59935  -1.15186e-06
3250   0.0258517    0.262741     5.89891  0.000121964
3260   0.0232334     0.26076     7.59447  -1.23548e-05
3270   0.0260988    0.262928     6.54093  -0.000242077
3280    0.028075    0.264424     8.17824  8.87229e-05
3290   0.0243244    0.261585     4.61316  0.00024617
3300   0.0231516    0.260698     5.84066  -0.000170039
3310   0.0277251    0.264159     7.47488  -0.000141899
3320   0.0259896    0.262845     5.13765  -1.44122e-06
3330    0.027754    0.264181     7.29956  -5.21504e-05
3340   0.0270326    0.263635     7.24045  9.49506e-05
3350    0.025855    0.262744     6.30764  3.27331e-05
3360   0.0263779    0.263139     7.12361  0.000163778
3370   0.0225794    0.260265     6.24756  0.000448773
3380   0.0174024    0.256347     8.06128  2.78383e-05
3390   0.0220226    0.259843     8.64419  -7.98924e-05
3400   0.0190003    0.257556      6.8331  0.000182527
3410   0.0183721     0.25708     7.65078  -0.000246574
3420   0.0239318    0.261288     6.71385  -6.31881e-05
3430   0.0196359    0.258037     8.05876  0.000315273
3440   0.0176263    0.256516      8.1169  0.000241571
3450   0.0148044     0.25438     10.7472  4.62044e-05
3460   0.0167022    0.255817     7.64907  0.000167979
3470   0.0114448    0.251838     6.18874  2.14577e-07
3480   0.0166979    0.255813     9.69544  -8.58719e-05
3490   0.0131623    0.253137      9.3452  8.14281e-05
3500   0.0150694    0.254581     8.93613  -0.000179364
3510   0.0167496    0.255852     6.47925  -1.11617e-05
3520   0.0152926     0.25475     7.18066  -1.72811e-05
3530   0.0170952    0.256114     9.34291  -0.000110481
3540   0.0175022    0.256422     7.53108  0.000158007
3550    0.013935    0.253722     8.46669  9.3777e-05
3560   0.0156267    0.255003     8.40856  0.000112082
3570   0.0116934    0.252026     8.34968  0.000305834
3580     0.00951    0.250373     7.06353  -0.000128432
3590    0.014262     0.25397     8.17287  -9.88332e-05
3600   0.0114867    0.251869     6.30421  6.55134e-05
3610   0.0129518    0.252978     5.83472  -0.00012309
3620   0.0139485    0.253733     3.37899  3.04098e-05
3630   0.0123436    0.252518     4.02295  0.000214105
3640  0.00966637    0.250492     5.25004  3.6535e-05
3650   0.0116129    0.251965     7.64616  -0.000117632
3660    0.012019    0.252272     7.23674  0.000108258
3670   0.0094477    0.250326     7.12081  5.46628e-05
3680   0.0109258    0.251445     6.94514  -4.64367e-05
3690   0.0103764    0.251029     4.84052  2.50819e-05
3700   0.0104241    0.251065      5.1324  0.000277007
3710  0.00483631    0.246836      8.9909  0.000361515
3720  0.00319382    0.245593     9.75073  -6.40456e-05
3730  0.00611722    0.247806     7.93895  -0.000262686
3740  0.00844754    0.249569     8.11365  1.39753e-05
3750  0.00583771    0.247594     7.58779  0.000352059
3760  0.00140635     0.24424     7.29659  -4.0398e-05
3770  0.00664567    0.248206     6.00999  -0.000106446
3780  0.00353527    0.245852       10.57  0.000123295
3790  0.00417977    0.246339     10.0439  8.75041e-05
3800  0.00178519    0.244527     7.70555  -5.86803e-05
3810  0.00535338    0.247228     9.80921  -5.83879e-05
3820  0.00295295    0.245411     7.00317  5.09583e-05
3830  0.00433421    0.246456     8.52329  -8.32493e-05
3840  0.00461793    0.246671     7.93804  2.24456e-06
3850  0.00428932    0.246422     8.46481  5.74744e-05
3860  0.00346845    0.245801     9.51664  -8.38833e-05
3870  0.00596699    0.247692     9.04852  0.000162596
3880  0.000216521     0.24334     8.46492  0.000162457
3890  0.00271784    0.245233      8.2892  2.92678e-06
3900  0.000157985    0.243296     8.87302  -2.8435e-05
3910  0.00328654    0.245663      7.9381  -7.76872e-05
3920  0.00171173    0.244471     7.99612  0.000282007
3930  -0.00235359    0.241395     7.76426  -0.000109305
3940  0.00389783    0.246126     6.76776  4.70086e-05
3950  -0.00329376    0.240683     8.58142  0.000264581
3960  -0.00139379    0.242121     8.93093  -0.000302892
3970  0.00276407    0.245268      6.8263  -0.000222282
3980  0.00305185    0.245486     9.98236  5.27431e-05
3990  0.00170921     0.24447     9.98259  0.000153349
4000  -1.51409e-05    0.243165     11.2107  0.00019161
4010  -0.00212299    0.241569     8.87308  0.000166984
4020  -0.00335482    0.240637     9.74913  -0.000167167
4030  0.00122035      0.2441     8.75475  0.000149128
4040  -0.00633738     0.23838     9.16405  0.000370438
4050  -0.00618841    0.238492     9.04698  0.000194571
4060  -0.0102288    0.235435     8.34614  0.000201226
4070  -0.0102129    0.235447       10.45  0.000170404
4080  -0.0136369    0.232855     9.22338  4.94501e-05
4090  -0.0112019    0.234698     9.63251  -0.000186372
4100  -0.00990945    0.235676     11.2088  -7.82935e-06
4110  -0.0110454    0.234817     12.6711  0.00018434
4120  -0.0135962    0.232886     12.3787  0.000300482
4130   -0.017055    0.230268     12.4964  -0.000245576
4140  -0.00868473    0.236603     13.4885  -0.000387221
4150  -0.00931057     0.23613       14.95  0.000140191
4160  -0.0114886    0.234481     14.4826  4.70667e-06
4170  -0.0094047    0.236058     13.9548  0.000277217
4180  -0.0170329    0.230285     12.5537  0.000244883
4190  -0.0143024    0.232352     13.2531  -9.79719e-05
4200  -0.0150735    0.231768     12.7861  0.000109808
4210  -0.0164985    0.230689     13.9544  0.000168841
4220  -0.0184503    0.229212     14.4226  0.000182455
4230  -0.0201476    0.227928     11.2661  -5.91243e-05
4240  -0.0172678    0.230107     10.6807  -1.30194e-05
4250  -0.0198872    0.228125     13.8956  0.000301805
4260  -0.0233039    0.225539     11.0323  -7.23583e-05
4270  -0.0184401     0.22922     12.5505  2.04206e-05
4280  -0.0237123     0.22523     10.5641  0.000303595
4290  -0.0245119    0.224625     11.4399  0.000225659
4300  -0.0282255    0.221814      13.078  6.71387e-05
4310  -0.0258547    0.223608     13.2517  -2.50435e-05
4320  -0.0277246    0.222193     11.3813  0.000120811
4330  -0.0282709     0.22178     11.1478  0.000181325
4340  -0.0313511    0.219449     12.3755  0.000114997
4350  -0.0305709    0.220039     9.56929  -0.000165084
4360  -0.0280494    0.221947     12.2582  0.000102416
4370  -0.0326192    0.218489     11.6156  5.51865e-05
4380  -0.0291532    0.221112     12.4322  -1.11243e-05
4390  -0.0323967    0.218657     12.4329  8.92368e-05
4400  -0.0309379    0.219761     12.0821  0.000177679
4410  -0.0359503    0.215968     9.74445  0.00030615
4420  -0.0370609    0.215127     10.9717  -0.000125705
4430  -0.0334362    0.217871     8.63214  -0.000152862
4440  -0.0340037    0.217441     9.97722  0.000185952
4450  -0.0371552    0.215056     11.4396  0.000131928
4460  -0.0366422    0.215444      12.783  0.000228205
4470  -0.0417193    0.211602     10.6203  0.000235363
4480  -0.0413495    0.211882     12.0239  -5.07388e-05
4490  -0.0407046     0.21237     12.7831  3.9516e-06
4500  -0.0414285    0.211822     12.1988  -0.000202236
4510  -0.0366598    0.215431     11.2625  0.000203538
4520  -0.0454993    0.208741     10.2709  0.000258197
4530  -0.0418238    0.211523     14.3029   -0.000237
4540  -0.0407593    0.212328     11.7318  2.48259e-05
4550  -0.0423203    0.211147     10.8549  -9.97055e-06
4560  -0.0405598    0.212479     9.21682  -0.000113877
4570  -0.0400428    0.212871     9.27604  -2.39724e-05
4580  -0.0400804    0.212842     10.4454  2.46862e-05
4590  -0.0405365    0.212497      10.269  7.36253e-05
4600  -0.0415529    0.211728     9.68511  1.08732e-05
4610   -0.040754    0.212332     10.0352  -5.19989e-05
4620  -0.0405129    0.212515     9.27541  6.71377e-05
4630  -0.0420967    0.211316     10.2692  0.000193859
4640  -0.0443901     0.20958     12.0235  -0.000172019
4650  -0.0386563     0.21392     8.98176  -0.000284907
4660   -0.038692    0.213893     10.4437  -0.000109628
4670  -0.0364638    0.215579     9.39117  3.58727e-06
4680  -0.0387637    0.213839     10.2678  0.000145207
4690  -0.0393679    0.213381     11.2032  5.34145e-05
4700   -0.039832     0.21303     11.9631   0.0001463
4710  -0.0422939    0.211167     9.62452  3.95406e-05
4720  -0.0406228    0.212432     11.8453  1.14599e-05
4730  -0.0425231    0.210993     11.4938  0.000118699
4740  -0.0429968    0.210635     9.21488  4.74626e-05
4750  -0.0434723    0.210275     10.4415  0.000205971
4760  -0.0471162    0.207517     9.50768  -8.19705e-05
4770  -0.0418329    0.211516      10.207  -0.000160888
4780  -0.0438985    0.209953     11.0847  3.32262e-05
4790  -0.0424975    0.211013     10.7919  6.26791e-05
4800   -0.045152    0.209004       10.15  0.000127921
4810  -0.0450559    0.209077     8.74704  -0.000111546
4820  -0.0429211    0.210692     13.1895  -0.000199319
4830  -0.0410695    0.212094     13.4225  1.18203e-05
4840  -0.0431575    0.210513     9.97386  0.000172584
4850  -0.0445212    0.209481     11.0844  -1.00967e-05
4860  -0.0429556    0.210666      12.077  -0.00017892
4870  -0.0409428     0.21219     11.6682  2.66511e-05
4880  -0.0434886    0.210263     10.5575  -4.74822e-05
4890  -0.0399931    0.212908       10.09  -6.18719e-05
4900  -0.0422512    0.211199     10.7347  0.000196624
4910  -0.0439256    0.209932     10.4405  -9.94751e-05
4920  -0.0402617    0.212705     10.7908  0.000123798
4930  -0.0464015    0.208058     10.1491  0.000227664
4940  -0.0448149    0.209259     10.2053  1.27705e-05
4950   -0.046657    0.207865     11.9603  0.000311777
4960  -0.0510505     0.20454     10.9088  9.53393e-05
4970  -0.0485637    0.206422     12.8381  -0.000189062
4980  -0.0472692    0.207401     9.15491  -0.000189923
4990  -0.0447653    0.209297     9.79722  -0.000190783
