Time   Number   
ps   
0          62         100
10          66          98
20          60          90
30          56         102
40          63          95
50          62          90
60          68          96
70          68          98
80          66          86
90          72          90
100          58          94
110          68          84
120          62          86
130          64         104
140          66          80
150          66          90
160          66          86
170          66          90
180          62          78
190          66          92
200          71          93
210          64          90
220          63          89
230          67          99
240          62          96
250          68          92
260          65          97
270          60          96
280          64          94
290          67          91
300          67          87
310          62          88
320          60         102
330          67          97
340          66          96
350          66          86
360          57          93
370          61          85
380          66          96
390          61          99
400          57          95
410          54          86
420          62          82
430          56          82
440          53          85
450          57          77
460          61          93
470          51          85
480          55          79
490          65          95
500          63          77
510          61          89
520          58          90
530          63          79
540          64          94
550          68          88
560          61          85
570          64          92
580          61          83
590          60          96
600          66          84
610          63          83
620          69          95
630          68          94
640          62          80
650          64         104
660          61          99
670          61          91
680          59          85
690          59          97
700          61          87
710          58          84
720          57          87
730          62          96
740          67          93
750          66          96
760          64          94
770          72          92
780          60          90
790          65          99
800          70         104
810          69          95
820          61          93
830          66         102
840          62          98
850          61         103
860          65          93
870          64         104
880          63          93
890          64          96
900          64          96
910          63          87
920          63          91
930          53          87
940          51          83
950          55          81
960          48          76
970          53          75
980          54          92
990          55          75
1000          57          89
1010          55          81
1020          58         100
1030          59          85
1040          59          89
1050          63          87
1060          54          86
1070          58          88
1080          57          95
1090          55          95
1100          56          94
1110          60          88
1120          52          92
1130          57          87
1140          54          78
1150          58          92
1160          54          92
1170          60          98
1180          54          94
1190          55          79
1200          58          86
1210          52          72
1220          54          86
1230          57          87
1240          56          82
1250          51          83
1260          57          77
1270          54          84
1280          58          82
1290          57          85
1300          68         100
1310          57         101
1320          58          96
1330          57          73
1340          51          91
1350          47          83
1360          51          97
1370          58          88
1380          57          87
1390          56          80
1400          58          98
1410          56         100
1420          54          94
1430          64          92
1440          62         106
1450          65         101
1460          64          94
1470          60          76
1480          55          97
1490          61          97
1500          63          89
1510          63         103
1520          68         102
1530          65         107
1540          63         107
1550          64          88
1560          60         108
1570          61          95
1580          68          92
1590          62          98
1600          62         104
1610          62         102
1620          57          97
1630          69         105
1640          63         109
1650          71         103
1660          70         106
1670          70          94
1680          66         114
1690          63         117
1700          66         118
1710          70         108
1720          61         113
1730          63          99
1740          64         116
1750          66         116
1760          61         107
1770          72         100
1780          66         108
1790          63          89
1800          63          97
1810          65          99
1820          60          98
1830          67          97
1840          68          96
1850          68         100
1860          66          98
1870          61         113
1880          68         112
1890          61          89
1900          61          93
1910          59          83
1920          61          97
1930          60          98
1940          59          91
1950          52          94
1960          60         100
1970          57          83
1980          60         100
1990          62          98
2000          59          95
2010          58          92
2020          62         100
2030          65         103
2040          58          88
2050          61          97
2060          52          92
2070          54          86
2080          59          95
2090          64          82
2100          59          89
2110          59          97
2120          66          94
2130          65         107
2140          69          95
2150          65          89
2160          65          93
2170          65         105
2180          60          94
2190          65         109
2200          57          93
2210          55          97
2220          60          92
2230          61          97
2240          56          90
2250          65         105
2260          54          94
2270          57          85
2280          62          98
2290          60         100
2300          61          93
2310          62         104
2320          63          85
2330          61          91
2340          64          94
2350          65          75
2360          65          85
2370          64          98
2380          57          95
2390          59          89
2400          56          92
2410          63          83
2420          63          81
2430          65          99
2440          63          87
2450          62          86
2460          64          96
2470          61          87
2480          65          89
2490          57          99
2500          63          91
2510          59          89
2520          56         108
2530          59         105
2540          59         101
2550          59          87
2560          57          87
2570          60          86
2580          59          85
2590          64          98
2600          60          90
2610          62          94
2620          55          85
2630          54          90
2640          61          85
2650          62          94
2660          46          90
2670          57          83
2680          59          81
2690          56          94
2700          60          90
2710          60          92
2720          62          94
2730          56          84
2740          59          89
2750          56          86
2760          55          89
2770          60          78
2780          66          88
2790          59          87
2800          59          89
2810          55          87
2820          66         100
2830          70          96
2840          56          96
2850          60          94
2860          54          90
2870          61          91
2880          63          89
2890          64         108
2900          60          94
2910          54          76
2920          58          80
2930          58          80
2940          51          91
2950          61          97
2960          53          93
2970          58         100
2980          66         100
2990          59         101
3000          59          91
3010          54          86
3020          58          96
3030          58          90
3040          63          89
3050          70         104
3060          65          99
3070          63          81
3080          63          87
3090          58          94
3100          62          82
3110          55          73
3120          59          93
3130          60          94
3140          57          91
3150          54          82
3160          51          95
3170          57          97
3180          58          84
3190          56          98
3200          60          84
3210          64          90
3220          59         105
3230          57         103
3240          64          86
3250          63          99
3260          67          91
3270          60          90
3280          54          96
3290          67         107
3300          59          97
3310          75         111
3320          61          93
3330          64          96
3340          59          91
3350          63         103
3360          63          83
3370          62          88
3380          62          84
3390          61          97
3400          60          84
3410          63          93
3420          54          92
3430          67         101
3440          62          94
3450          59          85
3460          54          78
3470          61          85
3480          60          80
3490          56          84
3500          60          92
3510          60          98
3520          69          91
3530          67          91
3540          58          84
3550          65          87
3560          65          85
3570          65         101
3580          65          89
3590          65          99
3600          60         104
3610          58          84
3620          64          94
3630          59          89
3640          61          93
3650          66          96
3660          54          92
3670          55         103
3680          58          86
3690          68          92
3700          66         114
3710          66         112
3720          71          99
3730          71         105
3740          65         101
3750          66         100
3760          68          98
3770          64          98
3780          63          99
3790          59         105
3800          61          91
3810          60          88
3820          61          91
3830          66         106
3840          67         105
3850          63          97
3860          56         100
3870          65          95
3880          69         101
3890          64          96
3900          62          92
3910          65          87
3920          67          91
3930          69          97
3940          57         109
3950          55          89
3960          62          92
3970          62         112
3980          65          95
3990          62         104
4000          62          92
4010          64         104
4020          58          94
4030          67         101
4040          54         106
4050          60          78
4060          64          94
4070          55          95
4080          58         106
4090          59          89
4100          56          90
4110          58         106
4120          58         108
4130          59          91
4140          57          93
4150          62         108
4160          67         101
4170          53          95
4180          60          80
4190          56         100
4200          62         102
4210          66         106
4220          66         108
4230          68         104
4240          72         100
4250          66         110
4260          61          97
4270          57          91
4280          55         101
4290          59          85
4300          55          83
4310          52          86
4320          52          84
4330          54          88
4340          59          79
4350          51          83
4360          52          82
4370          54          88
4380          52          86
4390          57          87
4400          57          91
4410          55          73
4420          57          85
4430          61          91
4440          54          80
4450          56          82
4460          58          96
4470          55          97
4480          60          88
4490          57          79
4500          58          86
4510          55          89
4520          56          86
4530          57          87
4540          55          79
4550          51          81
4560          53          85
4570          58          92
4580          53          91
4590          57          89
4600          60          88
4610          49          91
4620          53          89
4630          58          90
4640          61          91
4650          56          74
4660          53          93
4670          52          88
4680          54          86
4690          53          77
4700          56          78
4710          61          87
4720          57          85
4730          54          70
4740          53          75
4750          49          83
4760          58          92
4770          56          88
4780          58          88
4790          58          84
4800          48          94
4810          57          87
4820          60          82
4830          63          87
4840          60          86
4850          59          83
4860          66          94
4870          66          86
4880          59          85
4890          60          94
4900          64          88
4910          63          91
4920          58         102
4930          58          82
4940          60          92
4950          60          88
4960          66          90
4970          63          83
4980          60          82
4990          66          94
5000          62          94
5010          57          97
5020          70          92
5030          73          95
5040          67         103
5050          64          92
5060          73          97
5070          70          98
5080          67          85
5090          63          83
5100          57          89
5110          58          88
5120          62          88
5130          57          87
5140          63          81
5150          64          94
5160          66          98
5170          65          93
5180          61          91
5190          65          85
5200          66          80
5210          66          94
5220          69          97
5230          68          92
5240          64          94
5250          69          79
5260          62          92
5270          73          87
5280          63          89
5290          67          91
5300          62          80
5310          61          83
5320          64          98
5330          70          92
5340          67          83
5350          62          92
5360          60          84
5370          58          76
5380          64          88
5390          58          82
5400          62          94
5410          56          84
5420          64          88
5430          59          87
5440          62          94
5450          67          99
5460          70          98
5470          69         107
5480          60          88
5490          57          93
5500          63          87
5510          63          83
5520          57          91
5530          55          79
5540          56          80
5550          51          77
5560          59          83
5570          62          84
5580          61          87
5590          59          91
5600          57          81
5610          61         103
5620          60          92
5630          65          81
5640          60          90
5650          56          82
5660          61          87
5670          56          84
5680          61          79
5690          59          93
5700          54          84
5710          57          83
5720          62          92
5730          62          72
5740          54          98
5750          69          95
5760          58          92
5770          62          98
5780          60          90
5790          65          91
5800          63          93
5810          62          90
5820          65          99
5830          61         111
5840          64          90
5850          60          92
5860          62          92
5870          63          95
5880          58          92
5890          62          88
5900          61          89
5910          61         105
5920          56          88
5930          54          78
5940          58          76
5950          59          91
5960          57          77
5970          61          85
5980          60          88
5990          57          85
6000          59          81
6010          53          87
6020          58          84
6030          58          80
6040          54          86
6050          57          81
6060          59          83
6070          51          81
6080          59          85
6090          54          74
6100          53          77
6110          56          76
6120          61          81
6130          62          82
6140          57          81
6150          55          99
6160          61          89
6170          59          81
6180          61          81
6190          57          81
6200          58          90
6210          55          83
6220          62          90
6230          62          98
6240          68          90
6250          65         105
6260          65          93
6270          66          96
6280          74          92
6290          68          94
6300          68          86
6310          69          91
6320          72          88
6330          71          97
6340          70          94
6350          68         100
6360          64          98
6370          64         102
6380          61          93
6390          65         105
6400          67          89
6410          62         102
6420          65          95
6430          72         110
6440          73         117
6450          73         109
6460          66         120
6470          67         109
6480          71          89
6490          77         101
6500          66         106
6510          68         116
6520          68         108
6530          69         111
6540          59          91
6550          71          89
6560          67         103
6570          70          98
6580          70         100
6590          69         105
6600          71          95
6610          65          89
6620          63         103
6630          67          89
6640          64         100
6650          63          99
6660          59         103
6670          60          96
6680          61         103
6690          68          96
6700          65          97
6710          65          93
6720          66          96
6730          66          90
6740          62         106
6750          58         104
6760          69         101
6770          63         107
6780          60          86
6790          70         100
6800          63          95
6810          65          79
6820          62          90
6830          62          96
6840          73          91
6850          68         100
6860          67          87
6870          64          98
6880          70         110
6890          66          94
6900          71         107
6910          67         101
6920          66         104
6930          65          89
6940          63          99
6950          66          98
6960          71         107
6970          70         104
6980          66          98
6990          62          84
7000          64          94
7010          69          93
7020          58          82
7030          63          89
7040          62          90
7050          66          84
7060          64          98
7070          67          89
7080          59          81
7090          56          84
7100          58          96
7110          58          96
7120          54          90
7130          60          98
7140          63          89
7150          61          85
7160          63          87
7170          62          76
7180          64          86
7190          60          88
7200          63          97
7210          60          92
7220          62         100
7230          73          91
7240          67         109
7250          72         100
7260          67         103
7270          70          88
7280          66         102
7290          62          92
7300          66          92
7310          69          81
7320          59          85
7330          61          89
7340          58          90
7350          63          91
7360          59          91
7370          63          75
7380          64          90
7390          61          85
7400          62          96
7410          61          89
7420          58          92
7430          57          93
7440          56          86
7450          61          85
7460          61          83
7470          55          79
7480          60          88
7490          63          83
7500          61          89
7510          58          92
7520          69          87
7530          61          89
7540          59          77
7550          57          81
7560          54          88
7570          60          86
7580          52          76
7590          56          78
7600          64          86
7610          60          74
7620          58          64
7630          57          85
7640          61          81
7650          56          82
7660          59          97
7670          65          87
7680          59          91
7690          67          87
7700          66          90
7710          68          90
7720          66          82
7730          64          92
7740          61          83
7750          62          88
7760          60          88
7770          64          94
7780          60          76
7790          63          81
7800          64          92
7810          58          94
7820          67          87
7830          59          77
7840          62          86
7850          57          83
7860          61          79
7870          66          96
7880          58          80
7890          53          87
7900          55          77
7910          52          94
7920          53          81
7930          51          79
7940          58          90
7950          51          83
7960          63          91
7970          61          83
7980          60          84
7990          56          94
8000          56          88
8010          56          84
8020          60          92
8030          56          96
8040          56          94
8050          60          88
8060          62          94
8070          58          92
8080          57         103
8090          65          95
8100          69          91
8110          64          94
8120          60          92
8130          58          92
8140          63          97
8150          69          87
8160          59          85
8170          57          93
8180          68          88
8190          68          94
8200          61          97
8210          61          95
8220          64          78
8230          58          86
8240          64          80
8250          61          79
8260          59          83
8270          63          87
8280          60          80
8290          56          82
8300          53          87
8310          66          88
8320          58          88
8330          61         105
8340          60          88
8350          63          83
8360          59          85
8370          58          82
8380          61          85
8390          62          82
8400          59          95
8410          60          88
8420          54          86
8430          61          83
8440          57          89
8450          55          99
8460          58          92
8470          63          89
8480          59          95
8490          61         103
8500          57          85
8510          60          94
8520          59          85
8530          53          75
8540          58          98
8550          55          87
8560          55          89
8570          63          97
8580          56          84
8590          60          92
8600          55          89
8610          52          86
8620          58          80
8630          56          74
8640          61          83
8650          65          83
8660          60          80
8670          60          86
8680          61          93
8690          61          89
8700          57          81
8710          58          94
8720          66          88
8730          62          86
8740          62         104
8750          60          98
8760          63         113
8770          62         106
8780          63         103
8790          60          90
8800          68          96
8810          56          90
8820          61          89
8830          61          89
8840          68         104
8850          73          99
8860          67          93
8870          69         101
8880          70         108
8890          70          98
8900          68         102
8910          61         105
8920          69         101
8930          61         105
8940          66          86
8950          57          89
8960          60          72
8970          66          96
8980          59          89
8990          57          79
9000          58          84
9010          60         104
9020          60          94
9030          59          87
9040          63         101
9050          63          81
9060          64          94
9070          66          94
9080          69         111
9090          63         107
9100          61          89
9110          65         101
9120          62          96
9130          57         103
9140          61          99
9150          57         109
9160          65          99
9170          59         103
9180          63          85
9190          64          96
9200          61          87
9210          60          98
9220          62          94
9230          61         107
9240          59         109
9250          60          96
9260          63          83
9270          63          97
9280          54          84
9290          60          88
9300          56          82
9310          62          86
9320          59          95
9330          66          92
9340          64          96
9350          64          98
9360          69         103
9370          68         104
9380          72          96
9390          69         105
9400          63          87
9410          68         110
9420          67         103
9430          68          92
9440          64          98
9450          72         100
9460          64          96
9470          66         100
9480          62         106
9490          70          98
9500          62          84
9510          70          84
9520          64          96
9530          64         100
9540          64          82
9550          60          90
9560          62          88
9570          63          95
9580          66          86
9590          66          88
9600          63          81
9610          63          79
9620          52          82
9630          60          86
9640          58          86
9650          60          98
9660          63          89
9670          61          83
9680          66          96
9690          64          90
9700          61          85
9710          71          93
9720          68          84
9730          72          94
9740          71          93
9750          62          78
9760          64          90
9770          66          84
9780          67          95
9790          63          97
9800          70          90
9810          60          92
9820          63          97
9830          64          92
9840          67          99
9850          62          98
9860          66          84
9870          64          92
9880          64          96
9890          65          97
9900          69          85
9910          64          84
9920          65          77
9930          65          89
9940          63          87
9950          69          89
9960          63         105
9970          62          84
9980          66          94
9990          67          91
10000          64          92
