Time   Number   
ps   
0          32          44
10          29          33
20          29          41
30          33          33
40          29          35
50          31          37
60          30          36
70          29          35
80          33          35
90          32          38
100          30          40
110          28          40
120          33          35
130          34          38
140          31          35
150          31          37
160          31          37
170          29          49
180          30          36
190          33          41
200          34          40
210          33          35
220          34          40
230          30          40
240          31          43
250          32          38
260          32          40
270          33          37
280          34          40
290          28          38
300          31          37
310          32          44
320          26          32
330          33          35
340          32          34
350          30          42
360          35          41
370          29          43
380          33          37
390          34          36
400          33          39
410          29          35
420          35          39
430          31          33
440          33          39
450          35          41
460          36          38
470          31          39
480          34          36
490          33          39
500          35          37
510          34          44
520          32          38
530          31          43
540          35          39
550          36          36
560          35          41
570          32          44
580          32          42
590          30          38
600          37          41
610          32          44
620          37          47
630          34          46
640          33          43
650          34          40
660          33          43
670          35          39
680          31          39
690          34          40
700          31          43
710          34          44
720          33          43
730          35          49
740          36          46
750          36          42
760          32          42
770          34          38
780          31          45
790          32          46
800          33          43
810          32          40
820          31          41
830          33          39
840          29          35
850          32          38
860          34          38
870          36          44
880          35          45
890          34          38
900          36          40
910          35          35
920          37          41
930          33          37
940          38          44
950          33          41
960          34          46
970          32          44
980          33          41
990          32          42
1000          34          42
1010          35          47
1020          33          39
1030          33          41
1040          36          40
1050          33          41
1060          32          46
1070          32          46
1080          34          42
1090          35          43
1100          39          39
1110          33          41
1120          34          44
1130          37          39
1140          33          39
1150          36          40
1160          29          43
1170          38          40
1180          34          40
1190          35          41
1200          33          43
1210          35          39
1220          38          42
1230          38          44
1240          36          44
1250          37          45
1260          35          51
1270          35          47
1280          34          42
1290          33          51
1300          33          43
1310          39          41
1320          41          49
1330          35          43
1340          33          41
1350          38          46
1360          33          45
1370          34          46
1380          35          47
1390          35          47
1400          37          49
1410          33          47
1420          33          47
1430          33          47
1440          30          50
1450          35          45
1460          31          51
1470          36          44
1480          38          42
1490          31          43
1500          36          46
1510          37          45
1520          31          51
1530          31          49
1540          33          49
1550          34          44
1560          32          44
1570          35          39
1580          32          44
1590          38          46
1600          37          47
1610          36          48
1620          37          45
1630          34          54
1640          36          46
1650          38          42
1660          33          45
1670          35          43
1680          33          47
1690          38          40
1700          39          43
1710          33          45
1720          39          45
1730          39          47
1740          39          47
1750          37          49
1760          38          54
1770          36          46
1780          34          50
1790          32          56
1800          36          44
1810          37          45
1820          38          48
1830          35          45
1840          38          46
1850          37          49
1860          41          49
1870          38          46
1880          36          54
1890          41          55
1900          44          52
1910          41          53
1920          40          50
1930          37          47
1940          33          47
1950          36          52
1960          35          49
1970          37          43
1980          39          43
1990          36          46
2000          36          54
2010          40          42
2020          37          43
2030          39          43
2040          34          48
2050          38          44
2060          36          42
2070          40          44
2080          39          43
2090          34          42
2100          33          45
2110          40          44
2120          39          49
2130          38          48
2140          38          46
2150          38          46
2160          36          48
2170          39          49
2180          37          49
2190          40          42
2200          38          44
2210          37          45
2220          40          48
2230          38          50
2240          37          47
2250          41          53
2260          43          55
2270          40          50
2280          41          47
2290          39          49
2300          39          49
2310          40          44
2320          34          44
2330          37          43
2340          35          45
2350          41          43
2360          38          48
2370          39          47
2380          33          47
2390          34          46
2400          34          42
2410          31          43
2420          33          39
2430          34          40
2440          32          36
2450          34          46
2460          36          44
2470          35          43
2480          36          46
2490          35          37
2500          35          43
2510          37          45
2520          38          40
2530          35          49
2540          34          44
2550          35          39
2560          36          40
2570          33          35
2580          29          37
2590          30          38
2600          32          34
2610          30          38
2620          33          43
2630          32          42
2640          31          37
2650          31          41
2660          31          39
2670          29          35
2680          32          38
2690          30          38
2700          32          40
2710          36          40
2720          27          31
2730          32          40
2740          29          41
2750          34          38
2760          35          47
2770          31          47
2780          34          44
2790          31          41
2800          32          48
2810          33          41
2820          36          40
2830          33          45
2840          36          48
2850          35          43
2860          35          41
2870          37          51
2880          38          44
2890          38          38
2900          31          47
2910          39          45
2920          35          45
2930          35          43
2940          37          43
2950          33          47
2960          35          45
2970          34          42
2980          33          45
2990          34          46
3000          32          44
3010          33          41
3020          32          46
3030          37          43
3040          34          40
3050          34          44
3060          36          48
3070          33          43
3080          30          44
3090          32          40
3100          36          42
3110          32          48
3120          31          43
3130          36          48
3140          32          40
3150          31          41
3160          32          44
3170          33          39
3180          34          48
3190          37          41
3200          35          43
3210          40          44
3220          36          46
3230          39          47
3240          37          37
3250          37          41
3260          31          47
3270          33          37
3280          32          34
3290          34          40
3300          36          40
3310          33          41
3320          33          41
3330          31          45
3340          32          38
3350          33          37
3360          33          41
3370          29          35
3380          32          40
3390          30          40
3400          36          42
3410          35          41
3420          29          39
3430          34          42
3440          35          39
3450          32          42
3460          31          47
3470          35          39
3480          36          48
3490          33          39
3500          32          40
3510          35          39
3520          31          43
3530          33          43
3540          29          35
3550          28          32
3560          27          37
3570          32          40
3580          31          41
3590          31          37
3600          29          41
3610          34          44
3620          33          43
3630          33          41
3640          34          40
3650          32          42
3660          35          37
3670          30          40
3680          27          33
3690          29          41
3700          26          42
3710          29          37
3720          31          39
3730          31          37
3740          35          45
3750          32          46
3760          29          37
3770          33          43
3780          30          36
3790          32          36
3800          33          33
3810          31          43
3820          32          36
3830          32          38
3840          28          40
3850          33          41
3860          30          42
3870          30          44
3880          31          37
3890          31          45
3900          33          35
3910          36          40
3920          33          41
3930          36          44
3940          33          41
3950          29          43
3960          30          42
3970          33          37
3980          35          45
3990          32          38
4000          33          41
4010          34          42
4020          35          47
4030          31          39
4040          36          40
4050          38          50
4060          35          45
4070          38          46
4080          39          45
4090          37          43
4100          32          50
4110          38          42
4120          40          42
4130          39          45
4140          35          45
4150          40          48
4160          31          45
4170          37          43
4180          38          44
4190          38          46
4200          34          42
4210          34          44
4220          32          40
4230          33          43
4240          29          39
4250          30          40
4260          35          41
4270          34          42
4280          30          44
4290          29          43
4300          32          38
4310          30          38
4320          31          45
4330          36          40
4340          28          46
4350          32          40
4360          31          37
4370          28          40
4380          31          39
4390          32          42
4400          32          44
4410          31          35
4420          29          37
4430          32          44
4440          30          36
4450          33          33
4460          33          35
4470          31          37
4480          30          36
4490          30          34
4500          27          43
4510          30          40
4520          27          39
4530          29          37
4540          32          38
4550          29          35
4560          30          34
4570          27          33
4580          28          36
4590          28          32
4600          28          36
4610          28          32
4620          32          36
4630          30          36
4640          28          32
4650          29          37
4660          30          34
4670          28          36
4680          29          37
4690          28          36
4700          25          39
4710          31          31
4720          23          35
4730          30          34
4740          28          38
4750          27          35
4760          29          33
4770          24          34
4780          24          32
4790          25          31
4800          26          32
4810          26          34
4820          27          37
4830          29          33
4840          24          36
4850          25          31
4860          29          35
4870          26          34
4880          29          35
4890          25          35
4900          26          40
4910          24          34
4920          28          36
4930          29          31
4940          26          32
4950          22          30
4960          26          32
4970          26          32
4980          23          33
4990          29          35
5000          26          34
5010          28          34
5020          27          39
5030          23          35
5040          28          36
5050          25          39
5060          26          34
5070          27          39
5080          29          39
5090          25          45
5100          30          34
5110          27          35
5120          29          39
5130          28          36
5140          32          40
5150          28          44
5160          28          36
5170          27          35
5180          25          39
5190          27          35
5200          28          34
5210          28          38
5220          28          40
5230          25          41
5240          30          32
5250          24          42
5260          30          42
5270          27          33
5280          25          33
5290          30          36
5300          31          39
5310          32          38
5320          26          40
5330          30          36
5340          28          36
5350          31          35
5360          24          38
5370          28          40
5380          29          41
5390          29          43
5400          30          44
5410          33          41
5420          29          31
5430          29          31
5440          30          38
5450          30          40
5460          28          34
5470          28          28
5480          30          36
5490          28          38
5500          29          29
5510          26          36
5520          25          37
5530          25          41
5540          29          43
5550          30          36
5560          29          35
5570          25          33
5580          29          39
5590          28          34
5600          28          34
5610          31          39
5620          24          34
5630          25          37
5640          21          33
5650          22          30
5660          27          31
5670          24          30
5680          26          32
5690          24          34
5700          24          28
5710          26          36
5720          22          34
5730          20          30
5740          20          32
5750          24          32
5760          24          30
5770          22          34
5780          22          32
5790          26          32
5800          24          32
5810          21          25
5820          21          27
5830          26          30
5840          23          29
5850          24          30
5860          25          37
5870          21          35
5880          24          26
5890          24          34
5900          26          40
5910          27          31
5920          23          33
5930          26          30
5940          26          32
5950          22          32
5960          23          35
5970          23          27
5980          22          24
5990          21          31
6000          23          27
6010          23          27
6020          20          34
6030          25          29
6040          25          29
6050          22          34
6060          25          35
6070          24          32
6080          28          34
6090          27          35
6100          28          36
6110          30          38
6120          32          42
6130          30          34
6140          23          35
6150          21          37
6160          22          28
6170          23          31
6180          27          29
6190          23          33
6200          23          31
6210          28          42
6220          25          37
6230          32          36
6240          27          35
6250          27          37
6260          25          37
6270          28          42
6280          27          33
6290          25          33
6300          26          36
6310          26          38
6320          27          39
6330          27          35
6340          27          39
6350          30          36
6360          26          42
6370          28          46
6380          26          40
6390          27          35
6400          28          34
6410          26          36
6420          28          34
6430          30          32
6440          27          31
6450          31          35
6460          32          38
6470          28          40
6480          28          40
6490          25          31
6500          28          40
6510          27          37
6520          28          36
6530          26          34
6540          26          36
6550          33          45
6560          29          37
6570          23          41
6580          29          37
6590          34          36
6600          30          38
6610          32          42
6620          33          41
6630          33          37
6640          29          39
6650          32          42
6660          33          43
6670          31          35
6680          35          39
6690          30          38
6700          25          41
6710          32          36
6720          31          33
6730          27          33
6740          31          37
6750          28          32
6760          31          35
6770          30          36
6780          31          35
6790          28          32
6800          29          35
6810          30          38
6820          28          36
6830          28          32
6840          28          36
6850          27          37
6860          28          36
6870          29          37
6880          28          36
6890          29          39
6900          29          39
6910          30          38
6920          32          42
6930          32          38
6940          28          42
6950          31          37
6960          29          37
6970          31          49
6980          35          41
6990          33          37
7000          36          46
7010          30          40
7020          31          35
7030          33          45
7040          29          37
7050          28          36
7060          32          40
7070          27          43
7080          34          36
7090          29          35
7100          32          38
7110          30          40
7120          30          36
7130          31          43
7140          30          38
7150          37          37
7160          32          38
7170          32          40
7180          32          34
7190          33          39
7200          31          33
7210          31          37
7220          29          35
7230          29          33
7240          29          33
7250          29          31
7260          27          33
7270          32          40
7280          37          45
7290          33          37
7300          33          41
7310          36          44
7320          33          41
7330          37          45
7340          31          41
7350          31          43
7360          33          37
7370          33          47
7380          35          45
7390          34          44
7400          34          54
7410          33          49
7420          34          44
7430          32          42
7440          33          39
7450          32          42
7460          32          40
7470          32          38
7480          28          40
7490          34          40
7500          33          39
7510          33          45
7520          34          42
7530          33          53
7540          34          38
7550          35          43
7560          38          42
7570          30          44
7580          33          45
7590          26          46
7600          34          42
7610          34          44
7620          34          54
7630          33          49
7640          34          50
7650          35          49
7660          33          49
7670          32          48
7680          35          43
7690          31          43
7700          29          43
7710          31          41
7720          33          43
7730          34          40
7740          31          37
7750          32          36
7760          30          46
7770          27          49
7780          29          47
7790          28          40
7800          31          41
7810          35          43
7820          32          52
7830          32          42
7840          36          44
7850          31          47
7860          31          45
7870          27          43
7880          31          43
7890          30          42
7900          33          45
7910          28          48
7920          25          51
7930          28          46
7940          30          44
7950          34          46
7960          32          46
7970          31          43
7980          32          48
7990          33          47
8000          30          44
8010          36          46
8020          34          42
8030          24          44
8040          32          44
8050          35          47
8060          36          46
8070          35          45
8080          35          45
8090          33          43
8100          33          41
8110          31          43
8120          32          44
8130          33          47
8140          32          40
8150          31          37
8160          31          45
8170          33          45
8180          32          40
8190          35          51
8200          33          47
8210          34          48
8220          34          38
8230          37          49
8240          34          44
8250          37          45
8260          33          47
8270          33          47
8280          37          43
8290          32          44
8300          35          45
8310          35          41
8320          31          53
8330          38          52
8340          37          49
8350          33          45
8360          33          43
8370          31          49
8380          31          43
8390          32          40
8400          36          42
8410          33          45
8420          33          41
8430          31          35
8440          34          48
8450          31          45
8460          30          46
8470          30          40
8480          31          39
8490          34          42
8500          37          43
8510          33          41
8520          28          38
8530          31          41
8540          31          43
8550          33          45
8560          32          46
8570          34          44
8580          30          46
8590          26          36
8600          29          45
8610          32          48
8620          28          48
8630          30          44
8640          31          41
8650          32          40
8660          32          40
8670          31          39
8680          30          44
8690          29          43
8700          31          39
8710          31          43
8720          29          37
8730          31          39
8740          32          42
8750          26          36
8760          29          47
8770          31          35
8780          30          44
8790          28          46
8800          30          40
8810          28          34
8820          27          43
8830          31          43
8840          30          42
8850          27          41
8860          32          34
8870          31          39
8880          31          39
8890          32          38
8900          31          41
8910          31          47
8920          31          47
8930          30          46
8940          34          40
8950          33          45
8960          34          48
8970          32          40
8980          34          42
8990          32          50
9000          37          43
9010          36          44
9020          33          47
9030          35          47
9040          28          40
9050          33          39
9060          29          37
9070          31          41
9080          30          40
9090          32          44
9100          31          45
9110          33          41
9120          32          44
9130          31          41
9140          34          42
9150          32          42
9160          28          46
9170          33          43
9180          34          42
9190          30          40
9200          28          38
9210          27          49
9220          28          36
9230          35          41
9240          32          40
9250          34          42
9260          36          44
9270          35          47
9280          30          44
9290          29          41
9300          28          40
9310          31          39
9320          31          39
9330          30          38
9340          29          33
9350          31          39
9360          27          39
9370          26          34
9380          25          41
9390          32          38
9400          31          43
9410          29          45
9420          24          30
9430          28          42
9440          32          44
9450          31          35
9460          35          45
9470          32          40
9480          29          41
9490          33          43
9500          28          44
9510          31          41
9520          27          49
9530          31          37
9540          31          41
9550          29          47
9560          29          43
9570          28          40
9580          30          40
9590          27          43
9600          26          46
9610          33          45
9620          35          43
9630          30          40
9640          27          45
9650          31          41
9660          32          42
9670          29          43
9680          28          42
9690          31          35
9700          36          42
9710          31          45
9720          32          46
9730          37          43
9740          34          42
9750          29          41
9760          30          42
9770          31          43
9780          34          42
9790          32          44
9800          30          44
9810          26          44
9820          31          49
9830          35          45
9840          32          46
9850          31          47
9860          28          42
9870          29          45
9880          35          49
9890          31          49
9900          33          43
9910          30          36
9920          34          38
9930          34          42
9940          32          46
9950          34          42
9960          30          44
9970          28          40
9980          32          38
9990          32          46
10000          30          54
