Time   C(t)   
ps   
0           1           1  5.01977e-10   0.0361666
10    0.636132     0.85196    0.557201   0.0188597
20    0.622807    0.846538    0.460603   0.0015527
30    0.605078    0.839325     2.85452  0.00123268
40    0.598153    0.836508    0.174175  0.000554627
50    0.593985    0.834812   0.0784185  0.00072917
60     0.58357    0.830575   -0.208758  0.000892255
70     0.57614    0.827552    0.746939  0.00084793
80    0.566611    0.823675     2.56781  0.000814742
90    0.559845    0.820922     1.61062  0.000828156
100    0.550048    0.816936    0.654361  0.00033024
110    0.553241    0.818235     2.47177  0.000436181
120    0.541325    0.813387   -0.685578  0.000692353
130    0.539394    0.812601   -0.304421  0.000542805
140    0.530468     0.80897  -0.0160294  0.00105669
150     0.51826    0.804003     1.03673  0.000311545
160    0.524238    0.806435    0.842229  5.60284e-05
170    0.517139    0.803547    0.364941  0.00079242
180    0.508389    0.799987    0.844284  0.000372422
190    0.509691    0.800517     1.13025  0.000432292
200    0.499743     0.79647   -0.304889  0.000796321
210    0.493764    0.794037    -3.46345  0.000492798
220    0.489887     0.79246    -1.07113  0.000341049
230    0.486943    0.791262  -0.0185534  0.000706644
240    0.475754     0.78671    0.269464  0.000695901
250    0.473025    0.785599    -1.93135  0.000249611
260    0.470762    0.784679     0.45995  0.000663324
270    0.459759    0.780202    -3.74913  0.00074697
280    0.455823    0.778601    -2.12314  0.000181077
290    0.456137    0.778728  -0.0191143  0.000240871
300    0.451005    0.776641    -2.02879  0.000407034
310    0.447997    0.775416   -0.211281  0.000170632
320    0.447593    0.775252     2.27633  0.00017112
330    0.444574    0.774024   -0.499112  0.000373529
340    0.440122    0.772213   -0.404757  0.000612269
350    0.432329    0.769042    -1.36008  0.000637189
360    0.427378    0.767028   -0.786195  0.000543259
370    0.421464    0.764621     -1.0729  6.67095e-05
380    0.426044    0.766485     1.60585  -7.60421e-05
390    0.422984     0.76524     4.09309  0.000533627
400    0.415372    0.762143     4.57384  0.000630318
410    0.410378    0.760111    0.934713  0.000344023
420    0.408491    0.759344   0.0747737  0.000128856
430    0.407801    0.759063      2.0852  0.000321425
440    0.402063    0.756728     1.41499  0.000634558
450     0.39511    0.753899     2.65945  0.000515431
460    0.391754    0.752534     3.42532  0.000372072
470    0.387668    0.750872    -1.26376  4.70117e-05
480    0.390814    0.752151     1.98841  -0.000145762
490    0.390584    0.752058     2.84919  0.000385799
500    0.383098    0.749012     2.27624  0.00033779
510    0.383828    0.749309     3.23231  7.23511e-05
520    0.381651    0.748424     1.79578  0.000120893
530     0.38141    0.748325     3.90167  8.48234e-05
540    0.379954    0.747733     3.61366  0.000437427
550    0.372661    0.744766     4.28433  0.000742246
560     0.36511    0.741694     5.24152  0.000354007
570    0.365581    0.741886     5.81522  -4.72248e-05
580    0.366054    0.742078      5.9106  0.000355509
590    0.358471    0.738993      4.7632  0.000380312
600    0.358448    0.738983     4.76255  0.00019805
610     0.35451    0.737381     2.08192  0.000234953
620    0.353749    0.737071      6.0057  0.00073823
630    0.339745    0.731374     3.42345  -7.08267e-05
640    0.355165    0.737648     3.99388  -0.000192276
650    0.343591    0.732939     3.51678  0.000765158
660    0.339862    0.731422     4.18707  0.000520983
670    0.333171      0.7287     3.99649  0.000361714
680    0.332628    0.728478     3.42224  0.00042454
690    0.324681    0.725245     3.51837  0.000178015
700    0.329068     0.72703     3.99528  -0.000130078
710    0.327282    0.726303     3.13366  -6.89328e-06
720    0.329205    0.727086     5.42976  0.000513716
730    0.317008    0.722123     5.04898  0.000650513
740    0.316195    0.721793     3.22867  0.000280017
750    0.311407    0.719845     3.42102  0.000354953
760    0.309096    0.718904     3.03893  0.000542571
770    0.300556     0.71543     3.80386  0.000667991
780    0.295736    0.713469     3.80489  0.000258012
790    0.295396     0.71333     4.76208  0.000121523
800    0.293306     0.71248      5.4306  -3.27379e-06
810    0.295461    0.713357     2.94102  -7.81596e-05
820    0.294869    0.713116     3.22792  0.000334889
830    0.288763    0.710632     4.08917  0.00023502
840    0.290169    0.711204     5.42873  0.000562327
850    0.277517    0.706056     2.46261  0.000801563
860    0.274137    0.704681     3.51575  -2.65181e-05
870    0.278047    0.706272       3.515  0.00017532
880    0.270631    0.703255      4.1852  0.000212927
890    0.273789     0.70454     4.56627  0.000176132
900    0.267108    0.701822     3.13113  0.000542402
910    0.262941    0.700126     2.36536  0.000379287
920    0.259523    0.698735     2.36714  -7.57352e-05
930    0.264455    0.700742      2.7468  0.000178117
940     0.25596    0.697286     1.02552  0.000571197
950    0.253031    0.696094     2.07772  0.000178887
960    0.252382     0.69583     1.11884  6.49512e-05
970    0.251732    0.695566      2.5551  0.000549002
980    0.241402    0.691363  -0.0270589  0.00035844
990    0.244564    0.692649     2.17366  -4.84191e-05
1000    0.242371    0.691757     1.21469  -0.000214911
1010    0.248862    0.694398     2.26736  -6.14502e-05
1020      0.2436    0.692257     2.17067  0.000488394
1030    0.239094    0.690424     2.45897  0.000463935
1040    0.234321    0.688482     2.46037  -4.84116e-05
1050    0.240062    0.690818     3.12824  -7.36684e-05
1060    0.235794    0.689082     2.36274  0.000504458
1070    0.229973    0.686713      2.1703  0.000814573
1080    0.219503    0.682453     1.69478  0.000184409
1090    0.226285    0.685213    0.926957  5.67548e-05
1100    0.218368    0.681992     3.99023  0.000443675
1110    0.217411    0.681602     1.50252  -3.35634e-05
1120    0.219039    0.682265     1.40518  -7.56681e-06
1130    0.217563    0.681664     2.26605  0.000368197
1140    0.211675    0.679269     2.64964  0.000251976
1150    0.212523    0.679614    0.925368  0.000447849
1160    0.202718    0.675624     2.26792  0.000370204
1170    0.205119    0.676601     2.17067  -0.000175261
1180    0.206224    0.677051     1.11651  0.000202363
1190    0.201072    0.674955     2.93532  0.000450487
1200    0.197214    0.673385     1.21264  0.000386253
1210    0.193347    0.671812     2.17048  0.000243238
1220    0.192349    0.671406     2.45672  0.000165343
1230     0.19004    0.670466     3.60403  2.13891e-05
1240    0.191921    0.671232     1.97691  0.000428657
1250    0.181467    0.666978     4.37167  6.0945e-05
1260    0.190702    0.670736     3.98528  3.59081e-05
1270    0.180749    0.666686     3.31723  0.000443235
1280    0.181838    0.667129     1.88013  9.66191e-06
1290    0.180555    0.666607     3.31638  0.000524492
1300    0.171348    0.662861     3.41326  0.000485603
1310    0.170843    0.662656     2.45607  -0.000200921
1320    0.175366    0.664496     4.56029  3.73654e-05
1330    0.170096    0.662352     3.12375  0.000527642
1340    0.164813    0.660203     1.49935  0.000369522
1350    0.162706    0.659345      1.9771  -0.000108059
1360    0.166975    0.661082     1.20965  -0.000241032
1370    0.167526    0.661307     1.49645  0.000384487
1380    0.159285    0.657953     3.31573  0.000224786
1390    0.163031    0.659477     2.74119  -0.000174674
1400    0.162778    0.659375  -0.0349105  0.000145608
1410    0.160118    0.658293     2.26269  0.000266289
1420    0.157453    0.657208     1.40106  0.000132862
1430    0.157461    0.657211     1.30503  0.000280955
1440    0.151833    0.654922     3.50678  -8.34465e-07
1450    0.157478    0.657218     1.68637  -0.000215387
1460    0.156141    0.656674     2.83433  0.000443527
1470    0.148607    0.653609     2.74082  0.000255463
1480    0.151032    0.654596     2.26203  0.00014867
1490    0.145634      0.6524     2.16665  0.000378276
1500    0.143466    0.651518     3.02827  1.40794e-05
1510    0.145352    0.652285     1.97514  -0.00028365
1520    0.149139    0.653826     1.87676  0.000285364
1530    0.139645    0.649963     3.50659  0.000122307
1540    0.146693    0.652831     3.40831  5.56044e-05
1550    0.138533    0.649511     1.40051   0.0003543
1560    0.139607    0.649948     2.45168  2.86564e-05
1570     0.13796    0.649277     2.06949  0.00028773
1580    0.133853    0.647606    0.250677  -0.000271725
1590    0.143394    0.651488   -0.611599  -0.000394604
1600    0.141745    0.650817  -0.0374342  0.000740121
1610    0.128592    0.645466     2.54921  0.000329959
1620    0.135146    0.648132    0.441629  -0.000285584
1630    0.134304     0.64779     3.21689  0.00011173
1640    0.132911    0.647223    0.441255  8.44225e-05
1650    0.132615    0.647103     1.68553  2.96369e-05
1660    0.132318    0.646982  -0.0372457  -0.00035641
1670    0.139743    0.650003     0.53505  -0.000204942
1680    0.136417     0.64865    0.343536  0.000498876
1690    0.129766    0.645944    0.344378  0.000264598
1700    0.131125    0.646497     1.78147  -1.13904e-05
1710    0.129994    0.646036      1.8762  0.000446238
1720      0.1222    0.642866     1.11202  0.000141352
1730    0.127167    0.644886     1.11071  -6.61455e-05
1740    0.123523    0.643404    0.536545  -0.000136445
1750    0.129895    0.645996    0.343256  3.1117e-05
1760    0.122901    0.643151   -0.804795  0.000337438
1770    0.123147    0.643251   0.0569212  0.000129076
1780    0.120319      0.6421     1.68441  -9.46328e-05
1790    0.125039    0.644021   -0.613655  7.37123e-05
1800    0.118845      0.6415     0.72703  1.70819e-05
1810    0.124698    0.643882      1.7782  0.000228492
1820    0.114275    0.639641     1.20516  0.000438979
1830    0.115918     0.64031    0.151182  -0.000220815
1840    0.118692    0.641438     1.68226  0.000173334
1850    0.112451    0.638899    0.917609  0.000173217
1860    0.115227    0.640029     1.68235  0.000216588
1870     0.10812    0.637137     1.68254  8.91905e-05
1880    0.113443    0.639303     2.54257  -5.14735e-05
1890    0.109149    0.637556   -0.520703  0.000188885
1900    0.109666    0.637766    0.149686  0.000317448
1910      0.1028    0.634973    0.630153  0.000275131
1920    0.104163    0.635527    -1.47621  -5.10633e-05
1930    0.103821    0.635388    0.915646  0.00019098
1940    0.100344    0.633973      2.1602  5.75744e-06
1950    0.103706    0.635341    0.628844  -0.000336676
1960    0.107077    0.636713    0.530282   0.0003491
1970   0.0967243    0.632501    0.629311  0.000277512
1980    0.101527    0.634454   -0.808066  -0.000151051
1990   0.0997453     0.63373    -1.28694  7.78582e-05
2000   0.0999696    0.633821   -0.617114  0.000351349
2010   0.0927184    0.630871   -0.138237  0.000222214
2020   0.0955254    0.632013     1.00916  0.000309874
2030   0.0865209    0.628349     2.44682  6.46077e-05
2040   0.0942332    0.631487     1.48776  -0.000208721
2050   0.0906953    0.630048   -0.042294  0.000281921
2060   0.0885948    0.629193    0.435647  -0.000166317
2070   0.0940217    0.631401  -0.0442558  -0.000267784
2080   0.0939505    0.631372     1.58304  6.51937e-05
2090   0.0927178    0.630871    0.528974  0.000254298
2100   0.0888645    0.629303   -0.522012  0.000254804
2110   0.0876217    0.628797     0.24348  9.52486e-05
2120   0.0869595    0.628528     1.87022  -0.000196408
2130   0.0915499    0.630395   -0.140107  -0.000211154
2140   0.0911826    0.630246    0.913122  0.000270861
2150   0.0861327    0.628191    0.625385  0.000227276
2160   0.0866371    0.628397    0.530283  8.18186e-06
2170    0.085969    0.628125    0.242359  0.000184395
2180   0.0829492    0.626896    0.816618  0.000228858
2190   0.0813919    0.626263     1.19974  -0.000138627
2200   0.0857217    0.628024     1.39013  -7.9653e-05
2210   0.0829849    0.626911     1.67796  0.000392149
2220   0.0778787    0.624833   -0.522853  0.000422592
2230   0.0745331    0.623472    0.817086  8.33452e-05
2240   0.0762118    0.624155     1.48719  -1.98659e-05
2250   0.0749304    0.623634     0.24292  5.40882e-05
2260   0.0751301    0.623715    0.337461  -3.48382e-05
2270   0.0756272    0.623917   -0.620105  -0.000198569
2280   0.0791015    0.625331  -0.0463136  -5.24484e-06
2290   0.0757321     0.62396    0.240209  0.000247904
2300   0.0741434    0.623313   -0.429059  0.000174008
2310   0.0722519    0.622544     2.05912  -0.000274259
2320   0.0796286    0.625545    0.144079  -0.000124615
2330   0.0747442    0.623558    -1.09973  0.000399086
2340   0.0716468    0.622298   -0.716797  0.000430291
2350   0.0661384    0.620057   0.0505653  0.000235817
2360   0.0669305    0.620379    -1.29049  0.000191662
2370   0.0623051    0.618497     1.86891  0.000237047
2380   0.0621895     0.61845    -1.28984  -0.000290308
2390   0.0681113    0.620859   -0.716422  1.15737e-05
2400   0.0619581    0.618356    -2.05599  0.000207557
2410   0.0639602     0.61917    0.240022  2.68172e-05
2420   0.0614217    0.618138    -2.72591  -0.000352792
2430    0.071016    0.622041    -2.34587  -0.00014021
2440   0.0642259    0.619279    -1.67408  0.000360424
2450   0.0638075    0.619108  -0.0485558  0.000285613
2460   0.0585137    0.616955   -0.812553  7.24964e-05
2470   0.0623576    0.618518    -2.15324  -0.000171085
2480   0.0619354    0.618347    -1.38849  0.000134049
2490   0.0596766    0.617428    -2.53664  0.000226192
2500   0.0574115    0.616506    -0.33592  0.000134782
2510    0.056981    0.616331    -1.48322  4.31156e-05
2520   0.0565492    0.616155    -1.48481  0.000227752
2530   0.0524259    0.614478   -0.718479  4.33499e-05
2540   0.0556822    0.615803    -1.10235  0.000244402
2550   0.0475379    0.612489    -1.29255  0.000352352
2560   0.0486352    0.612935    -2.25143  -0.00021809
2570   0.0518997    0.614264    -1.19857  0.00019947
2580   0.0446458    0.611312   -0.815077  0.000230316
2590   0.0472934     0.61239  -0.0496773  -7.88767e-05
2600   0.0462233    0.611954    -1.58141  0.000293707
2610   0.0414192        0.61   -0.910833  0.000107496
2620   0.0440734    0.611079    -0.91102  -3.20107e-05
2630   0.0420594     0.61026    -3.59052  -0.000141667
2640   0.0469067    0.612232   -0.911674  -0.000188438
2650   0.0458282    0.611793    -1.10356  0.00023318
2660   0.0422431    0.610335    -1.39046  0.000280639
2670   0.0402154     0.60951     -1.0079  4.61409e-05
2680   0.0413203    0.609959     -1.2947  9.36149e-05
2690   0.0383431    0.608748    -2.06103  0.000361076
2700   0.0340988    0.607021   -0.624685  6.26296e-05
2710   0.0370905    0.608238    -1.29498  -4.71663e-05
2720   0.0350421    0.607405    -2.73021  0.000347349
2730   0.0301435    0.605412   -0.719226  9.49919e-05
2740   0.0331423    0.606632    -1.58225  -0.000300315
2750   0.0361498    0.607856    -2.73124  -6.31718e-05
2760   0.0344057    0.607146    -1.67782  0.000238205
2770   0.0313857    0.605917   -0.721657  3.19522e-05
2780   0.0337667    0.606886    -1.20007  3.24135e-05
2790   0.0307375    0.605654    -2.25236  0.000111898
2800   0.0315287    0.605976    -1.58272  -0.000446685
2810   0.0396711    0.609288    -3.88134  -0.000303428
2820   0.0375973    0.608445    -3.40303  1.54193e-05
2830   0.0393628    0.609163    -2.73311  -3.24063e-05
2840   0.0382454    0.608708    -2.63744  -5.4948e-07
2850   0.0393738    0.609167     -2.1595  0.000208736
2860   0.0340707     0.60701    -1.68062  0.000402199
2870   0.0313298    0.605895     -3.4986  0.000322847
2880   0.0276137    0.604383    -3.01972   0.0002429
2890   0.0264718    0.603918    -3.49776  -3.12635e-05
2900    0.028239    0.604637    -2.63735  0.000244263
2910   0.0215865    0.601931    -1.29592  -4.76718e-05
2920   0.0291924    0.605025    -1.58431  -0.000322993
2930   0.0280464    0.604559    -2.15903  0.000147308
2940   0.0262463    0.603826    -2.92471  4.99132e-05
2950   0.0270481    0.604153    -2.92387  -1.50384e-05
2960   0.0265471    0.603949    -3.11623  -0.000145887
2970   0.0299658     0.60534    -2.82877  -0.000129618
2980   0.0291394    0.605004    -4.83947  0.000475978
2990   0.0204463    0.601467    -2.15773  0.000197792
3000   0.0251836    0.603394    -4.83882  -0.000260788
3010    0.025662    0.603589    -3.68992  -0.000130204
3020   0.0277876    0.604454    -4.93532  -0.000113979
3030   0.0279416    0.604516    -3.49935  8.36086e-05
3040   0.0261155    0.603773    -3.97804  0.000182871
3050   0.0242842    0.603028    -4.36087  0.000100654
3060   0.0241024    0.602954    -4.16861  0.000217079
3070   0.0199426    0.601262    -3.30718  1.61156e-06
3080   0.0240701    0.602941    -3.59548  5.21035e-05
3090   0.0189005    0.600838    -2.54187  -1.50018e-05
3100   0.0243702    0.603063    -3.97775  -0.000564443
3110   0.0301894    0.605431    -3.97906  0.000252013
3120   0.0193299    0.601013    -3.11548  0.000268253
3130   0.0248243    0.603248    -3.97813  -0.00033253
3140   0.0259805    0.603718    -3.30895  -0.000233195
3150   0.0294882    0.605145    -3.40424  -0.000216962
3160   0.0303198    0.605484    -3.59669  0.00026993
3170   0.0240896    0.602949    -4.93625  6.81235e-05
3180   0.0289573    0.604929    -3.11819  -0.000234484
3190   0.0287793    0.604857    -2.83064  0.000372562
3200   0.0215061    0.601898    -3.59576  0.000102478
3210   0.0267297    0.604023    -3.69245  -0.0002182
3220   0.0258701    0.603673    -2.63959  -8.35648e-05
3230    0.028401    0.604703    -4.26689  1.41375e-06
3240   0.0258418    0.603662    -4.74596  0.00023926
3250   0.0236158    0.602756     -3.3097  -6.6761e-05
3260    0.027177    0.604205    -3.69264  -3.23843e-05
3270   0.0242635     0.60302    -2.73582  0.000103767
3280   0.0251017    0.603361    -2.16174  8.7242e-05
3290   0.0225187     0.60231    -2.63969  0.000207249
3300   0.0209567    0.601674    -3.69273  8.7784e-05
3310    0.020763    0.601596    -3.78802  -4.94371e-05
3320   0.0219454    0.602077    -3.02299  -0.000342258
3330   0.0276082    0.604381    -4.26839  -0.000101453
3340   0.0239745    0.602902    -3.02365  1.17933e-06
3350   0.0275846    0.604371    -4.07688  0.000105496
3360   0.0218646    0.602044    -4.45878  0.000382326
3370   0.0199381     0.60126    -3.21469  -0.000240857
3380   0.0266817    0.604004    -1.97098  -0.000258342
3390   0.0251049    0.603362    -3.11987  -3.35051e-05
3400   0.0273518    0.604276    -2.92854  1.8994e-05
3410    0.024725    0.603208    -4.07688  8.84946e-05
3420   0.0255819    0.603556    -3.02383  3.65816e-05
3430   0.0239934     0.60291    -2.73694  -0.000366211
3440   0.0329061    0.606536    -4.65244  -3.33439e-05
3450   0.0246603    0.603181    -3.88583  0.000211139
3460   0.0286833    0.604818    -1.68511  1.64816e-06
3470   0.0246273    0.603168    -1.87606  5.38615e-05
3480   0.0276061     0.60438   -0.919711  0.000160434
3490   0.0214186    0.601862    -1.58907  0.000160251
3500   0.0244011    0.603076    -1.59029  0.000232242
3510   0.0167738    0.599973    -2.64155  5.48724e-05
3520   0.0233036    0.602629    -1.68567  -0.000121399
3530   0.0192017     0.60096    -2.54645  0.000108536
3540   0.0211329    0.601746    -2.25984  9.15418e-05
3550   0.0173709    0.600215   -0.823862  2.21953e-06
3560   0.0210885    0.601728    -1.78264  -0.000265169
3570   0.0226743    0.602373   -0.729133  -0.000123025
3580    0.023549    0.602729    -3.60052  0.000288719
3590   0.0168999    0.600024    -4.26989  0.000342852
3600    0.016692    0.599939    -2.45275  5.68062e-05
3610   0.0157638    0.599562    -2.16483  0.000218991
3620   0.0123122    0.598157    -1.78162  -5.10267e-05
3630   0.0167843    0.599977    -1.97416  -8.6678e-05
3640   0.0140457    0.598863    -1.87849  -8.75204e-05
3650   0.0185347    0.600689    -3.02701  -5.09974e-05
3660   0.0150657    0.599278    -1.97425  0.00056519
3670   0.0072309     0.59609    -2.35587  0.000184966
3680   0.0113664    0.597773    -1.78264  -0.000304995
3690   0.0133308    0.598572    -2.07019  0.000222603
3700  0.00691431    0.595961      -2.357  0.000131324
3710   0.0107043    0.597503    -3.12314  0.000132562
3720  0.00426306    0.594883    -1.20894  0.000187127
3730  0.00696178    0.595981    -3.69721  0.00020678
3740  0.000127457      0.5932   -0.729227  9.64276e-05
3750  0.00503323    0.595196    -2.54907  -0.000417736
3760  0.00848218    0.596599    -1.78386  0.000170821
3770   0.0016168    0.593806    -2.74021  0.000336742
3780  0.00174733    0.593859    -3.60118  -3.15639e-05
3790  0.00224807    0.594063    -3.21899  2.39531e-05
3800  0.00126827    0.593664    -3.02823  0.000246585
3810  -0.00268362    0.592056    -3.60136  -3.16737e-05
3820  0.00190174    0.593922    -2.93303  -6.83139e-05
3830  -0.00131735    0.592612    -3.69768  2.40776e-05
3840  0.00142019    0.593726    -4.65544  -0.000423603
3850  0.00715472    0.596059    -3.69955  -3.18642e-05
3860  0.00205748    0.593985    -2.16763  0.000360622
3870  -5.77218e-05    0.593125    -2.55029  0.00038081
3880  -0.00555873    0.590887    -4.17768  0.000381792
3890  -0.00769356    0.590018    -3.69843  -0.000219255
3900  -0.00117363    0.592671    -3.69965  4.4793e-05
3910  -0.00858942    0.589653    -3.60277  -0.000182944
3920  0.00248526    0.594159    -5.03986  7.25184e-06
3930  -0.00873445    0.589594    -4.17647  0.000498283
3940  -0.0074804    0.590105    -4.17703  -0.000239546
3950  -0.00394354    0.591544    -3.89107  6.41386e-05
3960  -0.00876317    0.589583    -4.17721  -0.000183963
3970  -0.00026429    0.593041    -4.56136  -8.80844e-05
3980  -0.00700148      0.5903    -4.08183  0.000426402
3990  -0.00879232    0.589571    -5.23081   8.366e-05
4000  -0.00867468    0.589619    -3.98701  0.000179956
4010  -0.0123914    0.588107     -4.5608  -0.000242351
4020  -0.00382766    0.591591    -4.75325  -3.04651e-05
4030  -0.0117821    0.588355    -4.65656  6.5633e-06
4040  -0.00395893    0.591537     -2.7432  -0.000281672
4050  -0.00614869    0.590647    -4.27381  0.000335358
4060  -0.0106661    0.588809    -5.61431  0.000200701
4070  -0.0101627    0.589013    -6.09291  0.000201799
4080  -0.0147021    0.587167     -5.2311  0.000163181
4090  -0.0134263    0.587686    -4.94448  -6.9376e-05
4100  -0.0133145    0.587731    -4.84844  -0.000284251
4110  -0.00774132    0.589999     -4.5622  0.000105943
4120  -0.0154334    0.586869    -5.13506  0.000281306
4130  -0.0133674     0.58771    -5.42289  -0.000226551
4140  -0.0109024    0.588712    -4.65749  -7.02331e-05
4150  -0.0119628    0.588281    -5.32769  -5.10779e-05
4160  -0.00988083    0.589128    -4.08323  0.000264275
4170  -0.0172483    0.586131    -6.37971  8.66926e-05
4180  -0.0116147    0.588423    -5.90223  -0.000228192
4190  -0.0126844    0.587987    -7.43425  0.000285393
4200  -0.0173226      0.5861    -5.90242  0.000484416
4210  -0.0223728    0.584046    -7.05047  9.09781e-06
4220  -0.0175045    0.586026    -5.99799  -0.000527495
4230  -0.0118229    0.588338    -5.32807  -0.000250072
4240  -0.0125031    0.588061    -5.32891  0.000387769
4250  -0.0195782    0.585183    -6.66782  0.000348536
4260  -0.0194738    0.585225    -6.85971  -5.05579e-05
4270  -0.0185671    0.585594    -5.61552  2.96667e-05
4280  -0.0200671    0.584984     -6.5729  0.00015026
4290  -0.0215723    0.584371    -6.47696  0.000110484
4300  -0.0222768    0.584085    -6.95565  0.00027245
4310  -0.0270213    0.582154    -5.23268  0.000212369
4320  -0.0265242    0.582357    -6.66791  -2.95275e-05
4330  -0.0264307    0.582395    -5.51977  3.12415e-05
4340   -0.027149    0.582102    -5.42457  0.000336237
4350  -0.0331555    0.579659    -4.37116  7.21742e-05
4360  -0.0285925    0.581515    -4.94607  -0.000375492
4370  -0.0256456    0.582714    -6.09468  0.000113568
4380  -0.0308639    0.580591    -5.42541  0.000440847
4390  -0.0344626    0.579127    -5.80704   1.183e-05
4400  -0.0311005    0.580495    -6.09636  -0.000439565
4410  -0.0256713    0.582704    -4.66048  0.000217753
4420  -0.0354556    0.578723    -5.04267  0.000320297
4430  -0.0320772    0.580097    -5.80835  0.000281306
4440  -0.0410817    0.576434    -5.99902  0.000384678
4450  -0.0397708    0.576967    -4.85115  -4.83897e-05
4460  -0.0401139    0.576828    -6.86083  -6.9486e-05
4470  -0.0383811    0.577533    -4.85134  -0.000215226
4480  -0.0358094    0.578579    -5.04435  9.67721e-05
4490  -0.0403165    0.576745    -5.61693  5.47038e-05
4500  -0.0369034    0.578134    -6.86279  0.000285767
4510  -0.0460318     0.57442    -6.95658  0.000369515
4520  -0.0442937    0.575127    -7.05337  -6.91269e-05
4530  -0.0446493    0.574982    -5.71315  -9.06115e-05
4540  -0.0424815    0.575864    -6.86214  -0.000448992
4550  -0.0356694    0.578636    -6.19259  -2.7894e-05
4560  -0.0419236    0.576091    -7.14931  0.000330384
4570  -0.0422771    0.575948    -6.09692  -0.000218881
4580   -0.037546    0.577872    -6.47986  -0.000240424
4590  -0.0374686    0.577904    -8.10828  9.85812e-05
4600  -0.0395176     0.57707    -7.15034  0.000290536
4610  -0.0432793     0.57554    -6.57533  -0.000114169
4620  -0.0372342    0.577999    -6.28891  0.000185779
4630  -0.0469949    0.574028    -6.67044  0.000206429
4640  -0.0413628     0.57632     -6.9592  -0.000113422
4650  -0.0447265    0.574951     -6.4806  0.00020793
4660  -0.0455214    0.574628    -5.90607  -0.000222039
4670  -0.0402857    0.576758    -5.23652  -0.000135932
4680  -0.0428028    0.575734    -6.09777  0.000165665
4690   -0.043599     0.57541    -6.48014  0.000383191
4700  -0.0504666    0.572616    -6.76731  0.000232037
4710  -0.0482398    0.573522    -7.34204  -2.72347e-05
4720  -0.0499219    0.572837    -6.19305  8.12866e-05
4730  -0.0498655     0.57286     -6.1938  -5.64773e-06
4740  -0.0498089    0.572883    -5.90625  -0.000224441
4750  -0.0453767    0.574687    -5.52425  -7.14123e-05
4760  -0.0483807    0.573464    -5.81115  0.000432723
4770  -0.0540311    0.571165    -6.67165  -0.00016001
4780  -0.0451805    0.574766    -6.48182  -0.000247383
4790  -0.0490835    0.573178    -7.82176  0.000280559
4800  -0.0507917    0.572483    -6.09851  3.83835e-05
4810  -0.0498511    0.572866    -8.20469  0.000171876
4820  -0.0542292    0.571085    -7.43901  -5.72819e-06
4830  -0.0497366    0.572913    -8.01421  -2.71615e-05
4840   -0.053686    0.571306    -8.39639  6.11206e-05
4850   -0.050959    0.572415    -7.15268  -5.03976e-06
4860  -0.0535852    0.571347    -6.76946  0.000307903
4870  -0.0571171     0.56991    -7.34372  0.000196848
4880  -0.0575221    0.569745    -7.91826  1.8115e-05
4890  -0.0574794    0.569763    -8.39648  8.5777e-05
4900  -0.0592377    0.569047    -8.20581  0.000221328
4910  -0.0619059    0.567962    -8.10959  -0.000343166
4920  -0.0523743     0.57184    -6.57917  -0.000411283
4930  -0.0536803    0.571308    -6.96191  0.000198935
4940   -0.056353    0.570221    -6.48304  0.00035882
4950  -0.0608567    0.568388    -6.29152  0.000291708
4960  -0.0621872    0.567847    -7.15286  -0.000277753
4970  -0.0553016    0.570649    -7.34447  0.000133837
4980  -0.0648639    0.566758    -6.96126  0.000499587
4990  -0.0652933    0.566583    -6.38709  0.000865336
