Time   C(t)   
ps   
0           1           1  -1.88395e-10   0.0183607
10    0.816691    0.876851     1.05926   0.0100737
20    0.798526    0.864648      0.8429  0.00178665
30    0.780958    0.852845   0.0592776  0.00149406
40    0.768645    0.844574    -0.53614  0.00101698
50    0.760618    0.839181   -0.238999  0.000849047
60    0.751664    0.833166   0.0852427  0.000822997
70    0.744158    0.828123   -0.402376  0.000840601
80    0.734852    0.821871    -1.43073  0.000869992
90    0.726758    0.816434   0.0574804  0.000939345
100    0.716065     0.80925   -0.402006  0.000803921
110     0.71068    0.805632   0.0846615  0.000672421
120    0.702617    0.800215    -1.13351  0.000767261
130    0.695335    0.795323    -1.32299  0.000740972
140    0.687797    0.790259   -0.836346  0.000642645
150    0.682482    0.786688    -1.81116  0.000600031
160    0.675797    0.782197   -0.945149  0.000765273
170    0.667176    0.776406   -0.214091  0.000700638
180    0.661784    0.772783   -0.674687  0.000479686
190    0.657582    0.769961   0.0281589  0.00050481
200    0.651688    0.766001    -1.29824  0.000606194
210    0.645459    0.761816    -1.05543  0.000643644
220    0.638815    0.757353    -1.65088  0.00060063
230    0.633446    0.753746    -1.56978  0.000605994
240    0.626695     0.74921    -1.10895  0.00062733
250    0.620899    0.745317    -1.32603  0.000372142
260    0.619252     0.74421   -0.759269  0.000453991
270     0.61182    0.739217    -1.16479  0.000622645
280    0.606799    0.735844    -1.05652  0.000470093
290    0.602418    0.732901    -1.54382  0.000416303
300    0.598473    0.730251    -2.03173  0.000358349
310    0.595251    0.728086    -2.08691  0.000503385
320    0.588405    0.723487     -2.4383  0.000544903
330    0.584353    0.720764    -2.08683  0.000466761
340     0.57907    0.717216    -1.22129  0.000555342
350    0.573246    0.713303    -3.30484   0.0005218
360    0.568634    0.710205    -2.33077  0.000469786
370     0.56385    0.706991    -2.06026  0.000483024
380    0.558974    0.703715    -1.95227  0.000434929
390    0.555152    0.701147    -1.65505  0.000411314
400    0.550748    0.698188     -2.0345  0.000477761
410    0.545596    0.694728    -2.16943  0.000410962
420    0.542528    0.692666    -2.81966  0.000405774
430    0.537481    0.689276    -2.76535  0.000418839
440    0.534151    0.687039    -2.71181  0.000325054
450     0.53098    0.684908    -2.41482  0.000478339
460    0.524585    0.680612    -3.36148  0.00048745
470    0.521231    0.678359    -3.11828  0.000381175
480    0.516961     0.67549    -3.06386  0.000361252
490    0.514006    0.673505    -2.73949  0.000289622
500    0.511169    0.671599    -3.14596  0.000279859
510    0.508409    0.669745    -2.95699  0.000303301
520    0.505103    0.667524    -4.14788  0.000283128
530    0.502746     0.66594     -4.1212  0.000331593
540    0.498471    0.663068    -4.49978  0.000294732
550    0.496851     0.66198    -3.63442  0.00029549
560    0.492561    0.659098    -3.39072  0.00037732
570    0.489305    0.656911    -4.71693  0.000263338
580    0.487294     0.65556    -5.55613  0.000232621
590    0.484653    0.653785    -4.98803  0.000266528
600    0.481964    0.651979    -4.01382  0.000227322
610    0.480106    0.650731    -4.66397  0.000225759
620    0.477449    0.648945    -4.36593  0.000297554
630    0.474155    0.646733    -4.06824  0.000260383
640    0.472241    0.645447    -4.36606  0.000111635
650    0.471922    0.645233    -4.55678   0.0002488
660    0.467265    0.642104    -4.31257  0.000268093
670     0.46656    0.641631    -4.58393  0.000241442
680    0.462436     0.63886    -4.88052  0.000231229
690    0.461936    0.638524     -4.5838  0.000170556
700    0.459025    0.636568    -4.25893  0.000325342
710    0.455429    0.634152    -3.71769  0.000181925
720    0.455386    0.634124    -4.90931  0.00013583
730    0.452712    0.632327    -5.20725  0.000293154
740    0.449523    0.630185    -4.39504  0.000246964
750    0.447773    0.629009    -3.71866  0.000247593
760    0.444572    0.626858    -4.17876  0.000305596
770    0.441661    0.624903    -4.88266  0.000161192
780    0.441348    0.624692    -3.39474  0.000219327
790    0.437275    0.621956    -4.07091  0.000337185
800    0.434604    0.620162    -4.69303  0.000194639
810    0.433382    0.619341    -4.36894  0.000212274
820    0.430359     0.61731    -4.09806  0.000259802
830    0.428186     0.61585    -4.69364   0.0002497
840    0.425365    0.613955    -3.80103  0.000181407
850    0.424558    0.613413    -4.01797  0.000207745
860     0.42121    0.611164    -4.53214  0.00029209
870    0.418716    0.609488    -4.83031  0.000251782
880    0.416174    0.607781    -5.26259  0.000207002
890    0.414576    0.606707    -5.42575  0.000157811
900    0.413018     0.60566    -4.39755  0.000238207
910    0.409812    0.603506    -4.99255  0.000216953
920    0.408679    0.602745     -5.6694  8.74534e-05
930    0.408063    0.602331    -5.31819  0.000178874
940    0.405101    0.600342    -5.83204  0.000283429
950    0.402394    0.598523    -5.58876  0.000229694
960    0.400507    0.597256    -4.96648  0.00019539
970    0.398486    0.595898    -5.64322  0.000176185
980    0.396984    0.594888    -5.88709  0.000200628
990    0.394474    0.593202    -5.75166  0.00017918
1000      0.3934    0.592481    -5.77918  0.000205918
1010    0.390355    0.590435    -6.42854  0.00030918
1020    0.387216    0.588327    -5.88669  0.000298905
1030    0.384377    0.586419    -6.26606  0.00023374
1040    0.382542    0.585186    -5.34622  8.92773e-05
1050    0.382592     0.58522    -6.05033  0.000100577
1060     0.38053    0.583835    -6.34845  0.00021081
1070    0.378376    0.582387     -5.5093  0.000228927
1080    0.375952    0.580759    -6.05091  0.000240465
1090    0.373566    0.579156    -6.48375  0.000282994
1100    0.370292    0.576956    -6.24068  0.000265858
1110    0.368249    0.575584     -5.7799  0.000133629
1120    0.367619    0.575161    -5.67244  5.8642e-05
1130    0.367076    0.574796    -5.78095   0.0002608
1140    0.362403    0.571657    -5.69917  0.000310045
1150    0.360875     0.57063    -6.13238  0.000197461
1160    0.358454    0.569004    -6.45662  0.000122105
1170    0.358433     0.56899      -5.835  0.000176017
1180    0.354934    0.566639    -5.94317  0.000151694
1190    0.355399    0.566952    -6.40392  0.000141078
1200    0.352112    0.564743    -5.51118  0.000203814
1210    0.351323    0.564213    -5.48397  0.000155172
1220    0.349009    0.562658    -5.91733  0.000137484
1230    0.348573    0.562366    -5.72799  0.000151365
1240    0.345981    0.560624    -5.32234  0.000171848
1250    0.345137    0.560057    -5.05182  0.000149822
1260    0.342985    0.558611    -4.99757  0.00014782
1270     0.34218    0.558071    -5.18773  0.000157274
1280    0.339839    0.556498    -5.72842  0.000241117
1290    0.337358    0.554831    -5.53907  0.000237115
1300    0.335097    0.553312    -4.97076  0.000147147
1310    0.334415    0.552854    -5.59383  0.000167993
1320    0.331737    0.551055    -5.78336  0.000254461
1330    0.329326    0.549435    -6.02677  0.000314105
1340    0.325455    0.546835    -5.07924  0.000235167
1350    0.324622    0.546275    -4.56561  0.000101565
1360    0.323424     0.54547    -4.70114  0.000195208
1370    0.320718    0.543652    -5.48574  0.000264052
1380    0.318143    0.541922     -4.5389  0.000209852
1390    0.316521    0.540833    -5.45904  0.000198962
1400    0.314164    0.539249    -5.26954  0.000238304
1410    0.311755    0.537631    -5.29645  0.000243428
1420    0.309295    0.535978    -5.29648  0.000223342
1430    0.307288     0.53463    -5.40486  0.000175639
1440    0.305782    0.533618    -4.86394  0.000249697
1450    0.302294    0.531275    -4.91785  0.000284712
1460    0.300088    0.529793    -5.21581  0.000121741
1470    0.299859    0.529639     -5.2974  0.000163701
1480    0.296814    0.527593    -5.24333  0.000240171
1490    0.295056    0.526412    -5.02697  0.000122802
1500    0.294358    0.525943    -4.48607  0.000201942
1510    0.291017    0.523699    -4.48578  0.000169793
1520    0.290962    0.523662    -4.56767  0.000216816
1530    0.286681    0.520786    -4.18824  0.000317042
1540    0.284621    0.519402    -4.72927  0.000201543
1550     0.28265    0.518078    -4.26897  0.000181077
1560       0.281    0.516969    -3.86363  0.000204837
1570    0.278553    0.515326    -4.51309  0.000156197
1580    0.277876    0.514871    -4.54104  0.000123964
1590    0.276074     0.51366    -4.21609  0.000182742
1600    0.274221    0.512415    -4.86565  0.000171438
1610    0.272645    0.511357    -4.02703  0.000167158
1620    0.270878    0.510169    -3.67564  0.000233363
1630    0.267978    0.508221    -3.83775  0.00021738
1640     0.26653    0.507249    -3.59441  0.000199117
1650    0.263996    0.505546    -3.75705  0.000206625
1660    0.262398    0.504472    -2.89099  0.000169407
1670    0.260607     0.50327    -3.21613  0.000115424
1680    0.260089    0.502921    -2.70222  0.000245968
1690    0.255688    0.499965     -3.0536  0.000300807
1700    0.254073     0.49888    -3.24344  0.00015935
1710    0.252501    0.497824    -3.48727  0.000128873
1720    0.251496    0.497148     -2.5674  0.000176776
1730    0.248966    0.495448     -2.5403  0.000196139
1740    0.247573    0.494513    -2.97308  0.000110863
1750    0.246748    0.493959    -2.43229  0.000168479
1760    0.244203    0.492249    -2.78406  0.000216583
1770    0.242417    0.491049    -3.02768  0.000212356
1780    0.239956    0.489396    -2.48626  0.000157731
1790    0.239262     0.48893    -2.40548  8.86492e-05
1800    0.238183    0.488205    -2.51383  0.000132082
1810     0.23662    0.487155     -2.7577  0.000209334
1820    0.233996    0.485392    -2.97425  0.00022421
1830    0.232136    0.484142     -1.8919  0.000133213
1840    0.231332    0.483602    -3.29931  0.000186709
1850    0.228402    0.481634    -2.59583  0.000208787
1860    0.227156    0.480797    -3.38072  0.000187621
1870     0.22465    0.479113    -2.46032  0.000156522
1880    0.224026    0.478694    -3.08326  0.000186116
1890    0.220927    0.476612    -2.54191  0.000123294
1900     0.22156    0.477037    -2.02862  4.11741e-05
1910    0.220104    0.476059    -2.56989  6.78949e-05
1920    0.220202    0.476125    -2.29929  0.000107168
1930     0.21796    0.474619     -2.8945  0.000156123
1940     0.21708    0.474027    -2.57026  0.000154133
1950    0.214878    0.472548     -2.9487  0.000230264
1960    0.212474    0.470933     -2.9216  0.000189193
1970    0.211094    0.470006     -2.1369  8.67173e-05
1980     0.21074    0.469768    -2.13756  4.5266e-05
1990    0.210189    0.469398    -1.86725  0.000114206
2000    0.208456    0.468234    -2.11114  0.000163645
2010    0.206916    0.467199    -2.54424  0.000201043
2020    0.204435    0.465533    -2.21915  0.000194072
2030    0.203034    0.464591    -2.43581  0.000164977
2040    0.201136    0.463316    -1.75914  0.000165381
2050    0.199727    0.462369    -1.46165  0.000128668
2060    0.198562    0.461587    -2.21957  6.45012e-05
2070    0.198437    0.461503    -2.27425  0.00017401
2080    0.195082    0.459249    -1.29978  0.000256316
2090     0.19331    0.458059    -1.21853  0.000157469
2100    0.191933    0.457133    -1.62447  0.000110519
2110      0.1911    0.456574    -1.59782  8.83684e-05
2120    0.190165    0.455946    -1.11089  0.000113587
2130    0.188828    0.455048    -1.67966  0.000211455
2140    0.185936    0.453105    -1.57114  0.000189324
2150    0.185042    0.452504    -1.54436  0.000114671
2160    0.183643    0.451564    -1.67944  0.000155138
2170    0.181939    0.450419   -0.678506  0.000188199
2180    0.179879    0.449035    -1.11139  0.000201265
2190    0.177914    0.447715    -1.84224  0.000131176
2200    0.177255    0.447273    -1.95091  0.000101285
2210    0.175888    0.446354    -1.24722  0.000152071
2220    0.174214     0.44523    -1.32836  0.000157503
2230    0.172738    0.444238    -1.59901  0.000107232
2240    0.172069    0.443789   -0.922659  0.000125334
2250    0.170231    0.442554    -1.19352  0.000178953
2260     0.16849    0.441384    -1.35576  0.000118343
2270    0.167864    0.440964    -1.73492  0.000131449
2280    0.165861    0.439618    -1.00425  0.000149562
2290    0.164873    0.438954    -1.11261  8.61607e-05
2300    0.164138    0.438461    -1.03186  0.000239873
2310    0.160076    0.435731    -1.08527  0.000230034
2320    0.159537     0.43537    -1.19415  0.000110329
2330    0.157869    0.434249   -0.788261  0.000190137
2340    0.155734    0.432815   -0.787969  0.000136628
2350    0.155137    0.432413    -1.35671  0.000162841
2360    0.152478    0.430627    -1.78967  0.000250757
2370    0.150121    0.429044    -1.65403  0.000163677
2380    0.149204    0.428428    -2.16886  0.000171958
2390    0.146682    0.426734     -2.3041  0.000180065
2400    0.145603    0.426008    -2.03383  0.000170274
2410    0.143277    0.424446    -2.11479  0.000243305
2420    0.140737    0.422739    -2.43922  0.000191958
2430    0.139438    0.421867    -3.03485  0.000122301
2440    0.138291    0.421096    -2.52108  0.000146089
2450    0.136516    0.419904    -2.19636  0.000107293
2460    0.136145    0.419655     -2.6028  0.000159918
2470    0.133317    0.417755    -2.30453  0.000236031
2480    0.131424    0.416483    -1.97968  0.000179109
2490    0.129735    0.415349    -2.38578  0.000158623
2500    0.128252    0.414352    -3.19804  0.000135406
2510    0.127027    0.413529    -2.35899  9.10871e-05
2520     0.12643    0.413128    -2.76512  0.000151938
2530    0.123988    0.411488    -3.08974  0.000220784
2540    0.122014    0.410162    -2.79196  0.000184448
2550    0.120299    0.409009    -2.98167  0.00017438
2560    0.118527    0.407819    -3.17101  0.000148371
2570    0.117332    0.407016    -2.87342  0.000130249
2580    0.115922    0.406069    -2.95515  0.000130593
2590     0.11472    0.405261    -2.49508  0.00013892
2600    0.113143    0.404202    -2.90084  0.000189846
2610    0.110923     0.40271    -3.00896  0.000150358
2620    0.110136    0.402182    -3.22553  6.81214e-05
2630    0.109561    0.401795     -3.2258  9.7708e-05
2640    0.108182    0.400869    -3.71281  0.00010328
2650    0.107495    0.400407    -2.82012  0.000127729
2660    0.105627    0.399153    -2.90129  0.000205808
2670    0.103379    0.397642    -2.30577  0.000117671
2680    0.103274    0.397572    -2.17034  8.85453e-05
2690    0.101608    0.396452     -2.8203  0.000110233
2700    0.101069    0.396091     -2.7395  0.000145687
2710   0.0986944    0.394495    -3.11808  0.000205406
2720   0.0969613    0.393331     -2.9019  0.00014649
2730   0.0957646    0.392527    -2.57713  7.64813e-05
2740   0.0954316    0.392303    -2.46912  5.5059e-05
2750   0.0946634    0.391787    -1.98206  0.00011496
2760   0.0931324    0.390758    -2.17145  0.000183228
2770   0.0909989    0.389325    -2.09036  0.000205486
2780   0.0890227    0.387997      -2.415  0.000116042
2790    0.088678    0.387766    -2.11767  6.45723e-05
2800   0.0877313     0.38713    -2.41558  0.000149513
2810   0.0856877    0.385757    -3.01099  0.000158057
2820   0.0845701    0.385006    -2.60489  0.00018327
2830   0.0820224    0.383295    -2.98392  0.000120505
2840     0.08216    0.383387    -2.65928  0.00012102
2850    0.079602    0.381669    -2.46994  0.00021759
2860   0.0778082    0.380463    -2.49699  0.000198939
2870   0.0756232    0.378996    -3.38992  0.000105549
2880   0.0756972    0.379045    -3.20092  2.85484e-05
2890   0.0750522    0.378612    -3.17403   0.0001948
2900   0.0718012    0.376428    -3.22799  0.000222896
2910   0.0705943    0.375617    -2.82189  6.25361e-05
2920   0.0705505    0.375588    -3.25554  9.89724e-05
2930   0.0686149    0.374287    -2.65968  0.000160406
2940   0.0673424    0.373432    -3.36355  0.000155329
2950   0.0655083      0.3722    -3.47151  0.000155726
2960   0.0642279     0.37134    -3.79649  9.18522e-05
2970   0.0636712    0.370966    -3.41747  -3.07448e-06
2980   0.0642894    0.371381    -3.90522  5.42104e-06
2990   0.0635628    0.370893    -3.79705  8.11726e-05
3000   0.0626659    0.370291    -3.90524  0.000106731
3010   0.0614282    0.369459    -3.58042  0.000135204
3020   0.0599618    0.368474    -3.76979  0.000129919
3030   0.0588298    0.367714    -3.44512  0.000110542
3040    0.057751    0.366989    -3.79729  0.000167464
3050   0.0554805    0.365464    -3.63478  0.000150853
3060   0.0547339    0.364962    -3.98671  9.18014e-05
3070   0.0536445     0.36423      -3.581  0.000109089
3080   0.0525522    0.363496    -3.60808  0.000103708
3090   0.0515703    0.362837    -3.31062  0.000129673
3100   0.0499587    0.361754    -3.49999  0.000175682
3110   0.0480567    0.360476    -3.17506  0.000130438
3120   0.0473499    0.360001    -3.06718  0.000119445
3130   0.0456678    0.358871    -3.14827  0.000145532
3140   0.0444393    0.358046    -3.25692  7.42009e-05
3150   0.0441838    0.357874    -2.95933  9.17369e-05
3160   0.0426046    0.356813    -3.06726  9.19189e-05
3170   0.0423454    0.356639     -2.9323  7.49772e-05
3180    0.041105    0.355806    -2.95959  0.000213755
3190   0.0380703    0.353767    -3.25665  0.000113024
3200   0.0388445    0.354287    -3.47373  1.80462e-05
3210   0.0377094    0.353525    -3.52783  9.04795e-05
3220    0.037035    0.353072    -3.85302  0.000122735
3230   0.0352547    0.351876    -3.17603  5.31914e-05
3240   0.0359711    0.352357    -2.68924  3.89624e-05
3250   0.0344754    0.351352    -3.31199  0.000143964
3260   0.0330919    0.350423    -3.58256  0.000141486
3270   0.0316457    0.349451     -3.3117  0.00010092
3280   0.0310735    0.349067    -3.28476  6.90441e-05
3290   0.0302648    0.348523    -2.93323  0.000154373
3300    0.027986    0.346992     -4.0422  0.000140022
3310   0.0274644    0.346642    -3.90717  0.000105227
3320   0.0258815    0.345579     -3.7448  0.000176243
3330   0.0239395    0.344274    -4.12354  0.000138361
3340   0.0231142     0.34372    -3.60966  9.44874e-05
3350   0.0220498    0.343004    -3.88039  9.77147e-05
3360     0.02116    0.342407    -4.31343  0.000127692
3370    0.019496    0.341289    -3.85337  0.00012802
3380   0.0185995    0.340687     -3.8806  8.68019e-05
3390   0.0177599    0.340123    -4.04263  7.21782e-05
3400    0.017156    0.339717    -4.12404  5.45156e-05
3410   0.0166696     0.33939    -3.96196  5.16765e-05
3420   0.0161225    0.339022    -3.93485  8.77555e-05
3430   0.0149145    0.338211    -3.69139  0.000111975
3440    0.013883    0.337518    -3.90794  0.000139354
3450   0.0121274    0.336339    -3.77275  0.000151758
3460   0.0108478    0.335479    -3.44806  0.000131161
3470  0.00950419    0.334576     -3.1501  5.91558e-05
3480  0.00966469    0.334684    -3.47502  5.64343e-05
3490  0.00837551    0.333818    -2.85253  0.000117023
3500  0.00732423    0.333112     -3.9623  0.000111345
3510  0.00614861    0.332322    -3.69165  0.000135961
3520  0.00460502    0.331285    -3.47521  7.25041e-05
3530  0.00469853    0.331348    -3.63771  3.02278e-05
3540  0.00400046    0.330879    -3.50258  7.60043e-05
3550  0.00317844    0.330327    -3.12355  0.000106771
3560  0.00186504    0.329444    -3.82716  7.95443e-05
3570  0.00158756    0.329258    -3.77322  0.000110504
3580  -0.000345042    0.327959     -3.8544  0.000150604
3590  -0.00142453    0.327234    -4.36872  6.81678e-05
3600  -0.0017084    0.327044    -4.28773  5.92046e-05
3610  -0.00260862    0.326439    -4.04421  0.000121007
3620  -0.00412853    0.325418     -3.8549  0.000192368
3630  -0.00645599    0.323854    -4.55825  0.000174344
3640  -0.00761542    0.323075    -4.28776  0.000162582
3650  -0.00970763     0.32167    -4.20624  0.000122697
3660  -0.0100694    0.321427    -4.17956  6.10766e-05
3670  -0.0109292    0.320849    -4.39595  6.43439e-05
3680  -0.0113562    0.320562    -4.42329  3.96568e-05
3690  -0.0117223    0.320316    -4.12583  9.90988e-05
3700  -0.0133382    0.319231    -4.53167  8.67974e-05
3710  -0.0134582     0.31915    -4.45061  6.21413e-05
3720   -0.014581    0.318396    -4.58585  5.91314e-05
3730  -0.0146409    0.318355    -4.80272  7.19674e-05
3740  -0.0160204    0.317429    -4.93764  0.00012558
3750  -0.0171525    0.316668    -5.58729  8.50296e-05
3760   -0.017721    0.316286    -4.80272  9.79897e-05
3770  -0.0191123    0.315351    -4.96472  0.000101403
3780   -0.019749    0.314924    -5.09999  2.89281e-05
3790  -0.0196908    0.314963     -5.2626  2.27285e-05
3800  -0.0202036    0.314618    -4.99208  7.99635e-05
3810  -0.0212901    0.313888    -5.12743  9.92741e-05
3820  -0.0221891    0.313284     -5.1544  0.000150616
3830  -0.0243024    0.311865    -4.85676  8.39538e-05
3840  -0.0238682    0.312156    -4.66758  -8.31326e-06
3850  -0.0241362    0.311976    -4.55917  7.48819e-05
3860  -0.0253658     0.31115     -5.1272  1.72787e-05
3870  -0.0244817    0.311744    -4.72183  -1.78332e-05
3880  -0.0250091     0.31139    -4.58659  4.63886e-05
3890  -0.0254095    0.311121    -4.55946  0.00012716
3900  -0.0275523    0.309681    -4.69428  5.96083e-05
3910  -0.0266017     0.31032    -5.01942  8.28886e-06
3920  -0.0277181     0.30957    -4.45116  4.90639e-06
3930  -0.0266998    0.310254    -4.58662  2.13445e-05
3940   -0.028145    0.309283    -4.31597  9.27263e-05
3950  -0.0285543    0.309008    -4.45137  -1.43509e-05
3960   -0.027858    0.309476    -4.53262  -2.73444e-05
3970  -0.0280074    0.309376    -4.80317  -7.91401e-06
3980  -0.0276997    0.309582    -4.93844  1.17403e-05
3990  -0.0282422    0.309218    -4.99256  -1.12345e-05
4000   -0.027475    0.309733    -4.53276  -3.41649e-05
4010  -0.0275589    0.309677    -4.66829  -2.11803e-05
4020  -0.0270514    0.310018    -5.10102  3.48082e-05
4030  -0.0282551    0.309209    -5.01966  4.46741e-05
4040  -0.0279449    0.309418    -4.66789  5.81798e-05
4050  -0.0294187    0.308428    -4.74909  3.83571e-05
4060   -0.028712    0.308902    -4.85745  -4.44716e-06
4070  -0.0293298    0.308487    -4.74915  1.86805e-05
4080  -0.0290856    0.308651    -4.80327  -3.11084e-05
4090  -0.0287076    0.308905    -4.74944   4.215e-05
4100  -0.0299286    0.308085    -4.99272  9.55831e-05
4110  -0.0306192    0.307621    -5.07394  3.90823e-05
4120  -0.0307103     0.30756    -5.56109  5.93798e-05
4130  -0.0318068    0.306823    -4.69518  3.26433e-05
4140  -0.0313631    0.307121    -5.18254  7.32273e-05
4150  -0.0332714    0.305839    -5.39887  0.000191164
4160  -0.0351864    0.304553    -5.18225  9.06102e-05
4170  -0.0350836    0.304622    -5.34462  -2.04483e-05
4180  -0.0347775    0.304827    -5.07439  -3.57553e-06
4190  -0.0350121     0.30467    -5.18267  3.70748e-05
4200   -0.035519    0.304329    -4.91215  6.43572e-05
4210  -0.0362992    0.303805     -5.1286  3.3921e-05
4220  -0.0361974    0.303874    -5.29118  5.11663e-05
4230  -0.0373226    0.303118    -5.53462  6.49005e-05
4240  -0.0374954    0.303002    -4.74989  5.83529e-05
4250  -0.0384896    0.302334    -5.02067  6.19085e-05
4260  -0.0387336     0.30217    -4.77702  -9.88822e-06
4270  -0.0382918    0.302466    -4.39825  2.79719e-05
4280   -0.039293    0.301794     -4.5336  6.58277e-05
4290  -0.0396084    0.301582    -4.42541  3.16096e-05
4300  -0.0399252    0.301369    -4.88555  9.7402e-05
4310  -0.0415564    0.300273    -4.50669  6.29976e-05
4320  -0.0411851    0.300523    -5.04824  4.60537e-05
4330  -0.0424775    0.299654    -4.64198  2.52193e-05
4340  -0.0416895    0.300184    -4.47985  6.3787e-05
4350  -0.0437533    0.298797    -4.34431  0.000182332
4360  -0.0453362    0.297734    -4.37128  6.42396e-05
4370  -0.0450381    0.297934     -4.2633  5.41385e-05
4380  -0.0464189    0.297007    -4.56089  8.22304e-05
4390  -0.0466827    0.296829     -4.3445  4.39798e-05
4400  -0.0472985    0.296416    -4.34442  8.98538e-05
4410  -0.0484797    0.295622    -4.42591  6.1933e-05
4420  -0.0485372    0.295584    -4.58831  6.22502e-05
4430  -0.0497247    0.294786    -4.45304  0.000126046
4440  -0.0510581     0.29389    -4.45275  0.00014421
4450  -0.0526089    0.292848    -4.07398  6.65952e-05
4460    -0.05239    0.292995    -4.23667  2.78832e-05
4470  -0.0531666    0.292473    -4.48017  5.28365e-05
4480  -0.0534467    0.292285    -4.42625  0.00011018
4490  -0.0553702    0.290993     -4.4532  0.000139042
4500  -0.0562276    0.290417    -4.20965  7.51525e-05
4510  -0.0568733    0.289983    -4.10148  0.000136471
4520   -0.058957    0.288583    -3.77658  0.000108069
4530  -0.0590346    0.288531    -3.91196  5.46109e-05
4540  -0.0600492     0.28785    -3.91214  0.000108863
4550  -0.0612119    0.287069    -3.69554  8.03318e-05
4560  -0.0616558     0.28677    -3.85802  6.62094e-05
4570  -0.0625361    0.286179     -3.7769  7.00265e-05
4580  -0.0630564    0.285829    -3.56035  3.76005e-05
4590  -0.0632881    0.285674    -3.42516  3.4127e-05
4600  -0.0637389    0.285371    -3.56035  8.89644e-05
4610  -0.0650674    0.284478    -3.15464  0.000114814
4620  -0.0660352    0.283828    -3.15456  7.49841e-05
4630   -0.066567    0.283471    -3.18172  4.96183e-05
4640  -0.0670276    0.283162    -3.31701  9.39216e-05
4650  -0.0684455    0.282209    -3.01956  7.57623e-05
4660  -0.0685428    0.282144    -3.26286  0.000120461
4670  -0.0708547     0.28059     -3.0732  0.000150285
4680  -0.0715485    0.280124    -2.69431  3.24726e-05
4690  -0.0715042    0.280154    -2.88418  1.03936e-05
4700  -0.0717564    0.279985    -2.88413  0.000107073
4710  -0.0736456    0.278715    -2.66745  0.000111054
4720  -0.0739775    0.278493    -2.72162  0.00011909
4730  -0.0760274    0.277115    -2.72154  5.58089e-05
4740  -0.0750936    0.277743    -3.01961  -7.38837e-06
4750  -0.0758796    0.277215    -2.99235  8.62673e-05
4760   -0.076819    0.276584    -3.18185  6.77731e-05
4770  -0.0772351    0.276304    -2.69484  6.43104e-05
4780  -0.0781052    0.275719    -3.34427  9.85019e-05
4790  -0.0792051    0.274981    -2.91123  9.88547e-05
4800  -0.0800823    0.274391    -3.15496  2.72468e-05
4810  -0.0797501    0.274614     -3.2365  9.58204e-05
4820  -0.0819987    0.273104    -3.50696  0.000130176
4830  -0.0823536    0.272865    -3.18217  5.84438e-05
4840  -0.0831676    0.272319    -3.15522  3.18978e-05
4850  -0.0829916    0.272437    -3.42592  2.44543e-05
4860  -0.0836567     0.27199    -3.15543  5.89784e-05
4870  -0.0841711    0.271644    -3.34507  8.22727e-05
4880  -0.0853021    0.270885    -3.45321  0.000105633
4890  -0.0862838    0.270225    -3.58856  8.29156e-05
4900  -0.0869604     0.26977    -3.56143  8.71323e-05
4910  -0.0880264    0.269054    -3.37198  5.26037e-05
4920  -0.0880125    0.269064    -3.39922  -1.69173e-05
4930  -0.0876881    0.269282     -3.0749  0.000130744
4940  -0.0906274    0.267307    -3.39916  0.000150425
4950  -0.0906966     0.26726     -3.1828  -4.78886e-06
4960  -0.0905316    0.267371    -3.34509  -3.9994e-05
4970  -0.0898967    0.267798    -3.58906  1.08328e-05
4980  -0.0907483    0.267226    -3.48071  9.31855e-05
4990  -0.0917604    0.266546    -3.56185  0.000175538
