Time   Number   
ps   
0          20         124
10          20         132
20          17         127
30          14         130
40          17         129
50          17         129
60          17         131
70          17         121
80          14         124
90          16         128
100          15         133
110          14         122
120          16         128
130          15         123
140          16         116
150          18         122
160          12         120
170          12         120
180          11         131
190          16         132
200          16         122
210          20         124
220          18         124
230          18         128
240          19         131
250          14         120
260          14         134
270          18         122
280          11         127
290          19         129
300          16         134
310          16         130
320          18         130
330          18         128
340          17         131
350          16         136
360          14         124
370          17         119
380          14         124
390          15         121
400          17         129
410          17         131
420          16         124
430          17         123
440          16         130
450          15         125
460          15         129
470          18         132
480          18         132
490          22         136
500          19         131
510          17         131
520          18         132
530          18         122
540          19         125
550          18         126
560          15         125
570          13         127
580          16         130
590          15         131
600          14         132
610          10         138
620          18         132
630          19         129
640          15         129
650          17         127
660          14         130
670          13         131
680          17         125
690          13         133
700          14         126
710          17         133
720          14         122
730          18         120
740          16         130
750          12         134
760          16         136
770          14         128
780          15         133
790          15         129
800          20         132
810          18         128
820          18         128
830          16         130
840          16         132
850          19         131
860          19         135
870          17         137
880          15         135
890          19         131
900          18         124
910          18         126
920          22         124
930          21         119
940          17         127
950          17         137
960          17         143
970          18         130
980          20         124
990          17         129
1000          19         127
1010          15         127
1020          17         131
1030          15         133
1040          15         131
1050          19         135
1060          18         122
1070          19         131
1080          15         121
1090          17         137
1100          15         127
1110          17         131
1120          14         126
1130          15         139
1140          13         131
1150          18         130
1160          18         134
1170          16         128
1180          19         129
1190          17         135
1200          15         133
1210          16         136
1220          16         120
1230          14         132
1240          12         126
1250          10         120
1260          14         130
1270          14         128
1280          15         125
1290          15         127
1300          14         128
1310          15         123
1320          16         130
1330          15         133
1340          14         120
1350          17         125
1360          16         134
1370          14         126
1380          14         134
1390          17         129
1400          16         132
1410          11         125
1420          13         139
1430          13         131
1440          14         128
1450          16         132
1460          13         127
1470          18         128
1480          16         128
1490          13         129
1500          14         126
1510          14         128
1520          18         128
1530          12         126
1540          11         131
1550          13         117
1560          15         125
1570          16         122
1580          13         129
1590          14         130
1600          14         130
1610          13         133
1620          14         128
1630          12         126
1640          12         126
1650          12         132
1660          14         128
1670          10         132
1680          12         124
1690          15         119
1700          12         124
1710          14         124
1720          13         125
1730          15         125
1740          18         130
1750          14         136
1760          17         133
1770          16         122
1780          13         127
1790          15         127
1800          17         133
1810          17         137
1820          20         124
1830          18         128
1840          17         131
1850          14         126
1860          14         126
1870          12         118
1880          15         127
1890          18         126
1900          14         128
1910          15         137
1920          14         128
1930          12         126
1940          15         125
1950          15         123
1960          13         127
1970          15         121
1980          13         125
1990          16         140
2000          14         132
2010          14         124
2020          14         126
2030          14         128
2040          14         124
2050          14         134
2060          13         119
2070          21         119
2080          18         128
2090          12         130
2100          14         144
2110          18         130
2120          18         124
2130          14         118
2140          14         130
2150          14         136
2160          20         142
2170          18         136
2180          19         139
2190          19         137
2200          17         135
2210          17         139
2220          19         133
2230          18         130
2240          21         139
2250          15         133
2260          21         125
2270          13         133
2280          16         134
2290          12         128
2300          18         130
2310          16         130
2320          14         134
2330          18         132
2340          17         125
2350          15         131
2360          12         124
2370          16         126
2380          17         131
2390          14         134
2400          18         128
2410          17         133
2420          19         137
2430          23         133
2440          14         132
2450          16         132
2460          11         137
2470          14         126
2480          16         134
2490          12         122
2500          21         131
2510          14         132
2520          13         123
2530          11         129
2540          19         135
2550          12         132
2560          15         119
2570          16         126
2580          14         130
2590          13         137
2600          16         126
2610          15         133
2620          16         124
2630          18         138
2640          14         124
2650          15         125
2660          14         124
2670          12         122
2680          14         134
2690          16         126
2700          15         125
2710          12         130
2720           9         123
2730          15         125
2740          15         123
2750          14         122
2760          11         133
2770          13         133
2780          17         123
2790          13         131
2800          17         131
2810          11         133
2820          17         125
2830          14         140
2840          15         127
2850          14         136
2860          16         132
2870          15         127
2880          15         129
2890          14         128
2900          17         127
2910          15         133
2920          16         130
2930          17         137
2940          16         126
2950          12         130
2960          16         128
2970          18         138
2980          22         138
2990          20         154
3000          21         147
3010          20         146
3020          20         148
3030          18         140
3040          17         147
3050          16         138
3060          14         128
3070          18         138
3080          19         133
3090          11         125
3100          16         136
3110          15         129
3120          15         131
3130          15         133
3140          18         132
3150          15         133
3160          15         129
3170          15         121
3180          16         120
3190          15         129
3200          14         132
3210          17         131
3220          19         127
3230          21         133
3240          17         135
3250          16         138
3260          17         135
3270          17         129
3280          20         124
3290          18         134
3300          12         128
3310          20         136
3320          17         141
3330          18         138
3340          17         139
3350          16         132
3360          20         134
3370          17         135
3380          18         140
3390          11         137
3400          15         133
3410          17         135
3420          17         131
3430          14         128
3440          20         128
3450          14         128
3460          13         123
3470          13         131
3480          15         127
3490          19         141
3500          19         131
3510          18         132
3520          20         132
3530          12         142
3540          17         137
3550          15         129
3560          20         134
3570          17         123
3580          14         128
3590          14         136
3600          13         123
3610          16         128
3620          13         133
3630          14         124
3640          10         126
3650          20         120
3660          13         127
3670          13         123
3680          12         122
3690          19         131
3700          14         128
3710          16         136
3720          15         135
3730          18         128
3740          18         126
3750          11         131
3760          17         131
3770          13         127
3780          16         126
3790          21         131
3800          22         138
3810          19         125
3820          13         117
3830          10         114
3840          12         132
3850          14         126
3860          16         134
3870          18         126
3880          12         132
3890          14         124
3900          17         131
3910          15         129
3920          20         126
3930          15         123
3940          20         126
3950          18         130
3960          15         129
3970          20         134
3980          15         131
3990          21         137
4000          17         129
4010          16         134
4020          21         129
4030          16         136
4040          16         132
4050          16         136
4060          13         137
4070          15         119
4080          15         131
4090          17         129
4100          16         128
4110          20         138
4120          15         119
4130          19         133
4140          21         133
4150          15         141
4160          19         145
4170          17         143
4180          15         135
4190          16         144
4200          14         128
4210          19         135
4220          20         128
4230          18         128
4240          17         137
4250          20         134
4260          18         144
4270          19         139
4280          27         143
4290          21         145
4300          18         142
4310          15         141
4320          23         139
4330          17         143
4340          22         138
4350          19         147
4360          14         138
4370          18         146
4380          18         138
4390          20         150
4400          20         142
4410          17         135
4420          19         143
4430          18         134
4440          16         132
4450          14         126
4460          19         139
4470          19         137
4480          17         131
4490          16         130
4500          14         128
4510          19         137
4520          13         125
4530          15         131
4540          12         130
4550          16         132
4560          20         128
4570          19         137
4580          16         132
4590          16         128
4600          18         132
4610          18         134
4620          18         134
4630          14         134
4640          14         128
4650          11         125
4660          15         127
4670          17         131
4680          15         133
4690          13         135
4700          12         124
4710          15         127
4720          14         132
4730          20         124
4740          18         146
4750          13         131
4760          15         129
4770          16         126
4780          18         136
4790          13         127
4800          17         127
4810          18         130
4820          18         136
4830          13         129
4840          17         125
4850          15         131
4860          14         132
4870          18         132
4880          14         118
4890          13         123
4900          21         129
4910          15         141
4920          14         126
4930          20         140
4940          14         130
4950          21         131
4960          17         131
4970          16         134
4980          22         130
4990          17         123
5000          18         124
5010          17         133
5020          19         119
5030          14         128
5040          18         138
5050          15         135
5060          17         127
5070          18         138
5080          11         133
5090          16         136
5100          18         136
5110          17         131
5120          15         129
5130          14         128
5140          16         132
5150          17         143
5160          13         137
5170          14         124
5180          17         137
5190          17         133
5200          15         137
5210          17         137
5220          14         128
5230          19         121
5240          13         123
5250          13         121
5260          15         129
5270          13         131
5280          17         135
5290          17         135
5300          15         129
5310          19         129
5320          15         127
5330          14         130
5340          18         136
5350          19         127
5360          14         128
5370          15         131
5380          17         133
5390          12         126
5400          17         129
5410          11         131
5420          17         123
5430          15         153
5440          16         134
5450          16         146
5460          17         135
5470          16         142
5480          15         137
5490          17         135
5500          15         137
5510          19         135
5520          14         128
5530          17         129
5540          19         143
5550          17         129
5560          22         146
5570          20         138
5580          16         134
5590          16         130
5600          19         129
5610          20         124
5620          16         126
5630          17         129
5640          15         127
5650          16         128
5660          18         144
5670          17         147
5680          17         133
5690          21         139
5700          16         136
5710          18         138
5720          20         128
5730          15         137
5740          16         130
5750          17         129
5760          17         125
5770          18         138
5780          21         125
5790          21         133
5800          16         136
5810          18         146
5820          18         134
5830          18         138
5840          13         131
5850          15         123
5860          17         133
5870          17         135
5880          15         129
5890          14         126
5900          17         139
5910          17         125
5920          13         135
5930          15         125
5940          13         125
5950          17         131
5960          18         134
5970          19         135
5980          18         132
5990          19         133
6000          19         131
6010          14         124
6020          18         128
6030          14         130
6040          19         129
6050          17         135
6060          21         123
6070          20         126
6080          18         126
6090          18         128
6100          14         124
6110          14         118
6120          13         127
6130          11         131
6140          16         128
6150          15         129
6160          17         137
6170          12         134
6180          22         136
6190          18         138
6200          13         137
6210          17         137
6220          16         134
6230          14         134
6240          18         136
6250          18         140
6260          14         124
6270          16         124
6280          18         130
6290          16         126
6300          18         128
6310          16         134
6320          19         141
6330          16         130
6340          16         130
6350          18         134
6360          18         130
6370          15         129
6380          22         134
6390          21         139
6400          19         129
6410          18         134
6420          16         132
6430          14         134
6440          19         127
6450          21         143
6460          12         130
6470          15         137
6480          20         148
6490          11         135
6500          15         135
6510          15         131
6520          14         128
6530          15         127
6540          15         127
6550          19         129
6560          15         127
6570          16         138
6580          17         123
6590          18         130
6600          18         132
6610          23         141
6620          19         133
6630          17         137
6640          18         128
6650          16         130
6660          16         130
6670          17         125
6680          14         124
6690          14         120
6700          18         128
6710          16         126
6720          19         121
6730          18         122
6740          16         130
6750          18         128
6760          11         127
6770          15         129
6780          18         132
6790          13         129
6800          11         143
6810          20         130
6820          15         133
6830          16         136
6840          14         136
6850          16         138
6860          13         129
6870          16         130
6880          15         131
6890          16         132
6900          15         137
6910          13         129
6920          18         130
6930          17         131
6940          15         127
6950          14         134
6960          16         124
6970          17         137
6980          21         129
6990          17         137
7000          13         137
7010          21         127
7020          13         133
7030          16         126
7040          15         125
7050          16         128
7060          13         137
7070          14         136
7080          20         136
7090          16         132
7100          14         124
7110          13         129
7120          13         127
7130          13         129
7140          16         128
7150          21         123
7160          17         121
7170          16         134
7180           9         129
7190          18         128
7200          15         129
7210          15         137
7220          15         141
7230          17         141
7240          14         134
7250          16         134
7260           8         132
7270          13         127
7280          16         130
7290          15         127
7300          17         133
7310          15         129
7320          17         139
7330          14         130
7340          15         137
7350          18         128
7360          12         130
7370          14         126
7380          16         130
7390          13         145
7400          18         132
7410          17         133
7420          15         139
7430          14         140
7440          15         133
7450          13         127
7460          14         148
7470          14         126
7480          16         130
7490          16         138
7500          15         127
7510          17         131
7520          12         138
7530          12         136
7540          16         122
7550          15         129
7560          13         123
7570           8         132
7580          16         128
7590          16         132
7600          17         129
7610          19         125
7620          17         145
7630          16         126
7640          13         131
7650          17         129
7660          15         127
7670          16         128
7680          14         132
7690          17         131
7700          13         129
7710          14         134
7720          16         136
7730          16         134
7740          13         139
7750          13         127
7760          17         135
7770          16         140
7780          14         134
7790          14         132
7800          12         124
7810          13         133
7820          16         136
7830          14         130
7840          16         132
7850          15         131
7860          14         122
7870          15         133
7880          18         126
7890          18         128
7900          15         131
7910          15         135
7920          14         124
7930          13         123
7940          15         135
7950          14         128
7960          14         128
7970          14         120
7980          12         132
7990          16         136
8000          14         130
8010          15         133
8020          12         134
8030          14         120
8040          17         129
8050          13         127
8060          15         129
8070          17         129
8080          12         120
8090          15         129
8100           9         127
8110           9         135
8120          14         132
8130          10         136
8140          14         140
8150          19         133
8160          22         142
8170          19         133
8180          15         137
8190          15         139
8200          19         131
8210          15         135
8220          14         146
8230          10         138
8240          14         144
8250          11         129
8260          12         120
8270           9         125
8280          16         126
8290          17         125
8300          12         122
8310          15         121
8320          13         123
8330          18         122
8340          13         123
8350          15         121
8360          20         118
8370          15         131
8380          20         126
8390          12         114
8400          11         119
8410          10         120
8420          13         131
8430          16         134
8440          17         135
8450          19         131
8460          17         129
8470          12         128
8480          17         131
8490          16         134
8500          14         128
8510          13         129
8520          11         123
8530          11         135
8540          15         123
8550          14         138
8560          10         122
8570          15         133
8580          14         130
8590          14         126
8600          13         133
8610           8         134
8620          19         125
8630          17         133
8640          21         135
8650          16         122
8660          15         125
8670          16         142
8680          18         126
8690          13         127
8700          14         140
8710          10         132
8720          11         127
8730          13         127
8740          12         136
8750          16         130
8760          14         134
8770          16         130
8780          11         131
8790           9         121
8800          12         126
8810          18         126
8820          12         124
8830          16         124
8840          12         132
8850          12         128
8860          15         127
8870          13         133
8880          11         127
8890          14         128
8900          14         120
8910          14         126
8920          11         145
8930          15         141
8940          16         124
8950          14         132
8960          15         127
8970          18         136
8980          17         133
8990          14         132
9000          15         125
9010          14         120
9020          20         126
9030          20         130
9040          13         129
9050          16         132
9060          17         129
9070          15         135
9080          14         128
9090          14         126
9100          13         137
9110          11         119
9120          17         121
9130          14         124
9140           8         126
9150          16         128
9160          19         131
9170          12         132
9180          14         122
9190          13         129
9200          15         133
9210          17         129
9220          16         142
9230          11         135
9240          17         129
9250          13         131
9260          17         135
9270          14         142
9280          16         138
9290          15         131
9300          14         138
9310          17         131
9320          12         136
9330          14         126
9340          16         128
9350          11         135
9360          10         128
9370          15         123
9380          14         132
9390          17         129
9400          19         127
9410          11         131
9420          13         125
9430          14         126
9440          13         125
9450          13         129
9460          13         137
9470          16         130
9480          17         133
9490          16         134
9500          16         134
9510          15         135
9520          20         138
9530          19         139
9540          17         133
9550          15         147
9560          15         133
9570          17         139
9580          17         125
9590          17         125
9600          19         125
9610          16         132
9620          14         124
9630          19         129
9640          17         135
9650          11         127
9660          18         128
9670          13         127
9680          17         127
9690          17         129
9700          21         129
9710          20         140
9720          21         139
9730          17         141
9740          24         136
9750          15         137
9760          18         128
9770          18         132
9780          17         141
9790          17         133
9800          19         135
9810          19         139
9820          18         140
9830          19         131
9840          16         146
9850          19         139
9860          17         135
9870          16         132
9880          15         131
9890          15         139
9900          17         141
9910          19         139
9920          22         136
9930          16         140
9940          18         130
9950          14         146
9960          13         127
9970          15         137
9980          16         134
9990          15         131
10000          15         131
