Time   Number   
ps   
0          17          19
10          19          19
20          15          19
30          17          17
40          15          19
50          17          19
60          17          17
70          16          16
80          18          18
90          16          16
100          16          16
110          18          18
120          18          18
130          15          19
140          15          17
150          18          22
160          17          17
170          17          17
180          13          15
190          13          15
200          16          18
210          13          15
220          13          17
230          13          13
240          14          14
250          14          16
260          16          16
270          17          17
280          17          19
290          17          17
300          14          20
310          16          16
320          14          18
330          15          17
340          15          17
350          17          19
360          16          18
370          15          21
380          18          20
390          16          18
400          16          20
410          18          18
420          17          19
430          16          20
440          16          18
450          15          17
460          15          15
470          15          19
480          17          19
490          15          17
500          18          20
510          15          19
520          17          19
530          15          21
540          17          19
550          16          24
560          16          22
570          18          20
580          17          17
590          14          16
600          17          21
610          18          22
620          18          18
630          17          19
640          17          19
650          18          18
660          18          20
670          18          22
680          15          19
690          16          22
700          18          20
710          18          20
720          19          19
730          17          21
740          19          19
750          16          18
760          15          15
770          18          18
780          17          21
790          18          20
800          15          21
810          14          16
820          14          18
830          18          20
840          13          21
850          17          19
860          17          17
870          16          16
880          17          19
890          16          18
900          17          17
910          15          19
920          14          18
930          16          16
940          12          18
950          15          21
960          15          19
970          17          17
980          17          17
990          16          16
1000          16          18
1010          14          16
1020          16          16
1030          13          17
1040          16          16
1050          15          17
1060          13          21
1070          15          17
1080          16          22
1090          15          21
1100          16          18
1110          13          15
1120          12          18
1130          15          19
1140          13          17
1150          15          19
1160          12          18
1170          16          20
1180          17          19
1190          15          23
1200          15          19
1210          16          16
1220          14          22
1230          16          18
1240          19          21
1250          15          17
1260          17          19
1270          13          17
1280          18          22
1290          15          19
1300          16          18
1310          17          23
1320          16          20
1330          14          20
1340          14          18
1350          16          20
1360          15          19
1370          18          22
1380          18          22
1390          16          22
1400          17          19
1410          15          19
1420          14          22
1430          14          20
1440          14          20
1450          17          23
1460          17          21
1470          18          20
1480          18          18
1490          17          17
1500          14          20
1510          17          17
1520          17          21
1530          17          19
1540          16          16
1550          14          16
1560          17          19
1570          18          18
1580          17          19
1590          16          20
1600          16          20
1610          16          18
1620          16          22
1630          18          20
1640          13          17
1650          15          19
1660          17          19
1670          15          17
1680          17          19
1690          13          17
1700          15          17
1710          15          17
1720          15          15
1730          15          17
1740          15          19
1750          14          20
1760          14          16
1770          15          17
1780          14          20
1790          15          19
1800          17          17
1810          16          20
1820          16          16
1830          15          17
1840          15          15
1850          13          17
1860          14          20
1870          14          22
1880          12          16
1890          15          17
1900          16          16
1910          16          18
1920          16          16
1930          14          16
1940          14          18
1950          16          20
1960          17          21
1970          16          20
1980          14          20
1990          16          18
2000          16          16
2010          16          16
2020          16          20
2030          15          19
2040          14          18
2050          16          18
2060          14          20
2070          17          19
2080          17          19
2090          14          18
2100          18          18
2110          16          20
2120          16          20
2130          15          17
2140          15          15
2150          16          22
2160          16          18
2170          17          17
2180          17          19
2190          17          21
2200          17          21
2210          15          19
2220          15          19
2230          14          18
2240          15          17
2250          14          18
2260          16          16
2270          17          17
2280          16          20
2290          17          21
2300          16          18
2310          15          19
2320          16          18
2330          18          18
2340          16          18
2350          15          19
2360          15          21
2370          16          20
2380          15          19
2390          16          22
2400          15          19
2410          15          21
2420          15          21
2430          16          26
2440          15          17
2450          13          23
2460          14          22
2470          17          19
2480          16          18
2490          14          20
2500          13          19
2510          16          18
2520          16          18
2530          14          18
2540          13          21
2550          16          24
2560          16          20
2570          14          20
2580          14          22
2590          15          19
2600          17          19
2610          17          19
2620          15          25
2630          18          20
2640          16          22
2650          17          21
2660          15          21
2670          17          21
2680          16          16
2690          16          16
2700          16          18
2710          17          21
2720          15          23
2730          15          23
2740          16          18
2750          15          17
2760          17          17
2770          15          21
2780          17          19
2790          16          18
2800          17          17
2810          14          20
2820          16          20
2830          16          20
2840          15          23
2850          15          19
2860          14          22
2870          15          19
2880          14          20
2890          16          22
2900          18          18
2910          15          17
2920          16          18
2930          18          18
2940          15          17
2950          16          16
2960          16          18
2970          15          17
2980          17          17
2990          15          17
3000          16          18
3010          15          19
3020          17          17
3030          17          17
3040          13          13
3050          15          17
3060          13          15
3070          15          15
3080          16          16
3090          15          15
3100          14          18
3110          16          18
3120          13          21
3130          15          15
3140          14          16
3150          15          17
3160          15          17
3170          16          16
3180          15          15
3190          14          18
3200          16          16
3210          15          15
3220          15          15
3230          16          16
3240          15          17
3250          14          14
3260          13          13
3270          14          14
3280          13          13
3290          14          16
3300          14          14
3310          14          16
3320          16          16
3330          15          15
3340          14          14
3350          12          14
3360          15          15
3370          14          14
3380          16          16
3390          13          19
3400          16          16
3410          16          16
3420          13          17
3430          12          12
3440          13          13
3450          15          15
3460          16          18
3470          15          15
3480          15          17
3490          15          15
3500          14          20
3510          15          17
3520          13          15
3530          15          15
3540          14          16
3550          15          15
3560          16          16
3570          16          16
3580          17          17
3590          14          18
3600          15          17
3610          14          14
3620          16          16
3630          15          17
3640          15          17
3650          16          16
3660          15          17
3670          15          17
3680          16          18
3690          15          15
3700          16          18
3710          15          15
3720          16          16
3730          16          16
3740          15          15
3750          17          17
3760          16          16
3770          17          17
3780          16          18
3790          17          17
3800          16          18
3810          16          18
3820          14          18
3830          17          17
3840          13          17
3850          17          17
3860          16          16
3870          14          18
3880          17          17
3890          17          17
3900          14          16
3910          17          17
3920          16          18
3930          15          19
3940          17          17
3950          17          17
3960          16          18
3970          16          16
3980          16          16
3990          15          17
4000          15          17
4010          16          16
4020          15          15
4030          14          14
4040          15          17
4050          16          16
4060          15          15
4070          15          17
4080          15          17
4090          13          17
4100          14          14
4110          16          16
4120          14          16
4130          16          18
4140          14          16
4150          16          18
4160          16          20
4170          16          20
4180          17          17
4190          14          18
4200          14          20
4210          17          17
4220          16          18
4230          17          17
4240          16          20
4250          16          18
4260          15          19
4270          17          19
4280          17          21
4290          19          19
4300          18          20
4310          18          18
4320          16          20
4330          17          17
4340          17          17
4350          17          17
4360          19          19
4370          18          18
4380          15          15
4390          17          17
4400          17          17
4410          17          17
4420          17          19
4430          18          18
4440          15          19
4450          14          14
4460          16          20
4470          16          16
4480          15          23
4490          14          20
4500          16          18
4510          16          18
4520          16          18
4530          16          16
4540          16          18
4550          16          16
4560          17          17
4570          12          20
4580          13          19
4590          13          15
4600          16          18
4610          14          18
4620          16          18
4630          10          16
4640          14          16
4650          14          16
4660          16          18
4670          15          15
4680          16          16
4690          15          15
4700          15          15
4710          15          17
4720          15          15
4730          14          18
4740          14          20
4750          16          16
4760          14          18
4770          15          15
4780          15          17
4790          16          16
4800          16          16
4810          14          14
4820          14          16
4830          14          14
4840          13          15
4850          13          15
4860          13          15
4870          12          12
4880          14          16
4890          13          17
4900          14          14
4910          14          14
4920          15          15
4930          14          14
4940          14          14
4950          15          15
4960          13          13
4970          14          16
4980          14          18
4990          15          15
5000          15          15
5010          14          18
5020          13          17
5030          13          15
5040          15          15
5050          14          16
5060          15          15
5070          16          16
5080          16          16
5090          14          16
5100          16          16
5110          13          13
5120          13          17
5130          16          16
5140          16          20
5150          16          16
5160          15          17
5170          14          16
5180          15          17
5190          14          18
5200          16          16
5210          14          16
5220          17          17
5230          16          16
5240          16          18
5250          16          18
5260          14          18
5270          13          13
5280          14          16
5290          15          17
5300          15          17
5310          15          15
5320          12          18
5330          14          16
5340          15          15
5350          16          16
5360          17          17
5370          15          17
5380          14          14
5390          15          15
5400          15          15
5410          13          15
5420          12          16
5430          13          15
5440          14          16
5450          16          18
5460          15          15
5470          16          16
5480          16          16
5490          16          18
5500          14          16
5510          15          15
5520          13          13
5530          15          15
5540          14          14
5550          17          17
5560          17          17
5570          16          16
5580          14          18
5590          14          18
5600          16          18
5610          13          17
5620          15          15
5630          14          18
5640          15          17
5650          15          17
5660          15          15
5670          16          16
5680          14          16
5690          16          16
5700          17          17
5710          16          16
5720          16          16
5730          16          18
5740          17          17
5750          15          19
5760          15          19
5770          16          18
5780          16          18
5790          18          18
5800          19          19
5810          14          24
5820          18          18
5830          16          24
5840          17          21
5850          16          20
5860          18          20
5870          16          20
5880          16          18
5890          13          15
5900          17          19
5910          17          21
5920          14          22
5930          15          21
5940          18          18
5950          17          21
5960          17          19
5970          16          20
5980          15          19
5990          14          24
6000          17          21
6010          15          15
6020          17          19
6030          16          18
6040          14          16
6050          14          16
6060          15          15
6070          13          15
6080          13          19
6090          13          15
6100          13          17
6110          15          15
6120          14          18
6130          15          17
6140          16          18
6150          15          17
6160          15          15
6170          14          18
6180          14          18
6190          11          17
6200          14          18
6210          14          18
6220          14          16
6230          15          15
6240          14          18
6250          12          14
6260          15          15
6270          14          16
6280          12          18
6290          14          14
6300          13          15
6310          16          16
6320          16          18
6330          15          17
6340          14          16
6350          15          19
6360          15          17
6370          16          16
6380          14          16
6390          15          15
6400          13          13
6410           9          13
6420          10          16
6430          12          12
6440          11          11
6450          11          13
6460          11          13
6470          13          13
6480          14          14
6490          13          15
6500          11          17
6510          14          16
6520          13          15
6530          13          13
6540          12          14
6550          12          12
6560          11          15
6570          10          14
6580          10          12
6590          12          14
6600          12          14
6610          12          12
6620          11          13
6630          11          13
6640          11          13
6650          10          10
6660          12          14
6670          11          15
6680          12          14
6690          14          16
6700          12          14
6710           9          15
6720          14          16
6730          12          14
6740          15          19
6750          15          17
6760          14          14
6770          12          14
6780          10          18
6790          12          16
6800          12          14
6810          10          14
6820          10          14
6830          12          14
6840          13          17
6850          15          17
6860          13          15
6870          14          16
6880          15          19
6890          15          15
6900          11          15
6910          15          15
6920          13          19
6930          13          19
6940          14          18
6950          15          19
6960          15          21
6970          17          19
6980          16          18
6990          15          19
7000          12          22
7010          15          19
7020          15          19
7030          15          17
7040          14          20
7050          14          18
7060          14          16
7070          15          21
7080          15          19
7090          15          19
7100          16          16
7110          20          20
7120          16          18
7130          15          15
7140          14          18
7150          15          17
7160          13          21
7170          14          16
7180          15          17
7190          15          19
7200          16          18
7210          15          17
7220          16          20
7230          15          15
7240          17          21
7250          18          20
7260          16          18
7270          15          19
7280          16          18
7290          16          18
7300          18          18
7310          17          19
7320          18          20
7330          16          18
7340          17          21
7350          15          17
7360          18          20
7370          18          18
7380          19          19
7390          18          18
7400          17          19
7410          17          19
7420          15          19
7430          19          19
7440          16          20
7450          18          20
7460          19          21
7470          18          18
7480          18          22
7490          16          20
7500          17          21
7510          18          18
7520          17          21
7530          14          24
7540          19          19
7550          20          20
7560          18          20
7570          18          24
7580          19          19
7590          16          24
7600          16          26
7610          18          22
7620          17          23
7630          16          18
7640          17          17
7650          17          21
7660          18          18
7670          17          19
7680          16          20
7690          17          21
7700          16          18
7710          16          16
7720          18          22
7730          16          22
7740          18          18
7750          15          21
7760          16          16
7770          18          18
7780          16          20
7790          19          21
7800          16          16
7810          17          21
7820          17          19
7830          20          20
7840          19          19
7850          16          20
7860          18          20
7870          16          18
7880          13          17
7890          18          18
7900          15          17
7910          16          18
7920          17          21
7930          15          21
7940          18          20
7950          17          17
7960          13          17
7970          16          16
7980          16          18
7990          18          18
8000          16          18
8010          18          18
8020          17          19
8030          14          22
8040          17          19
8050          16          18
8060          17          19
8070          16          22
8080          13          19
8090          16          22
8100          17          17
8110          16          18
8120          18          18
8130          17          21
8140          18          18
8150          15          17
8160          17          19
8170          15          19
8180          18          20
8190          17          17
8200          17          19
8210          16          16
8220          16          20
8230          16          20
8240          17          17
8250          17          19
8260          18          18
8270          17          19
8280          17          17
8290          19          21
8300          17          19
8310          17          19
8320          16          18
8330          17          21
8340          17          21
8350          19          21
8360          19          21
8370          19          21
8380          15          19
8390          14          20
8400          18          18
8410          16          16
8420          19          19
8430          17          19
8440          17          23
8450          17          19
8460          14          26
8470          18          20
8480          18          18
8490          14          14
8500          18          20
8510          16          20
8520          19          19
8530          17          19
8540          17          19
8550          16          18
8560          17          19
8570          17          17
8580          17          19
8590          14          18
8600          17          19
8610          15          17
8620          14          16
8630          16          20
8640          16          18
8650          16          18
8660          15          17
8670          17          17
8680          15          19
8690          15          19
8700          16          20
8710          14          18
8720          16          16
8730          15          17
8740          15          15
8750          17          17
8760          17          17
8770          16          16
8780          17          17
8790          16          18
8800          18          20
8810          19          19
8820          18          18
8830          16          16
8840          16          18
8850          17          19
8860          17          21
8870          17          19
8880          17          17
8890          15          17
8900          16          16
8910          15          19
8920          17          17
8930          16          16
8940          16          16
8950          13          17
8960          16          18
8970          15          17
8980          19          19
8990          14          14
9000          14          16
9010          17          17
9020          15          17
9030          12          16
9040          13          17
9050          15          17
9060          13          17
9070          14          16
9080          15          15
9090          15          19
9100          16          16
9110          15          19
9120          14          20
9130          15          19
9140          16          20
9150          16          18
9160          12          18
9170          14          16
9180          14          16
9190          13          17
9200          13          15
9210          15          17
9220          15          15
9230          12          18
9240          11          17
9250          10          20
9260          11          15
9270          15          15
9280          13          15
9290          12          14
9300          12          16
9310          10          16
9320          13          17
9330          13          15
9340          14          16
9350          14          16
9360          13          13
9370          14          16
9380          13          17
9390          14          14
9400          14          16
9410          12          16
9420          13          15
9430          11          17
9440          15          17
9450          13          13
9460          14          14
9470          13          15
9480          14          16
9490          12          14
9500          13          15
9510          12          12
9520          10          16
9530          13          15
9540          13          13
9550          13          13
9560          14          16
9570          12          14
9580          13          13
9590          14          16
9600          14          14
9610          14          14
9620          15          15
9630          11          15
9640          14          16
9650          13          17
9660          13          15
9670          14          18
9680          13          13
9690          14          14
9700          15          15
9710          14          16
9720          12          16
9730          14          16
9740          14          16
9750          12          16
9760          15          15
9770          16          16
9780          14          20
9790          15          15
9800          15          17
9810          14          20
9820          15          19
9830          18          18
9840          16          20
9850          14          20
9860          15          21
9870          15          19
9880          15          17
9890          14          20
9900          15          19
9910          14          20
9920          14          16
9930          14          16
9940          13          21
9950          11          11
9960          12          14
9970          12          14
9980          11          15
9990          14          14
10000          11          17
