Time   Number   
ps   
0          34          48
10          39          49
20          36          52
30          38          52
40          39          51
50          41          51
60          41          49
70          38          50
80          36          46
90          40          46
100          40          58
110          38          50
120          35          45
130          36          50
140          36          42
150          37          49
160          35          47
170          40          52
180          34          50
190          37          53
200          37          51
210          38          44
220          35          51
230          38          48
240          38          52
250          39          49
260          35          47
270          40          50
280          39          55
290          35          53
300          41          61
310          42          52
320          39          47
330          37          57
340          38          50
350          36          52
360          39          47
370          40          48
380          37          53
390          37          51
400          37          49
410          38          50
420          40          52
430          40          50
440          39          43
450          38          46
460          36          46
470          37          45
480          42          54
490          37          43
500          37          47
510          39          41
520          42          50
530          39          47
540          36          48
550          39          53
560          37          47
570          39          55
580          38          52
590          38          50
600          38          52
610          37          51
620          41          51
630          40          50
640          37          41
650          34          44
660          41          45
670          39          47
680          36          40
690          38          40
700          39          47
710          35          49
720          36          42
730          42          44
740          38          50
750          39          53
760          37          45
770          37          57
780          37          49
790          40          54
800          37          49
810          36          56
820          41          53
830          37          45
840          39          53
850          39          49
860          35          47
870          38          44
880          36          50
890          35          39
900          38          54
910          43          53
920          37          47
930          41          45
940          36          48
950          43          51
960          41          55
970          43          53
980          39          47
990          38          50
1000          39          51
1010          38          58
1020          41          45
1030          39          49
1040          38          52
1050          40          46
1060          44          48
1070          39          49
1080          45          47
1090          41          51
1100          39          49
1110          40          52
1120          38          50
1130          42          56
1140          39          51
1150          39          55
1160          41          55
1170          44          50
1180          45          53
1190          43          53
1200          41          57
1210          39          55
1220          38          54
1230          41          53
1240          41          55
1250          38          50
1260          41          57
1270          42          56
1280          41          45
1290          40          54
1300          41          47
1310          47          53
1320          40          50
1330          41          53
1340          40          56
1350          42          52
1360          40          50
1370          42          48
1380          40          50
1390          42          52
1400          40          48
1410          41          51
1420          39          47
1430          40          54
1440          42          52
1450          41          47
1460          42          56
1470          41          53
1480          38          54
1490          43          45
1500          37          51
1510          42          50
1520          43          57
1530          40          58
1540          37          53
1550          42          56
1560          37          57
1570          44          52
1580          41          53
1590          42          54
1600          45          59
1610          39          51
1620          46          54
1630          42          54
1640          45          61
1650          44          52
1660          43          57
1670          41          49
1680          43          63
1690          43          57
1700          37          53
1710          39          53
1720          44          58
1730          42          56
1740          47          53
1750          41          49
1760          44          52
1770          42          56
1780          43          47
1790          42          58
1800          40          56
1810          40          54
1820          46          54
1830          41          51
1840          41          59
1850          41          49
1860          41          53
1870          39          55
1880          41          55
1890          39          53
1900          40          52
1910          43          53
1920          43          59
1930          40          58
1940          41          53
1950          42          56
1960          43          57
1970          42          60
1980          44          64
1990          37          53
2000          41          53
2010          38          50
2020          42          48
2030          39          53
2040          43          65
2050          40          62
2060          41          59
2070          42          66
2080          41          61
2090          42          58
2100          45          61
2110          46          58
2120          42          60
2130          37          59
2140          40          54
2150          44          50
2160          44          58
2170          43          55
2180          39          55
2190          35          53
2200          41          61
2210          45          55
2220          37          57
2230          44          64
2240          40          50
2250          40          70
2260          43          55
2270          39          49
2280          38          50
2290          39          51
2300          41          59
2310          41          55
2320          41          57
2330          42          60
2340          43          53
2350          39          53
2360          42          50
2370          41          51
2380          42          54
2390          45          57
2400          43          55
2410          43          55
2420          39          55
2430          39          53
2440          42          54
2450          42          56
2460          41          59
2470          40          54
2480          40          56
2490          42          58
2500          40          52
2510          40          56
2520          41          51
2530          43          49
2540          41          51
2550          40          58
2560          45          61
2570          45          51
2580          41          53
2590          43          55
2600          42          50
2610          42          58
2620          41          63
2630          44          52
2640          42          52
2650          46          54
2660          44          48
2670          42          52
2680          47          53
2690          43          55
2700          41          55
2710          36          50
2720          43          53
2730          44          54
2740          40          52
2750          40          50
2760          43          53
2770          43          57
2780          42          50
2790          42          50
2800          41          51
2810          40          50
2820          38          56
2830          39          49
2840          38          54
2850          39          55
2860          38          46
2870          44          54
2880          44          48
2890          39          55
2900          38          54
2910          39          47
2920          38          50
2930          40          54
2940          40          54
2950          39          47
2960          42          52
2970          38          46
2980          42          52
2990          39          51
3000          40          48
3010          41          55
3020          39          49
3030          34          44
3040          42          54
3050          41          49
3060          40          54
3070          44          52
3080          38          50
3090          44          54
3100          42          52
3110          39          43
3120          41          49
3130          38          50
3140          41          49
3150          37          49
3160          38          52
3170          42          54
3180          39          45
3190          37          67
3200          43          51
3210          42          50
3220          40          54
3230          41          49
3240          45          55
3250          40          52
3260          41          51
3270          39          51
3280          38          44
3290          36          50
3300          40          48
3310          41          59
3320          41          57
3330          38          54
3340          40          58
3350          43          57
3360          43          57
3370          43          49
3380          41          51
3390          43          55
3400          41          51
3410          41          57
3420          40          50
3430          40          60
3440          43          61
3450          44          58
3460          39          53
3470          38          54
3480          42          56
3490          34          46
3500          41          47
3510          44          50
3520          33          43
3530          43          53
3540          40          52
3550          41          61
3560          39          53
3570          44          54
3580          44          56
3590          34          42
3600          42          52
3610          39          49
3620          41          49
3630          39          51
3640          42          56
3650          44          48
3660          43          55
3670          45          59
3680          45          55
3690          44          50
3700          42          56
3710          44          46
3720          39          55
3730          42          56
3740          42          50
3750          45          61
3760          44          52
3770          41          51
3780          44          50
3790          42          52
3800          45          57
3810          46          58
3820          49          61
3830          42          52
3840          44          62
3850          47          55
3860          44          60
3870          39          59
3880          44          60
3890          39          57
3900          41          55
3910          43          53
3920          38          54
3930          41          57
3940          40          56
3950          44          54
3960          42          52
3970          42          58
3980          39          55
3990          40          50
4000          41          53
4010          37          47
4020          40          52
4030          38          54
4040          39          49
4050          40          60
4060          43          61
4070          45          57
4080          36          62
4090          36          54
4100          37          57
4110          38          48
4120          43          53
4130          41          55
4140          43          55
4150          44          56
4160          42          56
4170          44          52
4180          39          49
4190          38          52
4200          40          48
4210          42          58
4220          39          57
4230          45          57
4240          45          55
4250          39          49
4260          39          49
4270          37          55
4280          39          49
4290          38          60
4300          40          64
4310          41          47
4320          40          56
4330          39          57
4340          37          49
4350          42          56
4360          37          55
4370          43          49
4380          37          47
4390          37          47
4400          38          44
4410          37          49
4420          38          42
4430          42          50
4440          39          53
4450          42          48
4460          40          54
4470          41          47
4480          34          52
4490          39          51
4500          35          49
4510          39          49
4520          36          46
4530          40          52
4540          37          47
4550          39          53
4560          37          45
4570          37          57
4580          40          48
4590          34          46
4600          37          47
4610          36          52
4620          38          44
4630          38          48
4640          38          50
4650          34          56
4660          40          50
4670          41          51
4680          42          50
4690          38          48
4700          44          56
4710          37          41
4720          38          42
4730          41          47
4740          42          54
4750          36          46
4760          40          52
4770          38          52
4780          43          49
4790          41          47
4800          38          48
4810          42          54
4820          43          45
4830          39          49
4840          41          53
4850          39          45
4860          41          47
4870          42          52
4880          43          51
4890          43          53
4900          40          54
4910          42          50
4920          39          51
4930          37          51
4940          37          39
4950          40          50
4960          37          47
4970          35          45
4980          41          53
4990          44          60
5000          44          54
5010          39          55
5020          35          49
5030          40          48
5040          37          55
5050          37          43
5060          43          57
5070          37          53
5080          41          51
5090          36          56
5100          39          51
5110          37          49
5120          36          42
5130          40          50
5140          39          61
5150          42          54
5160          41          51
5170          40          46
5180          40          56
5190          40          52
5200          35          49
5210          41          51
5220          41          53
5230          41          51
5240          38          52
5250          42          54
5260          41          55
5270          43          55
5280          41          53
5290          40          48
5300          36          50
5310          41          49
5320          38          52
5330          41          55
5340          35          51
5350          43          55
5360          45          53
5370          40          48
5380          40          54
5390          40          56
5400          38          54
5410          40          54
5420          39          43
5430          41          51
5440          39          53
5450          39          51
5460          42          56
5470          35          45
5480          33          45
5490          41          49
5500          38          50
5510          39          51
5520          35          49
5530          38          50
5540          36          50
5550          35          51
5560          37          47
5570          39          51
5580          41          47
5590          40          54
5600          38          46
5610          40          52
5620          36          52
5630          34          44
5640          38          44
5650          34          46
5660          35          49
5670          35          49
5680          43          55
5690          34          50
5700          37          49
5710          34          48
5720          38          46
5730          36          48
5740          35          57
5750          35          51
5760          36          50
5770          35          43
5780          35          45
5790          39          55
5800          47          61
5810          40          58
5820          38          48
5830          35          47
5840          34          44
5850          40          52
5860          42          52
5870          38          46
5880          35          49
5890          35          53
5900          39          57
5910          38          44
5920          38          52
5930          37          47
5940          36          42
5950          36          50
5960          42          58
5970          38          46
5980          38          60
5990          39          49
6000          37          45
6010          39          59
6020          37          49
6030          41          45
6040          40          50
6050          38          50
6060          41          49
6070          38          52
6080          39          55
6090          36          46
6100          40          60
6110          39          51
6120          43          47
6130          42          52
6140          38          56
6150          38          50
6160          40          48
6170          36          66
6180          42          58
6190          40          60
6200          40          66
6210          42          60
6220          41          45
6230          40          60
6240          38          48
6250          42          60
6260          39          49
6270          42          56
6280          43          51
6290          39          55
6300          42          56
6310          42          50
6320          43          61
6330          39          55
6340          42          56
6350          40          50
6360          41          51
6370          45          49
6380          38          50
6390          41          63
6400          44          52
6410          41          45
6420          42          54
6430          38          46
6440          41          53
6450          46          50
6460          36          60
6470          46          54
6480          39          53
6490          39          55
6500          45          53
6510          41          53
6520          42          50
6530          41          59
6540          42          52
6550          45          57
6560          42          54
6570          39          57
6580          41          53
6590          37          45
6600          41          49
6610          41          55
6620          45          53
6630          39          51
6640          43          53
6650          40          60
6660          38          56
6670          39          49
6680          39          55
6690          42          54
6700          40          54
6710          41          47
6720          38          56
6730          42          54
6740          39          53
6750          38          46
6760          50          58
6770          35          53
6780          41          57
6790          37          53
6800          42          56
6810          41          55
6820          37          57
6830          43          59
6840          42          54
6850          40          56
6860          45          55
6870          41          51
6880          41          55
6890          40          60
6900          43          57
6910          43          63
6920          44          54
6930          42          54
6940          42          58
6950          43          55
6960          36          58
6970          38          46
6980          39          47
6990          40          48
7000          43          59
7010          43          51
7020          44          56
7030          45          57
7040          41          53
7050          46          52
7060          43          65
7070          44          52
7080          41          51
7090          40          56
7100          40          56
7110          41          61
7120          44          62
7130          45          57
7140          44          60
7150          43          61
7160          47          57
7170          42          54
7180          37          63
7190          46          60
7200          44          52
7210          41          63
7220          38          50
7230          38          50
7240          42          50
7250          42          48
7260          43          55
7270          44          54
7280          42          50
7290          41          55
7300          45          53
7310          42          56
7320          41          49
7330          43          49
7340          47          61
7350          42          54
7360          47          57
7370          46          50
7380          42          52
7390          42          54
7400          40          58
7410          37          57
7420          43          55
7430          39          51
7440          40          50
7450          38          48
7460          44          56
7470          46          58
7480          42          52
7490          49          55
7500          41          57
7510          49          63
7520          46          62
7530          44          58
7540          44          56
7550          40          52
7560          40          52
7570          42          64
7580          43          55
7590          44          62
7600          41          57
7610          38          50
7620          46          52
7630          44          58
7640          43          55
7650          43          59
7660          44          58
7670          45          53
7680          44          50
7690          44          62
7700          45          53
7710          44          58
7720          43          59
7730          43          57
7740          43          59
7750          44          56
7760          44          54
7770          48          62
7780          43          51
7790          43          67
7800          44          64
7810          40          54
7820          46          62
7830          46          60
7840          43          59
7850          45          57
7860          41          51
7870          40          56
7880          43          59
7890          47          53
7900          48          64
7910          47          59
7920          43          55
7930          45          57
7940          45          55
7950          42          60
7960          44          58
7970          45          55
7980          45          59
7990          45          51
8000          46          56
8010          42          56
8020          42          56
8030          45          61
8040          48          56
8050          48          62
8060          42          60
8070          44          60
8080          45          57
8090          44          50
8100          44          54
8110          41          53
8120          37          53
8130          40          48
8140          42          58
8150          43          63
8160          40          60
8170          40          54
8180          41          67
8190          40          44
8200          43          57
8210          39          59
8220          46          60
8230          39          57
8240          43          63
8250          39          53
8260          43          55
8270          45          59
8280          41          51
8290          43          47
8300          41          57
8310          41          47
8320          42          50
8330          40          56
8340          43          49
8350          41          53
8360          38          54
8370          41          49
8380          44          50
8390          42          56
8400          40          52
8410          41          53
8420          41          55
8430          34          52
8440          42          52
8450          37          59
8460          44          56
8470          43          51
8480          41          53
8490          43          55
8500          37          53
8510          39          45
8520          37          59
8530          41          53
8540          37          49
8550          44          60
8560          38          50
8570          44          54
8580          37          43
8590          42          54
8600          42          52
8610          39          51
8620          41          53
8630          43          53
8640          40          50
8650          43          55
8660          37          57
8670          39          57
8680          42          48
8690          43          57
8700          42          64
8710          39          53
8720          37          49
8730          40          48
8740          45          51
8750          43          59
8760          39          49
8770          41          51
8780          37          47
8790          40          48
8800          43          55
8810          44          56
8820          36          48
8830          39          53
8840          44          54
8850          42          60
8860          40          48
8870          40          48
8880          44          56
8890          38          52
8900          41          53
8910          41          55
8920          42          48
8930          38          54
8940          45          57
8950          39          51
8960          38          48
8970          39          47
8980          43          59
8990          43          53
9000          40          54
9010          41          55
9020          43          57
9030          40          50
9040          39          55
9050          43          53
9060          41          55
9070          39          49
9080          41          57
9090          44          58
9100          41          51
9110          42          50
9120          44          56
9130          46          54
9140          43          57
9150          46          56
9160          46          56
9170          48          54
9180          45          63
9190          41          55
9200          44          58
9210          45          61
9220          41          59
9230          45          57
9240          38          52
9250          43          51
9260          44          60
9270          41          55
9280          37          45
9290          41          59
9300          44          56
9310          45          55
9320          38          56
9330          40          44
9340          43          55
9350          49          61
9360          47          57
9370          45          51
9380          42          46
9390          41          51
9400          46          50
9410          41          53
9420          45          57
9430          44          54
9440          41          59
9450          40          54
9460          46          54
9470          46          54
9480          47          57
9490          44          50
9500          49          57
9510          43          59
9520          43          61
9530          47          55
9540          43          51
9550          45          59
9560          44          60
9570          44          60
9580          48          56
9590          44          56
9600          44          58
9610          42          58
9620          43          53
9630          42          72
9640          47          59
9650          47          59
9660          46          58
9670          42          58
9680          42          52
9690          43          55
9700          40          50
9710          45          59
9720          44          54
9730          46          54
9740          39          55
9750          42          54
9760          44          54
9770          47          65
9780          43          59
9790          46          64
9800          47          63
9810          42          58
9820          45          57
9830          43          67
9840          45          59
9850          45          61
9860          51          59
9870          45          65
9880          46          60
9890          46          60
9900          42          58
9910          52          64
9920          43          63
9930          45          65
9940          47          59
9950          42          72
9960          40          66
9970          48          70
9980          48          60
9990          46          64
10000          45          63
