Time   C(t)   
ps   
0           1           1  4.51264e-10   0.0363192
10    0.641367    0.818539    0.517359   0.0194379
20    0.611243    0.803297    0.648806  0.00255654
30    0.590236    0.792668   -0.486229  0.00199664
40     0.57131    0.783091    0.288168  0.00166735
50    0.556889    0.775795   -0.204638  0.00138114
60    0.543687    0.769115     1.17375  0.00128848
70     0.53112    0.762756  -0.0175619  0.00114229
80    0.520841    0.757555    -0.47041  0.00101052
90    0.510909     0.75253     1.02126  0.00109168
100    0.499008    0.746508    0.888651  0.00107724
110    0.489365    0.741629    0.434456   0.0011755
120    0.475498    0.734612     1.22825  0.00101866
130    0.468991     0.73132     1.90708  0.000725362
140     0.46099    0.727272     1.03769  0.000867535
150    0.451641    0.722541    0.659755  0.000765449
160    0.445681    0.719526   -0.039081  0.00075596
170    0.436521    0.714891   -0.209655  0.000744364
180    0.430794    0.711993   -0.682528  0.000694086
190     0.42264    0.707867   -0.606802  0.000702743
200    0.416739    0.704882  -0.00179844  0.000579543
210    0.411049    0.702003    0.242953  0.000515595
220    0.406427    0.699664   -0.475723  0.000488648
230    0.401276    0.697058   0.0909645  0.000474624
240    0.396935    0.694861    0.128653  0.000481315
250     0.39165    0.692187    0.771067  0.00057023
260     0.38553    0.689091   -0.778077  0.000636888
270    0.378912    0.685742    0.789893  0.000385007
280     0.37783    0.685194   -0.836232  0.000421749
290    0.370477    0.681474    0.223021  0.000504957
300    0.367731    0.680085    0.316614  0.00026554
310    0.365166    0.678787    0.844654  0.000337657
320    0.360978    0.676668    0.542484  0.000400433
330    0.357157    0.674735    -1.12004  0.000418268
340    0.352612    0.672435     1.07135  0.000386927
350    0.349419    0.670819    0.579841  0.000404832
360    0.344516    0.668338  -0.00622596  0.000428388
370    0.340851    0.666484    0.654829  0.000440657
380    0.335703    0.663879     1.29704  0.000409184
390    0.332667    0.662343    0.560812  0.000239345
400    0.330916    0.661457     1.18296  0.00028172
410    0.327033    0.659492    0.899766  0.000327821
420    0.324359    0.658139    0.502859  0.000383788
430    0.319357    0.655608    -0.27115  0.000407378
440    0.316212    0.654017     1.27705  0.00032818
450    0.312794    0.652287     2.37278  0.000172135
460    0.312769    0.652275     1.31321  0.000310457
470    0.306585    0.649146    0.633975  0.000498448
480      0.3028    0.647231     1.25686  0.000250378
490    0.301577    0.646612     1.40771  0.000358467
500    0.295631    0.643603     0.99275  0.000374383
510    0.294089    0.642823     1.42605  0.00017931
520    0.292045    0.641789     1.67151  0.000314333
530    0.287803    0.639642    0.878413  0.000311045
540    0.285824    0.638641    0.971895  0.000294501
550    0.281913    0.636662     1.29261  0.000323939
560    0.279345    0.635363    0.481322  0.000444561
570    0.273021    0.632163     1.36876  0.000381462
580    0.271716    0.631503     1.57655  0.000320558
590     0.26661    0.628919    0.499446  0.000406311
600    0.263589    0.627391     1.02824  0.000191867
610    0.262773    0.626978     1.42454  0.000274014
620    0.258109    0.624618     2.42558  0.000521378
630    0.252345    0.621702    0.725151   0.0003336
640    0.251437    0.621242     0.66801  0.000248801
650    0.247369    0.619184      1.4812  0.000294047
660    0.245556    0.618267     1.04648  0.00017362
670    0.243897    0.617427     1.23461  0.000189623
680    0.241764    0.616348     1.10281  0.000156792
690    0.240761     0.61584    0.346351  0.000243399
700    0.236896    0.613885    0.706031  0.000337969
710    0.234002     0.61242    0.894619  0.000187503
720    0.233146    0.611987    0.837773  0.000174221
730    0.230517    0.610657     1.66907  0.000284801
740     0.22745    0.609105     1.55597  0.000275487
750    0.225008    0.607869    0.270993  0.000169568
760    0.224058    0.607389     1.10236  0.000213543
770    0.220737    0.605708    0.308608  0.000314657
780    0.217765    0.604205     1.08227  0.000291609
790    0.214904    0.602757     1.64949  0.000242698
800    0.212911    0.601749     1.38482  0.000126305
810    0.212378    0.601479     2.48027  0.000116734
820    0.210577    0.600568     1.66756  0.000150608
830    0.209366    0.599955     1.45972  0.000184876
840    0.206879    0.598697     1.85583  0.000205091
850    0.205264     0.59788    0.816845  0.00018563
860    0.203166    0.596818     2.02622  0.000120245
870     0.20286    0.596663     1.08109  7.45326e-05
880    0.201676    0.596064     2.79988  0.000150631
890    0.199847    0.595139     1.85622  0.000179086
900    0.198094    0.594252      2.5356  0.000113259
910    0.197582    0.593992     2.89473  4.32976e-05
920    0.197228    0.593813     1.68541  0.000254466
930    0.192492    0.591417     1.70453  0.000286985
940    0.191488    0.590909     2.68685  0.000191101
950     0.18867    0.589483     1.83675  0.000209538
960    0.187298    0.588789     2.15738  3.65242e-05
970     0.18794    0.589114     2.26992  7.91617e-05
980    0.185714    0.587988     2.38326  7.51153e-05
990    0.186438    0.588354     1.49586  3.49633e-05
1000    0.185015    0.587634     1.26883  9.17017e-05
1010    0.184604    0.587426     1.32528  5.33752e-05
1020    0.183948    0.587094     1.07961  0.000191679
1030     0.18077    0.585486    0.796377  0.000246903
1040     0.17901    0.584595     1.45747  3.36207e-05
1050    0.180098    0.585146     1.94825  3.29837e-06
1060    0.178944    0.584562     2.00507  0.000303306
1070    0.174031    0.582076     1.21161  0.000383423
1080    0.171275    0.580682     2.08082  0.000140936
1090    0.171213     0.58065     1.62707  5.13256e-05
1100    0.170249    0.580162     1.19208  0.000129268
1110    0.168627    0.579342    0.852263  0.000133656
1120    0.167575     0.57881      1.8909  0.000183333
1130    0.164961    0.577487     1.68334  0.000103358
1140    0.165508    0.577764    0.643484  4.40635e-05
1150    0.164079    0.577041    0.681449  0.000209036
1160    0.161328    0.575649     1.51247  0.000252741
1170    0.159025    0.574483     1.30489  0.000191361
1180      0.1575    0.573712     1.53124  9.66966e-05
1190    0.157091    0.573505     2.38129  -3.56644e-05
1200    0.158214    0.574073     1.20982  5.76928e-05
1210    0.155937    0.572921     1.79567  0.000180182
1220     0.15461     0.57225      3.8924  3.89889e-06
1230    0.155859    0.572881     1.79543  9.97588e-05
1240    0.152615     0.57124     2.58852  0.00011856
1250    0.153488    0.571682     1.92737  5.85586e-05
1260    0.151444    0.570647     2.09737  9.39928e-05
1270    0.151608    0.570731     1.19077  -2.89492e-05
1280    0.152023     0.57094     1.56766  0.000136283
1290    0.148882    0.569351     1.87056  9.6567e-05
1300    0.150091    0.569963    0.963299  -4.13537e-05
1310    0.149709     0.56977     1.69999  6.97613e-05
1320    0.148696    0.569257     1.15209  5.30399e-05
1330    0.148648    0.569233     1.66193  0.000145837
1340    0.145779    0.567781     1.79476  0.000226106
1350    0.144126    0.566945     1.68111  0.000161257
1360    0.142554     0.56615     2.07796  -9.48831e-06
1370    0.144316    0.567041     2.28506  -7.47912e-05
1380     0.14405    0.566906      2.3415  7.1004e-05
1390    0.142896    0.566323     2.02073  0.000230046
1400    0.139449    0.564578     1.81327  0.000202917
1410    0.138838    0.564269     2.60637  5.27099e-05
1420    0.138395    0.564045     2.53095  -1.10492e-05
1430    0.139059    0.564381      2.3042  0.000118925
1440    0.136016    0.562842     1.37879  0.000114784
1450    0.136763    0.563219     2.47357  0.000121599
1460    0.133584    0.561611      1.6618  0.000228497
1470    0.132193    0.560907     1.43479  6.01724e-05
1480    0.132381    0.561002     1.41626  2.4014e-05
1490    0.131713    0.560664     1.18908   7.971e-05
1500    0.130787    0.560196     1.22695  0.000144276
1510    0.128827    0.559204     1.64283  0.000131695
1520    0.128153    0.558863    0.886428  0.000183745
1530    0.125152    0.557345     1.43501  0.000168967
1540    0.124774    0.557153     1.90714  5.73397e-05
1550    0.124005    0.556764     2.58714  -1.59621e-05
1560    0.125093    0.557314     2.22753  -6.13451e-05
1570    0.125232    0.557385     2.28417  -3.99105e-05
1580    0.125891    0.557718     1.96323  0.000196344
1590    0.121305    0.555398     2.45458  0.000192156
1600    0.122048    0.555774     2.68126  -7.87139e-05
1610     0.12288    0.556195     2.41643  4.94584e-05
1620    0.121059    0.555273     1.20803  0.000106103
1630    0.120758    0.555121    0.923581  -4.83923e-05
1640    0.122027    0.555763     2.22772  -7.46559e-05
1650    0.122251    0.555876     2.54795  9.34158e-05
1660    0.120158    0.554818     1.54735  0.000181071
1670    0.118629    0.554044     1.41552  8.51639e-05
1680    0.118455    0.553956     1.60405  2.39488e-05
1690     0.11815    0.553802    0.848058  2.39842e-05
1700    0.117975    0.553713     1.30155  -2.34693e-08
1710    0.118151    0.553802     1.09351  0.000198099
1720    0.114013    0.551708    0.300786  6.81885e-05
1730    0.116787    0.553112      1.7353  -3.93219e-05
1740      0.1148    0.552106     1.20687  4.86694e-05
1750    0.115814    0.552619    0.885543  3.56935e-05
1760    0.114086    0.551745   -0.361044  0.000104348
1770    0.113727    0.551564  -0.0777563  6.02901e-05
1780     0.11288    0.551135    0.999013  2.04146e-05
1790    0.113319    0.551357    0.885395  3.61297e-05
1800    0.112157    0.550769    0.375794  -3.5128e-05
1810    0.114021    0.551712     1.41421  -1.05139e-05
1820    0.112368    0.550876     1.81082  0.000196791
1830    0.110085    0.549721     2.13217  6.98734e-05
1840     0.11097    0.550169     1.39537  7.0221e-05
1850    0.108681     0.54901    0.847651  -1.93369e-05
1860    0.111357    0.550364     1.24354  -9.08654e-05
1870    0.110498     0.54993     2.31991  0.000256669
1880    0.106224    0.547767     1.75357  0.000196426
1890     0.10657    0.547942     2.22569  -3.1393e-06
1900    0.106286    0.547799     1.03563  0.000141054
1910    0.103749    0.546515     1.80994  0.000114178
1920    0.104003    0.546643     1.30059  -5.10067e-06
1930    0.103851    0.546566     1.35639  8.31082e-05
1940    0.102341    0.545802    0.770892  0.000105867
1950    0.101733    0.545495    0.733093  -9.4533e-06
1960     0.10253    0.545898      1.2615  7.68472e-05
1970    0.100196    0.544717    0.544431  0.000106374
1980    0.100402    0.544822     1.07286  -1.15033e-05
1990    0.100426    0.544834     1.52585  4.08765e-05
2000   0.0995847    0.544408     1.11027  0.00015499
2010   0.0973265    0.543265     1.16712  0.00013474
2020   0.0968899    0.543044    0.354367  2.31065e-05
2030   0.0968644    0.543031    0.467856  3.00512e-05
2040   0.0962889     0.54274     0.93999  0.000126406
2050   0.0943363    0.541752     1.50657  3.70894e-05
2060   0.0955471    0.542365     1.16601  1.44072e-05
2070   0.0940481    0.541606     1.07138  0.000129351
2080   0.0929601    0.541056      1.3364  0.00010205
2090   0.0920071    0.540574     1.24198  5.1567e-05
2100   0.0919288    0.540534    0.958244  9.3345e-05
2110   0.0901402    0.539629    0.543047  8.65187e-05
2120   0.0901984    0.539659    0.486331  -7.29773e-05
2130   0.0915998    0.540368       1.846  1.73636e-05
2140   0.0898511    0.539483    0.599303  0.00010079
2150    0.089584    0.539348    0.750443  0.000138368
2160   0.0870838    0.538083    0.202968  3.61532e-05
2170   0.0888609    0.538982     1.73273  -5.90533e-05
2180   0.0882648     0.53868     1.10916  0.000104029
2190   0.0867803    0.537929     1.31733  0.000155661
2200   0.0851516    0.537105    0.977199  2.26531e-05
2210   0.0863272      0.5377     0.76936  -0.000162223
2220   0.0883961    0.538747    0.787467  2.50913e-05
2230   0.0858254    0.537446     0.27792  9.53473e-05
2240   0.0864891    0.537782    0.655558  8.8745e-05
2250   0.0840505    0.536548     1.95894  3.46337e-05
2260   0.0857964    0.537431    0.371864  -1.68987e-05
2270   0.0843885    0.536719     1.14641  0.000115056
2280   0.0834953    0.536267     1.24065  0.000153264
2290   0.0813232    0.535168     1.25982  9.90935e-05
2300   0.0815135    0.535264     1.31671  -1.66569e-05
2310   0.0816563    0.535336     2.27993  0.000120975
2320    0.079094     0.53404     1.80781  0.000144894
2330   0.0787585     0.53387     1.37344  -5.2103e-05
2340    0.080136    0.534567    0.919504  2.41138e-05
2350   0.0782762    0.533626     1.65669  4.30856e-05
2360   0.0792743    0.534131    0.674513  -7.13106e-05
2370   0.0797024    0.534348    0.956824  -9.35346e-06
2380   0.0794614    0.534226    0.900586  9.83573e-05
2390   0.0777352    0.533352     1.03261  0.000144076
2400   0.0765799    0.532768     1.46744  2.44379e-05
2410   0.0772465    0.533105     2.05305  -4.02819e-05
2420   0.0773855    0.533176     1.07035  -1.87717e-05
2430   0.0776219    0.533295     1.82557  0.000101732
2440   0.0753508    0.532146     1.76937  -1.16207e-05
2450   0.0778543    0.533413     1.20189  9.50355e-05
2460   0.0734501    0.531184     1.84506  0.00018682
2470   0.0741179    0.531522     1.16459  4.2202e-05
2480   0.0726061    0.530757    0.616597  -1.36472e-05
2490   0.0743909     0.53166    0.125212  1.32702e-05
2500   0.0723407    0.530623     2.37336  0.000163913
2510   0.0711126    0.530002     1.92047  2.55097e-05
2520   0.0718305    0.530365     1.90122  5.01301e-05
2530     0.07011    0.529494     1.78742  -8.57003e-06
2540   0.0720019    0.530452     2.08939  0.000224162
2550   0.0656268    0.527226      2.0521  0.000270741
2560   0.0665871    0.527712     1.99537  -8.63124e-05
2570    0.067353    0.528099     1.08831  0.000183739
2580   0.0629123    0.525852    0.880931  0.000316736
2590   0.0610183    0.524894     1.01337  9.60426e-05
2600   0.0609914     0.52488    0.729459  8.65834e-05
2610   0.0592866    0.524018    0.710411  5.45887e-05
2620   0.0598997    0.524328     1.05018  -4.90228e-05
2630   0.0602671    0.524514     1.50384  2.51621e-05
2640   0.0593964    0.524073    0.974136  7.72418e-05
2650   0.0587223    0.523732    0.748229  9.72854e-05
2660   0.0574507    0.523089     1.39011  6.76939e-05
2670   0.0573684    0.523047     1.57908  2.31596e-05
2680   0.0569875    0.522855    0.955219  0.00010046
2690   0.0553592    0.522031    0.860998   0.0001581
2700   0.0538255    0.521255     1.06891  0.000113536
2710   0.0530885    0.520882     1.52239  9.88757e-05
2720    0.051848    0.520254     2.84387  6.65514e-05
2730   0.0517574    0.520208     1.65463  -7.13224e-05
2740   0.0532745    0.520976     1.46462  -6.89309e-05
2750    0.053136    0.520906     2.63579  5.16614e-05
2760   0.0522412    0.520453     2.20151  9.71617e-05
2770   0.0511928    0.519923     1.71046  0.000135276
2780   0.0495357    0.519084     2.05074  6.9838e-05
2790   0.0497961    0.519216     1.84222  1.70222e-05
2800   0.0491953    0.518912     1.59653  6.01253e-05
2810   0.0485935    0.518607     1.99341  9.58307e-05
2820   0.0472787    0.517942     1.46454  2.48618e-05
2830   0.0480963    0.518356     1.69112  8.10938e-05
2840   0.0456568    0.517121     1.63468  4.28263e-05
2850   0.0472398    0.517922      2.0309  -2.74479e-06
2860   0.0457117    0.517149     2.35258  0.000101892
2870    0.045202    0.516891     1.78517  -0.000128196
2880   0.0482756    0.518447    0.217053  -5.90652e-05
2890   0.0463833    0.517489    0.859393  0.000202328
2900    0.044229    0.516399    0.293204  0.000118013
2910    0.044023    0.516295    0.689557  9.01055e-05
2920   0.0424269    0.515487    0.330744  0.000234676
2930   0.0393295     0.51392     1.55932  7.77896e-05
2940   0.0408711      0.5147    0.992003  -8.71841e-05
2950   0.0410732    0.514802     0.33056  8.33437e-05
2960   0.0392043    0.513857    0.840881  8.34381e-05
2970   0.0394044    0.513958   -0.331104  6.57208e-05
2980   0.0378898    0.513192     0.91611  0.000198376
2990   0.0354369     0.51195    0.444436  0.000125911
3000   0.0353716    0.511917   0.0661156  -7.95271e-05
3010   0.0370274    0.512755    0.292614  8.48811e-05
3020    0.033674    0.511058    0.500563  0.000118778
3030   0.0346519    0.511553    0.651389  4.60953e-05
3040   0.0327521    0.510592    0.519481  5.91122e-05
3050   0.0334696    0.510955      0.5568  -4.55828e-05
3060   0.0336638    0.511053    0.632527  4.21144e-06
3070   0.0333854    0.510912    0.197895  9.63725e-05
3080   0.0317363    0.510078    0.859319  6.22692e-05
3090     0.03214    0.510282    0.726377  8.11056e-05
3100   0.0301142    0.509257     0.34885  0.000168484
3110   0.0287703    0.508577     1.29351  6.56914e-05
3120   0.0288004    0.508592    0.915501  8.98464e-05
3130   0.0269734    0.507668      0.9533  0.00014579
3140   0.0258846    0.507117    0.726415  -2.75066e-06
3150   0.0270284    0.507696     1.17969  1.8689e-05
3160   0.0255108    0.506928    0.783297  0.000106645
3170   0.0248955    0.506617    0.896528  6.15566e-05
3180   0.0242797    0.506305     1.70859  -4.80096e-05
3190   0.0258557    0.507102     1.34958  6.20042e-05
3200   0.0230396    0.505678     2.02959  2.69351e-05
3210    0.025317     0.50683     1.33062  -1.29816e-05
3220   0.0232992    0.505809    0.839424  -2.4096e-05
3230   0.0257989    0.507074    0.914506  -1.5744e-05
3240   0.0236141    0.505968      1.5765  0.00015939
3250   0.0226111    0.505461     1.23598  6.53085e-05
3260   0.0223079    0.505307     1.16011  -4.83571e-06
3270   0.0227079     0.50551      2.4635  9.82396e-05
3280   0.0203431    0.504313     1.23574  0.000196114
3290   0.0187856    0.503525     0.76331  7.97685e-05
3300   0.0187478    0.503506      1.6512  8.01455e-05
3310   0.0171827    0.502714     2.02924  0.000194895
3320   0.0148499    0.501534     2.08621  0.000280138
3330   0.0115799    0.499879     1.70887  -5.0289e-05
3340   0.0158556    0.502043     1.87777  -0.000145828
3350   0.0144965    0.501355     1.42459  9.76388e-05
3360   0.0139029    0.501055     1.00861  0.000119997
3370   0.0120965    0.500141     1.17917  9.27443e-05
3380    0.012048    0.500116     2.02845   2.144e-06
3390   0.0120536    0.500119     1.40526  0.00018444
3400  0.00835918     0.49825     2.29339  6.0246e-05
3410   0.0108487    0.499509     1.36737  5.81198e-05
3420  0.00719678    0.497661     2.14223  7.1711e-05
3430  0.00941449    0.498784      2.0854  -2.48353e-05
3440  0.00769348    0.497913     2.16063  0.000214073
3450  0.00513303    0.496617     1.32954  0.000147769
3460  0.00473811    0.496417      1.7829  7.86053e-05
3470  0.00356093    0.495822     1.95289  8.89688e-06
3480  0.00456017    0.496327     1.76372  5.11106e-05
3490  0.00253872    0.495305     2.33084  -1.0708e-05
3500  0.00477433    0.496436      3.1994  -0.000159272
3510  0.00572416    0.496916     2.42489  -4.7291e-05
3520  0.00572015    0.496914     2.46251  4.82628e-05
3530   0.0047589    0.496428     1.95265  3.98489e-05
3540  0.00492317    0.496511     2.46284  -1.082e-05
3550   0.0049753    0.496537     2.46276  -9.2921e-05
3560  0.00678159    0.497451     2.70772  1.46544e-05
3570  0.00468221    0.496389     2.10375  5.41234e-05
3580  0.00569912    0.496904     1.97101  -1.36884e-05
3590  0.00495598    0.496528     2.14125  6.87454e-05
3600  0.00432422    0.496208     3.00998  6.89603e-05
3610  0.00357677     0.49583     2.36779  4.05557e-05
3620   0.0035131    0.495798     2.14074  4.6484e-05
3630  0.00264709    0.495359     1.76317  0.000115388
3640  0.00120533     0.49463     1.80139  2.09331e-05
3650  0.00222843    0.495148     1.87592  -9.95737e-05
3660  0.00319681    0.495638     2.49942  2.10539e-05
3670  0.00180735    0.494934     2.36727  0.000240166
3680  -0.0016065    0.493207     3.04785  9.05649e-05
3690  -3.94631e-06    0.494018     3.17965  5.65265e-05
3700  -0.00273703    0.492635      2.9346  0.000180968
3710  -0.0036233    0.492187     3.06633  5.97366e-05
3720  -0.00393176    0.492031     3.02858  2.51033e-05
3730  -0.00412537    0.491933     2.82071  2.81219e-05
3740  -0.0044942    0.491746       3.935  -9.13984e-05
3750  -0.0022974    0.492858     2.95238  -9.72943e-05
3760  -0.00254832    0.492731     3.38658  5.14169e-05
3770  -0.00332574    0.492337     3.17891  0.00010719
3780  -0.00469211    0.491646      3.5189  0.000130985
3790  -0.00594544    0.491012     3.14098  1.38121e-05
3800  -0.00496835    0.491506     3.34866  -2.42345e-05
3810  -0.00546075    0.491257     3.32981  0.000176147
3820  -0.00849129    0.489724     3.33009  0.000173549
3830  -0.00893174    0.489501     3.21643  2.69176e-06
3840  -0.00854512    0.489696     3.38651  5.01594e-05
3850  -0.00993493    0.488993     3.57552  3.23715e-05
3860  -0.00919255    0.489369     3.72618  -7.43792e-05
3870  -0.00844735    0.489746     3.32963  0.000127908
3880  -0.0117507    0.488074     3.76411  0.000101167
3890  -0.0104707    0.488722     3.89657  -2.65964e-05
3900  -0.0112188    0.488344     4.12291  -4.78682e-05
3910  -0.00951332    0.489206     3.70708  5.4091e-05
3920  -0.0123006    0.487796     3.53726  0.000168092
3930  -0.0128752    0.487505     2.68725  0.000126733
3940  -0.0148353    0.486514     2.53598  7.87496e-05
3950  -0.0144502    0.486709     3.06487  3.69599e-05
3960  -0.0155744     0.48614     3.72596  0.000121676
3970  -0.0168837    0.485477     3.46163  9.17282e-05
3980   -0.017409    0.485211     2.49831  -0.000141475
3990  -0.0140542    0.486909     3.25338  -0.000102098
4000  -0.0153671    0.486245     2.93217  0.000104109
4010  -0.0161364    0.485855     3.57455  9.23378e-05
4020  -0.0172138     0.48531     2.72429  6.51436e-05
4030  -0.0174392    0.485196     3.38557  -4.96237e-06
4040  -0.0171146     0.48536     3.40456  -2.02322e-05
4050  -0.0170346    0.485401     3.17799  -2.03294e-05
4060   -0.016708    0.485566     3.51759  -0.0002079
4070  -0.0128766    0.487505     3.47979  -7.89586e-05
4080  -0.0151288    0.486365     2.91321  0.000139275
4090  -0.0156621    0.486095     2.81827  4.41163e-05
4100  -0.0160111    0.485919     3.91403  8.75757e-05
4110  -0.0174136    0.485209     3.25316  0.000100174
4120  -0.0180146    0.484905     3.19661  -9.50325e-05
4130   -0.015513    0.486171     4.27298  -9.82102e-05
4140  -0.0160504    0.485899     3.42272  0.000144238
4150  -0.0183977    0.484711      3.6495  0.000191384
4160  -0.0198781    0.483962     3.19635  0.000282809
4170  -0.0240539    0.481849      3.1401  0.000177089
4180  -0.0234199     0.48217     2.91308  4.00345e-05
4190  -0.0248546    0.481444     2.47853  2.27652e-06
4200  -0.0234654    0.482147     3.46067  4.02966e-05
4210  -0.0256605    0.481036     3.12109  1.49223e-05
4220  -0.0237639    0.481996     3.17714  5.00622e-05
4230  -0.0266618     0.48053     2.95068  0.000113109
4240  -0.0260261    0.480851     1.96784  7.89705e-05
4250  -0.0282412    0.479731     2.62945  0.000167907
4260  -0.0293842    0.479152      2.4593  7.94976e-05
4270  -0.0298311    0.478926     2.62952  -5.40144e-05
4280  -0.0283039    0.479699     1.87362  -4.12391e-05
4290  -0.0290063    0.479343      2.4777  5.75543e-05
4300   -0.029455    0.479116     2.74196  6.09647e-05
4310  -0.0302256    0.478726     2.53439  5.4733e-05
4320  -0.0305496    0.478563     2.77987  0.000135347
4330  -0.0329326    0.477357     3.34653  0.000106662
4340  -0.0326829    0.477483     2.55355  -2.44435e-06
4350  -0.0328837    0.477382     3.10147  3.98755e-06
4360  -0.0327626    0.477443     2.68539  -7.68824e-05
4370   -0.031346     0.47816     2.51544  -6.73525e-05
4380  -0.0314156    0.478124      2.9309  -6.12327e-05
4390  -0.0301214    0.478779     2.96858  5.26303e-05
4400  -0.0324682    0.477592     3.80005  4.26732e-05
4410  -0.0309748    0.478347     3.44066  -6.78854e-05
4420  -0.0311105    0.478279     2.76052  -3.55669e-05
4430  -0.0302635    0.478707      3.6861  3.32551e-05
4440  -0.0317756    0.477942     2.74185  5.29336e-05
4450  -0.0313222    0.478172      3.1948  7.20639e-06
4460  -0.0319197    0.477869     2.49577  0.000188422
4470  -0.0350906    0.476265     3.17598  0.000169035
4480  -0.0353004    0.476159     3.44055  8.72223e-05
4490  -0.0368351    0.475382     2.79829  0.000137126
4500  -0.0380429    0.474771     2.79814  4.80037e-05
4510  -0.0377951    0.474896     2.40136  -4.81214e-05
4520  -0.0370805    0.475258     2.72249  -4.8257e-05
4530    -0.03683    0.475385     2.30679  6.50376e-05
4540  -0.0383813      0.4746     2.49589  0.000135311
4550  -0.0395362    0.474015     2.59023  3.53077e-05
4560  -0.0390874    0.474243     2.55222  6.9193e-05
4570  -0.0409201    0.473315     2.43883  1.8801e-05
4580  -0.0394634    0.474052     2.94889  -2.12688e-05
4590  -0.0404947    0.473531     2.06071  7.63081e-05
4600  -0.0409896     0.47328     2.60824  -0.000149963
4610  -0.0374955    0.475048     2.21168  -7.22086e-05
4620  -0.0395454    0.474011     2.41919  0.000242728
4630    -0.04235    0.472592     3.11849  -1.83092e-05
4640  -0.0391792    0.474196     2.64589  9.39164e-06
4650  -0.0425378    0.472497     2.00396  0.000193146
4660  -0.0430421    0.472242     2.89193  2.31685e-05
4670  -0.0430012    0.472262     2.34341  0.000102112
4680  -0.0450844    0.471208     2.43813  -6.58829e-05
4690  -0.0416836    0.472929     2.28699  6.85303e-05
4700   -0.046455    0.470515      2.1362  0.000136872
4710   -0.044421    0.471544     2.83441  -6.91105e-05
4720  -0.0450728    0.471214     3.32573  9.95994e-06
4730  -0.0446202    0.471443     3.06107  -9.73325e-05
4740  -0.0431261    0.472199     2.72092  -2.81719e-05
4750  -0.0440568    0.471728     3.00432  1.6707e-05
4760  -0.0434603     0.47203     3.19287  -1.79203e-05
4770  -0.0436984     0.47191     3.47623  -1.8047e-05
4780  -0.0430993    0.472213     2.66416  0.000107908
4790  -0.0458565    0.470818     3.15525  0.000104486
4800  -0.0451891    0.471155     3.02344  -6.33677e-05
4810  -0.0445892    0.471459     3.57093  4.89755e-05
4820  -0.0461686     0.47066     3.11773  4.54178e-05
4830  -0.0454975    0.470999     2.79642  6.9797e-06
4840  -0.0463082    0.470589     4.09982  0.000130753
4850  -0.0481126    0.469676     3.34406  6.02078e-05
4860  -0.0475123     0.46998     3.64586  8.19979e-05
4870  -0.0497525    0.468846     3.36258  6.78089e-05
4880  -0.0488685    0.469294     3.70264  0.000104077
4890  -0.0518341    0.467793     3.68398  0.000189874
4900   -0.052666    0.467372     3.70306  -0.000117182
4910  -0.0494904    0.468979     4.02356  -0.000127999
4920   -0.050106    0.468667     3.81592  0.000101241
4930  -0.0515152    0.467954     3.24888  6.89179e-07
4940  -0.0501198     0.46866     3.22982  0.00010926
4950  -0.0537004    0.466849     2.98472  0.000337033
4960  -0.0568604     0.46525     3.21145  3.39912e-05
4970  -0.0543803    0.466505     3.81577  -7.05831e-05
4980  -0.0554488    0.465964     3.96695  -8.57674e-05
4990  -0.0526649    0.467373      3.7024  -0.000100952
