Time   C(t)   
ps   
0           1           1   1.165e-10   0.0196926
10    0.806425     0.81757  -0.0273277   0.0111844
20    0.776313    0.789192   -0.172736  0.00267611
30    0.752903     0.76713  -0.0891052  0.00213129
40    0.733687    0.749021  -0.0476526  0.00181449
50    0.716613     0.73293   -0.220696   0.0016334
60    0.701019    0.718234    0.650017  0.00148425
70    0.686928    0.704954    -1.16688  0.00137727
80    0.673474    0.692274   -0.696559   0.0012776
90    0.661376    0.680873    -1.65575  0.00117244
100    0.650025    0.670176   -0.856274  0.00107953
110    0.639785    0.660525    -1.04327  0.00107555
120    0.628514    0.649903   -0.171668  0.000980324
130    0.620179    0.642048   -0.673225  0.000837597
140    0.611762    0.634116    -0.94577  0.000866035
150    0.602858    0.625724     -1.2465  0.000904608
160     0.59367    0.617066    0.225193  0.000861561
170    0.585627    0.609485    0.396337  0.000827107
180    0.577128    0.601476    0.852978  0.000792909
190    0.569769     0.59454    0.494456  0.000766948
200    0.561789     0.58702     1.25174  0.00075258
210    0.554717    0.580355     1.53698  0.000711793
220    0.547553    0.573604    0.649367  0.000758412
230    0.539549     0.56606   0.0766142  0.000753435
240    0.532484    0.559403    0.519941  0.000658637
250    0.526376    0.553646     1.13417  0.000675538
260    0.518974     0.54667     0.56184  0.000677603
270    0.512824    0.540874    0.932756  0.000598013
280    0.507013    0.535398     1.23238  0.000584728
290    0.501129    0.529853    0.574066  0.000613511
300    0.494743    0.523835    0.230506  0.000588715
310    0.489355    0.518757   -0.112984  0.000587022
320    0.483003     0.51277    0.687455  0.000600687
330    0.477341    0.507435     0.32984  0.000545907
340    0.472085    0.502481    0.887016  0.000534435
350    0.466653    0.497361    0.514593  0.000503235
360     0.46202    0.492995    0.714852  0.000483885
370    0.456975    0.488241     1.05748  0.000524221
380    0.451535    0.483115     1.11432  0.000516456
390    0.446646    0.478507     1.11409  0.000470537
400    0.442125    0.474246     1.41397  0.00044004
410    0.437845    0.470212    0.770248  0.000411361
420    0.433897    0.466492     1.05558  0.000407603
430    0.429693     0.46253   0.0542789  0.000439639
440    0.425105    0.458206    0.583331  0.00042814
450     0.42113     0.45446   0.0824025  0.000422665
460    0.416651    0.450239    0.168044  0.000414312
470    0.412844    0.446651     0.83988  0.000405917
480    0.408533    0.442588    0.982692  0.000427674
490     0.40429     0.43859    0.782669  0.000413758
500    0.400258     0.43479    0.324925  0.000389767
510    0.396495    0.431243    0.782418  0.000379691
520    0.392664    0.427633    0.538876  0.000353689
530    0.389421    0.424577    0.109395  0.000352207
540     0.38562    0.420994    0.252528  0.000380422
550    0.381813    0.417407    0.652628  0.000328612
560    0.379048    0.414801  -0.0339326  0.000293195
570    0.375949     0.41188    0.008483  0.000331487
580    0.372418    0.408553   -0.163066  0.000341004
590    0.369129    0.405453   0.0365652  0.000369236
600    0.365033    0.401593    0.694444  0.000353394
610    0.362061    0.398792    0.750747  0.000314769
620    0.358738     0.39566    0.908213  0.000352484
630    0.355011    0.392148     1.05101  0.000338291
640    0.351972    0.389284     1.52268  0.000303404
650    0.348943    0.386429    0.964782  0.000318308
660    0.345606    0.383284       1.208  0.000291893
670    0.343105    0.380928    0.978781  0.000259139
680    0.340423      0.3784    0.335195  0.000291689
690    0.337272     0.37543    0.492103  0.000315285
700    0.334117    0.372457  -0.0515207  0.000297634
710    0.331319     0.36982    0.163185  0.000295956
720    0.328198    0.366879   -0.251711  0.000318065
730    0.324958    0.363825    0.234409  0.000329256
740    0.321613    0.360673   -0.209504  0.000281037
750    0.319337    0.358528  -0.0668044  0.000244032
760    0.316733    0.356073   -0.324094  0.000287142
770    0.313594    0.353116   0.0043917  0.000297265
780    0.310787     0.35047    0.118814  0.000313221
790     0.30733    0.347212   -0.495936  0.000272027
800    0.305347    0.345343   -0.181729  0.000238138
810    0.302567    0.342723   -0.396393  0.000307174
820    0.299203    0.339553    0.218441  0.000293137
830    0.296704    0.337198    0.160727  0.000257494
840    0.294053      0.3347    0.503924  0.000277457
850    0.291155    0.331968    0.461159  0.000263453
860    0.288784    0.329734    0.360666  0.000272286
870    0.285709    0.326836      1.0036  0.000284113
880    0.283102    0.324379     0.76064  0.000256191
890    0.280585    0.322008    0.831809  0.000281383
900    0.277474    0.319076    0.745874  0.000278692
910    0.275012    0.316755    0.359535  0.000241761
920    0.272639    0.314519    0.602573  0.000229281
930    0.270426    0.312433    0.702424  0.00025425
940    0.267554    0.309727    0.630879  0.000262156
950    0.265183    0.307492    0.630418  0.000248013
960    0.262594    0.305052    0.687629  0.000251842
970    0.260146    0.302745    0.887749  0.00021216
980    0.258351    0.301053    0.572676  0.00022499
990    0.255646    0.298504    0.673002  0.000213918
1000    0.254072    0.297021    0.386541  0.000184023
1010    0.251966    0.295036    0.829742  0.000212431
1020    0.249824    0.293017    0.514893  0.000214563
1030    0.247674    0.290992    0.600493  0.000232428
1040    0.245175    0.288636    0.801074  0.000223686
1050    0.243201    0.286775     0.24299  0.000196122
1060    0.241253     0.28494    0.957493  0.00019745
1070    0.239252    0.283054    0.757317  0.000210237
1080    0.237048    0.280977     1.10068  0.000193294
1090    0.235386     0.27941    0.499623  0.000184654
1100    0.233355    0.277496    0.456746  0.000206584
1110    0.231254    0.275517   -0.201328  0.000198794
1120    0.229379     0.27375   -0.187147  0.000199322
1130    0.227268     0.27176    0.556401   0.0001938
1140    0.225503    0.270097     0.27036  0.000193457
1150    0.223399    0.268113    0.341807  0.000236616
1160    0.220771    0.265637    0.713393  0.000213537
1170    0.219128    0.264089    0.398753  0.000192332
1180    0.216924    0.262012    0.427142  0.000219701
1190    0.214734    0.259948     1.07039  0.000215867
1200    0.212607    0.257943    0.612565  0.000198723
1210    0.210759    0.256202     0.68411  0.000209346
1220     0.20842    0.253997      0.5698  0.000208884
1230    0.206582    0.252265    0.512449  0.000194147
1240    0.204537    0.250338    0.712415  0.000204818
1250    0.202485    0.248404    0.726777  0.000200216
1260    0.200533    0.246564    0.397985  0.000205699
1270    0.198371    0.244527    0.326328  0.000204542
1280    0.196442    0.242709   0.0259244  0.000197323
1290    0.194425    0.240808    0.168791  0.000183231
1300    0.192777    0.239255    0.454554  0.000171825
1310    0.190988    0.237569     1.04087  0.000175635
1320    0.189264    0.235945     1.14096  0.000166614
1330    0.187656    0.234429    0.697565  0.000166146
1340    0.185942    0.232813    0.683384  0.000164817
1350     0.18436    0.231322      0.7689  0.000166895
1360    0.182604    0.229667    0.568766  0.000168126
1370    0.180997    0.228153    0.811666  0.000177169
1380     0.17906    0.226328     0.88349  0.000176675
1390    0.177464    0.224823     1.06922  0.00016159
1400    0.175828    0.223282    0.711438  0.00014732
1410    0.174517    0.222047    0.282599  0.000127821
1420    0.173272    0.220873     0.79722  0.000132417
1430    0.171869    0.219551    0.811442  0.00013791
1440    0.170514    0.218274    0.639907  0.000159954
1450     0.16867    0.216536    0.754301  0.000122086
1460    0.168072    0.215972     0.56818  0.000132003
1470     0.16603    0.214048    0.210593  0.00018442
1480    0.164384    0.212496    0.467868  0.000136109
1490    0.163308    0.211482    0.424936  0.000136454
1500    0.161655    0.209924    0.396212  0.000151588
1510    0.160276    0.208625    0.353404  0.000159816
1520    0.158458    0.206912     0.49623  0.000167158
1530    0.156933    0.205475    0.553301  0.000150988
1540    0.155438    0.204066   0.0241371  0.00012851
1550    0.154363    0.203052     0.48163  0.000128831
1560    0.152862    0.201638    0.224131  0.000144938
1570    0.151464     0.20032      0.6098  0.000147925
1580    0.149903     0.19885    0.137945  0.000172944
1590    0.148005    0.197061     0.12382  0.000159219
1600    0.146719    0.195849  -0.0765794  0.000145493
1610    0.145095    0.194318    0.109402  0.000145825
1620    0.143802      0.1931     0.28077  0.00015063
1630    0.142083    0.191479    0.380677  0.000131465
1640    0.141173    0.190622    0.623576  0.000146025
1650    0.139162    0.188727    0.480736  0.000183617
1660    0.137501    0.187161    0.280435  0.000163623
1670     0.13589    0.185643    0.380537  0.000140868
1680    0.134683    0.184506    0.366286  0.000108249
1690    0.133725    0.183603    0.408898  0.000112095
1700    0.132442    0.182393    0.137107  0.000125744
1710     0.13121    0.181232    0.351617  0.000107262
1720    0.130296    0.180372    0.237013  9.23067e-05
1730    0.129364    0.179493   0.0222939  0.000113168
1740    0.128033    0.178239    0.308182  0.000136776
1750    0.126628    0.176915     0.46562  0.00015594
1760    0.124914    0.175299    0.408577  0.000129331
1770    0.124041    0.174477    0.465341  0.000102661
1780    0.122861    0.173364    0.493828  0.000142591
1790     0.12119    0.171789    0.422688  0.000150128
1800    0.119858    0.170535    0.594195  0.000136949
1810    0.118451    0.169208    0.336738  0.000135477
1820    0.117149    0.167981    0.722868  0.00012403
1830     0.11597     0.16687    0.422338  0.000116176
1840    0.114825    0.165791    0.622319  0.000109152
1850    0.113787    0.164813    0.822537  9.58055e-05
1860    0.112909    0.163986    0.722309  9.69548e-05
1870    0.111848    0.162986    0.808133  0.000105394
1880    0.110801    0.161999    0.693655  0.000106575
1890    0.109716    0.160977     1.03687  0.000127847
1900    0.108244    0.159589    0.750866  0.000125424
1910    0.107208    0.158613    0.407711  9.55056e-05
1920    0.106334    0.157789    0.779297  0.000107676
1930    0.105054    0.156583    0.436212  0.000143753
1940    0.103459     0.15508    0.364597  0.000114633
1950    0.102762    0.154423    0.822076  8.18308e-05
1960    0.101823    0.153537    0.249979  0.000115224
1970    0.100457    0.152251    0.721751  0.000111788
1980   0.0995869     0.15143    0.350025  0.000105635
1990   0.0983446     0.15026    0.264285   0.0001253
2000   0.0970808    0.149069    0.249937  0.000104294
2010   0.0962587    0.148294    0.307092  0.000101807
2020   0.0950447     0.14715    0.264216  0.000116894
2030   0.0939208    0.146091   0.0640396  0.00010417
2040   0.0929613    0.145186   0.0497193  0.000107241
2050    0.091776    0.144069  -0.00749186  9.62984e-05
2060   0.0910354    0.143371   -0.193445  8.53688e-05
2070   0.0900686     0.14246    0.235575  9.67819e-05
2080   0.0890997    0.141547  0.00677266  9.51517e-05
2090   0.0881656    0.140667   -0.207891  0.000107598
2100   0.0869477    0.139519   -0.307686  0.000102215
2110   0.0861213     0.13874  -0.0934551  8.65113e-05
2120   0.0852175    0.137888   -0.350828  8.67374e-05
2130   0.0843865    0.137105  -0.0361321  0.000110528
2140    0.083007    0.135805  -0.0648844  8.43238e-05
2150   0.0827001    0.135516   -0.422653  7.32858e-05
2160   0.0815413    0.134424    0.120846  0.000108439
2170   0.0805313    0.133472     0.23524  8.4066e-05
2180   0.0798599    0.132839   -0.165335  0.000103283
2190   0.0784656    0.131525   -0.208156  0.000114914
2200   0.0775616    0.130673   -0.265507  9.33651e-05
2210   0.0765983    0.129766   0.0205622  8.50156e-05
2220   0.0758613    0.129071   -0.294134  7.57039e-05
2230   0.0750842    0.128339   -0.322802  8.06943e-05
2240   0.0742474     0.12755    -0.50856  7.61282e-05
2250   0.0735617    0.126904    -0.65172  8.01526e-05
2260   0.0726444    0.126039   -0.723196  7.36192e-05
2270   0.0720893    0.125516   -0.437392  7.38408e-05
2280   0.0711676    0.124647   -0.637442  8.36365e-05
2290   0.0704166     0.12394   -0.623247  5.59419e-05
2300   0.0700487    0.123593   -0.937901  6.2855e-05
2310   0.0691595    0.122755   -0.966528  9.48355e-05
2320    0.068152    0.121806   -0.794992  7.38237e-05
2330    0.067683    0.121364    -0.85219  6.6299e-05
2340   0.0668261    0.120556   -0.694904  7.32288e-05
2350   0.0662184    0.119983   -0.780714  6.47262e-05
2360   0.0655315    0.119336   -0.451907  5.41959e-05
2370   0.0651345    0.118962   -0.795132  4.94916e-05
2380   0.0645417    0.118403   -0.752227  7.20013e-05
2390   0.0636945    0.117605   -0.938167  7.31487e-05
2400   0.0630787    0.117024   -0.523369  6.75073e-05
2410   0.0623443    0.116332   -0.523411  8.62513e-05
2420   0.0613537    0.115399   -0.509077  7.76533e-05
2430   0.0607913    0.114869   -0.766492  4.65199e-05
2440   0.0604233    0.114522   -0.366321  5.25426e-05
2450   0.0597404    0.113878   -0.552331  9.00041e-05
2460   0.0586232    0.112825   -0.552275  0.000100058
2470   0.0577393    0.111992   -0.323458  8.45626e-05
2480    0.056932    0.111231   -0.352182  7.88808e-05
2490   0.0561616    0.110506    -0.62382  6.52732e-05
2500   0.0556265    0.110001    -0.49505  6.44581e-05
2510   0.0548725    0.109291   -0.380656  8.34404e-05
2520   0.0539577    0.108428   -0.552247  6.28347e-05
2530   0.0536158    0.108106    -0.43795  5.80691e-05
2540   0.0527963    0.107334   -0.666655  6.71363e-05
2550   0.0522731    0.106841   -0.323472  6.13587e-05
2560   0.0515691    0.106177   -0.366377  6.75019e-05
2570    0.050923    0.105569   -0.666669  6.17089e-05
2580    0.050335    0.105014   -0.394962  5.58797e-05
2590   0.0498054    0.104515   -0.638112  4.90114e-05
2600   0.0493547    0.104091   -0.466577  6.31841e-05
2610   0.0485417    0.103324   -0.395045  5.33013e-05
2620   0.0482887    0.103086   -0.295013  5.54854e-05
2630    0.047432    0.102279    -0.55254  9.38533e-05
2640   0.0464116    0.101317   -0.223552  9.30957e-05
2650   0.0455701    0.100524    -0.12359  8.22581e-05
2660   0.0447665   0.0997665  -0.0664345   7.743e-05
2670   0.0440215   0.0990644    0.133742  8.67417e-05
2680   0.0430316   0.0981315    0.290929  7.68287e-05
2690   0.0424849   0.0976163   -0.209567  7.09888e-05
2700   0.0416119   0.0967935   0.0765025  9.45348e-05
2710   0.0405942   0.0958345    0.391073  7.44302e-05
2720   0.0401233   0.0953906    0.133686  5.73494e-05
2730   0.0394473   0.0947535   -0.109563  6.15725e-05
2740   0.0388918     0.09423    0.190687  5.76662e-05
2750   0.0382939   0.0936666  -0.0811458  6.80532e-05
2760   0.0375308   0.0929473    0.219272  8.1549e-05
2770    0.036663   0.0921295    0.290677  6.63796e-05
2780   0.0362032   0.0916962    0.161935  4.39856e-05
2790   0.0357832   0.0913005   0.0332346  6.05732e-05
2800   0.0349917   0.0905545    0.119058  6.99887e-05
2810   0.0343835   0.0899813   0.0332206  6.50382e-05
2820   0.0336909   0.0893286    0.462157  8.69149e-05
2830   0.0326452   0.0883431    0.147489  6.74702e-05
2840   0.0323415   0.0880569    0.419085  4.4919e-05
2850   0.0317468   0.0874964    0.333401  6.8891e-05
2860   0.0309637   0.0867584    0.276022  6.17916e-05
2870    0.030511   0.0863317    0.204449  5.7828e-05
2880   0.0298071   0.0856685  -0.0102148  7.15164e-05
2890   0.0290806   0.0849838     0.14714  7.38048e-05
2900   0.0283311   0.0842773    0.318745  5.83391e-05
2910   0.0279138   0.0838842  -0.0530777  5.74805e-05
2920   0.0271814   0.0831939  -0.0245073  6.39103e-05
2930   0.0266356   0.0826796  -0.0674537  6.41048e-05
2940   0.0258993   0.0819857    -0.18175  7.26766e-05
2950   0.0251821   0.0813097     0.10411  5.49878e-05
2960   0.0247996   0.0809492   0.0182859  3.83129e-05
2970   0.0244159   0.0805876    0.175487  4.89791e-05
2980     0.02382    0.080026    0.275547  6.70663e-05
2990   0.0230745   0.0793235    0.375733  7.04207e-05
3000   0.0224116   0.0786987  -0.0389809  4.94344e-05
3010   0.0220858   0.0783917  -0.0964155  4.11076e-05
3020   0.0215894   0.0779239  0.00377023  5.39672e-05
3030   0.0210065   0.0773745    0.261157  6.68951e-05
3040   0.0202515    0.076663   0.0753574  5.53484e-05
3050   0.0198995   0.0763313   0.0323131  4.37886e-05
3060   0.0193758   0.0758377   0.0466053  6.10081e-05
3070   0.0186794   0.0751814   0.0753015  4.29682e-05
3080   0.0185164   0.0750278   -0.210824  5.38534e-05
3090   0.0176023   0.0741663   0.0895799  7.43661e-05
3100   0.0170291   0.0736261     0.18964  6.06218e-05
3110   0.0163899   0.0730237   0.0752039  4.3564e-05
3120   0.0161578    0.072805    0.103663  4.15651e-05
3130   0.0155586   0.0722403   0.0322293  6.86577e-05
3140   0.0147846   0.0715109   0.0464936  6.2354e-05
3150   0.0143115    0.071065   0.0608138  4.73959e-05
3160   0.0138367   0.0706176     0.27531  5.73007e-05
3170   0.0131655    0.069985   0.0464796  4.11559e-05
3180   0.0130136   0.0698418   0.0892867  3.91367e-05
3190   0.0123827   0.0692473    0.189472  4.79367e-05
3200   0.0120549   0.0689383     0.16079  3.06432e-05
3210   0.0117699   0.0686697    0.218001  2.85489e-05
3220   0.0114839   0.0684002    0.289421  3.95771e-05
3230   0.0109783   0.0679237    0.246572  3.96775e-05
3240   0.0106903   0.0676524    0.375244  1.67622e-05
3250   0.0106431   0.0676078    0.203499  1.46273e-05
3260   0.0103978   0.0673767    0.275072  3.3377e-05
3270  0.00997554   0.0669787    0.460928  2.68441e-05
3280  0.00986092   0.0668707    0.403773  5.97243e-06
3290  0.00985609   0.0668661    0.260641  2.03764e-05
3300  0.00945339   0.0664866    0.289267  5.14053e-05
3310  0.00882798   0.0658972   0.0747151  4.26746e-05
3320   0.0085999   0.0656823   0.0604506  4.6167e-05
3330  0.00790465    0.065027   0.0176018  4.40411e-05
3340  0.00771908   0.0648522     0.11755  2.19302e-05
3350  0.00746604   0.0646137    0.246348  2.98067e-05
3360  0.00712295   0.0642904  -0.0110805  2.98909e-05
3370  0.00686822   0.0640503    0.289086  2.99823e-05
3380   0.0065233   0.0637252   0.0745754  2.78224e-05
3390  0.00631177   0.0635259  0.00314187  5.37352e-05
3400   0.0054486   0.0627124    0.103258  5.04812e-05
3410  0.00530215   0.0625744    0.131814  3.71834e-05
3420  0.00470493   0.0620116  -0.0541668  5.64271e-05
3430  0.00417361   0.0615108    0.160371  4.5305e-05
3440  0.00379883   0.0611576   0.0889235  2.3965e-05
3450  0.00369431   0.0610591    0.274835  2.40636e-05
3460  0.00331756   0.0607041   0.0889376  3.54608e-05
3470  0.00298509   0.0603907    0.260571  4.69403e-05
3480  0.00237875   0.0598193    0.274793  3.45447e-05
3490   0.0022942   0.0597396    0.317698  2.67063e-05
3500  0.00184462   0.0593159    0.274737  5.07359e-05
3510  0.00127948   0.0587833    0.117438  2.80161e-05
3520   0.0012843   0.0587879     0.30328  2.92903e-05
3530  0.000693676   0.0582313    0.346325  5.22738e-05
3540  0.000238826   0.0578026    0.303238  3.06226e-05
3550  8.12239e-05   0.0576541    0.346087  2.95903e-05
3560  -0.000352981   0.0572449    0.131605  5.04003e-05
3570  -0.000926782   0.0567041    0.288932   4.593e-05
3580  -0.00127158   0.0563792    0.203136  4.03155e-05
3590  -0.00173309   0.0559442   0.0887282  5.20052e-05
3600  -0.00231168   0.0553989  0.00290441  3.12865e-05
3610  -0.00235882   0.0553545   -0.111532  1.98196e-05
3620  -0.00270808   0.0550254   -0.097379  3.26542e-05
3630  -0.00301191    0.054739  -0.0543764  5.02278e-05
3640  -0.00371263   0.0540787   0.0171689  4.33537e-05
3650  -0.00387898   0.0539219    0.145758  2.95109e-05
3660  -0.00430285   0.0535224   -0.211662  2.49032e-05
3670  -0.00437704   0.0534525  -0.0114717  4.25943e-05
3680  -0.00515474   0.0527196   -0.154409  2.74089e-05
3690  -0.00492522   0.0529359   -0.268914  1.93442e-05
3700  -0.00554162    0.052355   -0.111587  3.93621e-05
3710  -0.00571246    0.052194   0.0313773  1.00297e-05
3720  -0.00574221   0.0521659  -0.0115834  1.8345e-05
3730  -0.00607936   0.0518482    -0.14027  3.84982e-05
3740  -0.00651218   0.0514403   -0.126159  2.20142e-05
3750  -0.00651965   0.0514333   -0.211997  2.09341e-05
3760  -0.00693086   0.0510457  -0.0832823  4.71364e-05
3770  -0.00746238   0.0505448   -0.254846  4.72755e-05
3780  -0.00787637   0.0501547   -0.312001  4.02752e-05
3790  -0.00826788   0.0497857    -0.19769  3.80195e-05
3800  -0.00863676   0.0494381   -0.154828  2.49769e-05
3810  -0.00876742   0.0493149    -0.18344  3.46684e-05
3820  -0.00933013   0.0487846   -0.240623  3.23453e-05
3830  -0.00941432   0.0487053   -0.326614  1.20421e-05
3840  -0.00957097   0.0485576   -0.111937  2.65336e-05
3850   -0.009945   0.0482051   -0.111951  2.29827e-05
3860  -0.0100306   0.0481244   -0.254985  2.54951e-05
3870  -0.0104549   0.0477246   -0.197858  3.40269e-05
3880  -0.0107112   0.0474831   -0.154967  2.68753e-05
3890  -0.0109924    0.047218   0.0451809  3.54613e-05
3900  -0.0114204   0.0468147   -0.083366  3.07046e-05
3910  -0.0116065   0.0466393  -0.0691993  1.1325e-05
3920  -0.0116469   0.0466012  -0.0835336  1.1375e-05
3930   -0.011834   0.0464249   -0.112132  2.36292e-05
3940  -0.0121195   0.0461559  -0.0263364  2.1247e-05
3950  -0.0122589   0.0460244   -0.112146  2.13318e-05
3960  -0.0125461   0.0457538  -0.0263085  2.63023e-05
3970   -0.012785   0.0455287  -0.0692273  4.24087e-06
3980  -0.0126309   0.0456739    0.102336  1.16863e-05
3990  -0.0130187   0.0453084  -0.0978956  1.53823e-05
4000  -0.0129386   0.0453839    -0.21243  -1.17359e-05
4010   -0.012784   0.0455296   -0.026504  8.05338e-06
4020  -0.0130996   0.0452321   -0.169483  3.03766e-05
4030  -0.0133915   0.0449571  -0.0978537  1.92958e-05
4040  -0.0134856   0.0448684   -0.140773  1.3153e-05
4050  -0.0136546   0.0447091   -0.283863  2.31661e-05
4060  -0.0139489   0.0444318   -0.226652  2.32325e-05
4070  -0.0141192   0.0442712   -0.169399   2.207e-05
4080  -0.0143903   0.0440158   -0.283793  2.7151e-05
4090  -0.0146623   0.0437595   -0.255195  1.84547e-05
4100  -0.0147594    0.043668   0.0306373  2.60792e-05
4110  -0.0151838   0.0432679    0.273746   2.866e-05
4120  -0.0153326   0.0431278   0.0878904  2.75186e-05
4130  -0.0157342   0.0427493   -0.241084  2.37954e-05
4140  -0.0158085   0.0426793   -0.126648  3.02376e-05
4150   -0.016339   0.0421793   -0.183817  3.41129e-05
4160  -0.0164907   0.0420363   -0.155316  7.57491e-06
4170  -0.0164905   0.0420365   -0.183943  6.33625e-06
4180  -0.0166175   0.0419169   -0.226875  3.56779e-05
4190   -0.017204   0.0413641   -0.112383  2.80989e-05
4200  -0.0171794   0.0413872  -0.0553261  3.9353e-06
4210  -0.0172827   0.0412899   -0.126815  2.44456e-05
4220  -0.0176683   0.0409265   0.0875969  4.50524e-05
4230  -0.0181838   0.0404407  -0.0410895  3.2334e-05
4240   -0.018315    0.040317   0.0591241  3.24803e-05
4250  -0.0188334   0.0398285    0.302219  4.28861e-05
4260  -0.0191728   0.0395087    0.130711  1.07238e-05
4270  -0.0190479   0.0396264    0.359458  4.41074e-07
4280  -0.0191816   0.0395004    0.202173  4.20772e-07
4290  -0.0190563   0.0396185    0.187839  -8.5244e-07
4300  -0.0191645   0.0395164    0.216325  3.42795e-05
4310  -0.0197419   0.0389724    0.159254  2.65302e-05
4320  -0.0196951   0.0390164    0.302344  -1.1213e-05
4330  -0.0195176   0.0391837    0.245036  1.88652e-05
4340  -0.0200724   0.0386608    0.288094  2.67312e-05
4350  -0.0200522   0.0386799    0.287982  -5.96195e-06
4360  -0.0199532   0.0387732    0.287913  1.50817e-05
4370  -0.0203539   0.0383956    0.287954  2.95928e-05
4380   -0.020545   0.0382154    0.359444  1.6511e-05
4390  -0.0206841   0.0380844    0.402251  1.12792e-05
4400  -0.0207706   0.0380028    0.316441  2.72301e-05
4410  -0.0212287   0.0375711    0.187839  3.39339e-05
4420  -0.0214493   0.0373632    0.330692  1.8114e-05
4430   -0.021591   0.0372297    0.330831  1.95191e-05
4440  -0.0218397   0.0369953    0.216409  3.02594e-05
4450  -0.0221961   0.0366594    0.230757  1.6986e-05
4460  -0.0221794   0.0366752    0.201991  9.04258e-06
4470   -0.022377   0.0364889    0.287913  6.37202e-06
4480  -0.0223069    0.036555    0.144892  1.0414e-06
4490  -0.0223978   0.0364693   0.0733606  7.7649e-06
4500  -0.0224622   0.0364087    0.230716  1.1842e-05
4510  -0.0226347   0.0362461   0.0447482  2.13402e-05
4520   -0.022889   0.0360065    0.173449  2.00568e-05
4530  -0.0230358   0.0358681   0.0305675  2.49939e-06
4540  -0.0229389   0.0359594    0.144892  -2.32961e-05
4550  -0.0225699   0.0363072   -0.112565  1.16136e-06
4560  -0.0229622   0.0359375  -0.0696881  2.56526e-05
4570  -0.0230829   0.0358237   -0.312811  2.16668e-05
4580  -0.0233955   0.0355291   -0.241251  2.85788e-05
4590  -0.0236545    0.035285   -0.241279  3.14354e-05
4600  -0.0240242   0.0349366   -0.126857  3.29145e-05
4610  -0.0243128   0.0346646   -0.155428  2.34054e-05
4620  -0.0244923   0.0344954   -0.298449  2.07436e-05
4630  -0.0247277   0.0342736   -0.284114  8.37613e-06
4640  -0.0246598   0.0343375   -0.226959  9.82033e-06
4650  -0.0249241   0.0340885   -0.126815  1.67603e-05
4660  -0.0249951   0.0340216   -0.298421  1.55447e-06
4670  -0.0249552   0.0340592   -0.512987  1.78628e-07
4680  -0.0249986   0.0340183   -0.427205  1.69118e-05
4690  -0.0252934   0.0337405   -0.398564  1.83507e-05
4700  -0.0253656   0.0336724    -0.29863  1.70408e-05
4710  -0.0256342   0.0334193   -0.255627  4.09407e-05
4720  -0.0261845   0.0329007   -0.198333  2.41998e-05
4730  -0.0261182   0.0329631   -0.298504  1.02653e-05
4740  -0.0263898   0.0327072   -0.298588  2.43851e-05
4750  -0.0266059   0.0325035    -0.39862  6.10184e-06
4760  -0.0265118   0.0325922   -0.398676  -3.76292e-06
4770  -0.0265307   0.0325744   -0.513084  8.98847e-06
4780  -0.0266916   0.0324228   -0.527405  9.00961e-06
4790  -0.0267108   0.0324046   -0.741831  1.33291e-05
4800  -0.0269581   0.0321716    -0.81339  1.05038e-05
4810  -0.0269209   0.0322066   -0.927868  3.42261e-06
4820  -0.0270266   0.0321071    -0.69908  1.20183e-05
4830  -0.0271613   0.0319801   -0.570309  9.19132e-06
4840  -0.0272104   0.0319338   -0.656147  7.79731e-06
4850  -0.0273172   0.0318331   -0.627562  1.35859e-05
4860  -0.0274821   0.0316777   -0.899186  1.07457e-05
4870  -0.0275322   0.0316306    -0.71333  6.69807e-07
4880  -0.0274955   0.0316651   -0.770569  1.37306e-05
4890  -0.0278068   0.0313718   -0.884949  1.66551e-05
4900  -0.0278286   0.0313512   -0.913646  9.47034e-06
4910  -0.0279962   0.0311933   -0.784959  2.11607e-05
4920  -0.0282519   0.0309523   -0.770541  1.83131e-05
4930  -0.0283624   0.0308481   -0.627576  1.54722e-05
4940  -0.0285613   0.0306607   -0.770611  2.7262e-05
4950  -0.0289077   0.0303343   -0.699107  1.70652e-05
4960  -0.0289026   0.0303391   -0.842114  -3.45493e-06
4970  -0.0288386   0.0303994   -0.870699  -6.41374e-06
4980  -0.0287743     0.03046   -0.827822  2.60966e-05
4990  -0.0293605   0.0299075   -0.884921  5.86069e-05
