Time   C(t)   
ps   
0           1           1  8.61786e-10   0.0292735
10    0.711628    0.872109   -0.175159   0.0153772
20    0.692457    0.863607   -0.211257  0.00148086
30    0.682011    0.858974   0.0873924  0.00104176
40    0.671622    0.854366    0.817849  0.000911367
50    0.663783     0.85089     1.17309  0.000730678
60    0.657008    0.847885    0.779632  0.000620133
70    0.651381     0.84539  -0.00681755  0.000596634
80    0.645075    0.842593    0.142928  0.000726685
90    0.636847    0.838944    0.311964  0.000634384
100    0.632388    0.836967     1.35994  0.000596359
110     0.62492    0.833655    0.161982  0.000545195
120    0.621484    0.832131     1.77098  0.000473419
130    0.615451    0.829455     2.53861  0.000699979
140    0.607484    0.825922    0.798284  0.00053823
150    0.604687    0.824681   0.0497779  0.000357419
160    0.600336    0.822752     1.05943  0.000393513
170    0.596816    0.821191    0.984035  0.000421607
180    0.591904    0.819012     1.11575  0.000407818
190     0.58866    0.817574     1.09611  0.000284743
200    0.586209    0.816487    0.853124  0.00045571
210    0.579546    0.813532      2.1075  0.000549129
220    0.575226    0.811616    0.853691  0.00026153
230    0.574315    0.811212     1.11522  0.00031915
240    0.568843    0.808785     1.58292  0.000345021
250    0.567415    0.808152     1.58267  0.000293061
260    0.562982    0.806186     1.20831  0.000392961
270    0.559556    0.804666    0.665436  0.000359914
280    0.555784    0.802993   0.0851444  0.000339353
290    0.552769    0.801656     1.43195  0.000446382
300    0.546856    0.799034   0.0669492  0.000289831
310    0.546972    0.799085     1.11381  0.000184253
320    0.543171      0.7974    0.290352  0.000442338
330    0.538125    0.795162     1.00196  0.000323766
340    0.536696    0.794528     1.07653  0.000309592
350    0.531933    0.792416    0.160172  0.000318551
360    0.530325    0.791702     0.81467  0.000176063
370    0.528412    0.790854    0.121242  0.000234383
380    0.525637    0.789623    0.570385  0.000522029
390    0.517972    0.786224    0.328551  0.00038321
400    0.517973    0.786224     0.30915  7.94679e-05
410    0.516382    0.785519     1.09531  8.81702e-05
420    0.516209    0.785442     1.61842  0.000269169
430    0.510999    0.783131     1.63755  0.000355771
440    0.509094    0.782287   0.0644638  0.000203559
450    0.506928    0.781326    0.981495  0.000214621
460    0.504801    0.780383     1.30017  0.000204319
470    0.502841    0.779514    0.906411  0.000295764
480    0.498886     0.77776     1.37492  0.000179146
490    0.499258    0.777925     1.97266  0.000227408
500    0.494338    0.775743    0.812586  0.000282027
510    0.493618    0.775423    0.456994  0.000139397
520     0.49155    0.774506     1.52344  0.000244041
530    0.488737    0.773259     1.26151  0.00028815
540    0.485787     0.77195     1.28036  0.00036719
550    0.481393    0.770002     1.39302  0.000239007
560    0.481007     0.76983     1.18677  0.000215702
570    0.477079    0.768088    0.831055  0.00026416
580    0.475724    0.767487     0.38171  6.99744e-05
590     0.47568    0.767468     1.65358  0.00018854
600    0.471953    0.765815     1.57912  0.00016906
610    0.472298    0.765968     2.79462  9.49398e-05
620    0.470054    0.764973      1.8216  0.000301656
630    0.466265    0.763292     1.55976  0.000306696
640     0.46392    0.762252    0.325005  0.000184006
650    0.462585     0.76166    0.904602  0.000171129
660    0.460498    0.760735     1.57845  0.000182539
670    0.458934    0.760041      2.3079  0.000300166
680    0.454494    0.758072     1.76612  0.000249712
690     0.45394    0.757826     2.25176  0.000139619
700    0.451702    0.756834     2.71963  0.000208673
710    0.449767    0.755975     3.01914  0.00027805
720    0.446141    0.754367     3.00089  0.000345135
730    0.442864    0.752914     2.85138  0.000279151
740    0.440558    0.751891     2.45814  0.000175188
750     0.43936     0.75136     2.86948  8.40604e-05
760    0.438877    0.751146     3.78622  0.000133444
770    0.436691    0.750177     2.30742  0.000203042
780    0.434816    0.749345     2.21325  0.00036446
790    0.429402    0.746944     2.19569  0.00036727
800     0.42747    0.746087     3.31777  0.000180019
810    0.425802    0.745347     2.23238  0.000319551
820    0.421079    0.743253     2.66356  0.000230157
830    0.421199    0.743306     3.09294  0.000208472
840     0.41691    0.741404     2.71893  0.000249235
850    0.416214    0.741095     1.67048  0.000157529
860    0.413759    0.740007     1.98881  0.000232233
870    0.411569    0.739035     2.47536  0.000246318
880    0.408833    0.737822     2.34447  0.000282995
890    0.405909    0.736525     2.08232  0.000152333
900    0.405786    0.736471     3.16731  0.000220816
910    0.401493    0.734566     2.53134  0.000427562
920    0.397235    0.732678     2.53141  0.000224063
930    0.397012    0.732579     2.36256  7.69228e-05
940    0.395697    0.731996     2.13839  0.000225036
950    0.392511    0.730583     2.58722  0.00035082
960     0.38868    0.728884     2.15702  0.000223747
970    0.388036    0.728598     2.60574  0.000190127
980    0.384878    0.727198     3.07412  0.000165276
990    0.384731    0.727132     2.45567  9.03085e-05
1000    0.383072    0.726397     2.92348  0.000269219
1010    0.379346    0.724744     2.43725  0.000253563
1020       0.378    0.724148     3.18574  0.000281841
1030    0.373709    0.722245     4.19605  0.000312254
1040    0.371755    0.721378      3.0549  6.20782e-05
1050    0.372468    0.721694     3.55911  -9.66936e-05
1060    0.373689    0.722236     3.54007  0.000140829
1070    0.369651    0.720445     2.75415  0.000240163
1080    0.368886    0.720105     2.62299  0.000178432
1090    0.366083    0.718862     3.65257  0.000227368
1100    0.364339    0.718089     2.86608  0.000183864
1110    0.362405    0.717231     2.94071  0.000161117
1120    0.361116     0.71666     2.94022  0.000112741
1130    0.360151    0.716231     3.53934  0.000294359
1140    0.355229    0.714049     3.55818  0.00036006
1150    0.352949    0.713038     3.63317  6.7313e-05
1160    0.353883    0.713452     3.40808  0.000116563
1170    0.350618    0.712004     4.00674  0.000298882
1180    0.347905    0.710801     3.20257  0.000297283
1190    0.344672    0.709367     3.09036  0.000143315
1200    0.345039    0.709529     3.05203  0.00022359
1210    0.340201    0.707384     3.44601  0.000277822
1220    0.339482    0.707065     2.17258  0.000165828
1230    0.336884    0.705913     2.82763  0.000241366
1240    0.334655    0.704924     2.86532  0.000232624
1250    0.332232    0.703849     2.49109  0.000143497
1260    0.331785    0.703651     2.22847  0.000134452
1270    0.329543    0.702657     2.06029  9.6935e-05
1280    0.329846    0.702792      1.7413  0.000156432
1290    0.326414    0.701269     3.72531  0.000232327
1300      0.3252    0.700731     2.52704  0.000157098
1310    0.323272    0.699876     2.26506  0.00026193
1320    0.319961    0.698408     2.75136  0.000243428
1330    0.318403    0.697717     1.64733  6.08414e-05
1340    0.318744    0.697868     2.65733  0.000106376
1350    0.316276    0.696773     3.53702  0.000230479
1360    0.314135    0.695824     3.08793  0.000168891
1370    0.312898    0.695275     2.28217  0.000202835
1380    0.310078    0.694025     2.58225  0.00018414
1390    0.309215    0.693642     3.14374  0.000275691
1400    0.304564    0.691579      2.2456  0.000237711
1410    0.304461    0.691533     2.65674  0.00013044
1420    0.301956    0.690422      2.3199  0.000270092
1430    0.299059    0.689138     2.63813  0.000181632
1440    0.298323    0.688811     2.31988  7.61375e-05
1450    0.297536    0.688462     1.42104  0.000160748
1460    0.295108    0.687385     1.64571  0.000257668
1470    0.292383    0.686177     1.15909   0.0003139
1480     0.28883    0.684601      2.0578  9.90778e-05
1490    0.290401    0.685298     2.37494  8.26612e-05
1500    0.287177    0.683868     1.86997  0.000172319
1510    0.286955     0.68377     1.43951  0.000274965
1520    0.281677    0.681429     1.75795  0.000226738
1530     0.28242    0.681759     1.17661  7.41139e-05
1540    0.280195    0.680772     1.34561  0.000252144
1550    0.277377    0.679522     1.66364  0.000257595
1560    0.275043    0.678487     1.49541  0.000238611
1570    0.272605    0.677406       1.439  0.000200085
1580    0.271042    0.676712     2.29989  0.000188419
1590    0.268837    0.675734     1.68232  0.000183903
1600    0.267363    0.675081     1.70089  0.000176956
1610    0.265298    0.674165     1.58858  0.000115831
1620    0.265047    0.674054     2.22443  0.000138409
1630     0.26253    0.672937     2.13087  0.00025201
1640    0.260007    0.671818     2.18699  0.000193399
1650    0.258662    0.671222     1.75619  0.000161789
1660    0.256771    0.670383     1.71894  9.53495e-05
1670    0.256755    0.670376     1.60615  0.000127947
1680    0.254212    0.669248     1.10131  0.000190066
1690    0.252953     0.66869     1.11949  0.000170659
1700    0.250799    0.667735     1.38175  0.000230734
1710    0.248339    0.666644      1.7559  0.000176545
1720    0.247268    0.666169     2.01825  9.72778e-05
1730    0.246393    0.665781     2.12963  0.000294621
1740    0.241375    0.663555     1.77499  0.000217637
1750     0.24204     0.66385      2.3542  5.85303e-05
1760    0.240205    0.663036     2.54143  6.85498e-05
1770    0.240669    0.663242     2.42905  0.000176566
1780    0.236674     0.66147     2.41098  0.000236985
1790     0.23593     0.66114     2.03624  0.000185025
1800    0.232973    0.659829      2.2046  9.47304e-05
1810    0.234035      0.6603     2.31637  1.4589e-05
1820    0.232681      0.6597     2.78413  0.000148167
1830    0.231072    0.658986     2.85894  0.000224284
1840    0.228196     0.65771     3.34573  7.05048e-05
1850    0.229662     0.65836     2.95176  0.000184858
1860    0.224498    0.656071     3.21455  0.000210259
1870    0.225456    0.656495     3.27043  0.000198472
1880    0.220529     0.65431     2.20415  0.000175752
1890    0.221941    0.654937     3.88724  -1.68063e-05
1900    0.220865    0.654459     4.28006  0.000265759
1910    0.216626    0.652579     3.45709  0.000271343
1920    0.215438    0.652052     4.13019  0.000152112
1930    0.213584     0.65123      3.6999  0.000183171
1940    0.211775    0.650428     3.88695  0.000109427
1950    0.211395    0.650259     4.33589  -6.44974e-05
1960    0.213065       0.651     4.63489  0.000192048
1970    0.207554    0.648556     4.50419  0.000258844
1980    0.207888    0.648704     3.97975  -3.85121e-05
1990    0.208325    0.648898     3.17404  0.000113372
2000     0.20562    0.647698     4.29749  0.000288849
2010    0.202548    0.646336      4.9529  9.58726e-05
2020    0.203703    0.646848     4.80266  1.36346e-05
2030    0.202275    0.646215     4.11007  0.00025164
2040     0.19867    0.644616     4.01689  0.000104421
2050    0.200187    0.645288     4.68969  -6.88255e-05
2060    0.200047    0.645226     4.74579  9.71638e-05
2070    0.198243    0.644427     4.09076  0.000151931
2080    0.197008    0.643879      4.7645  0.000128908
2090    0.195665    0.643283     4.48366  0.000121382
2100     0.19458    0.642802      4.9329   0.0001792
2110    0.192081    0.641694     3.67945  0.000153402
2120    0.191512    0.641442     4.72677  5.43706e-05
2130    0.190994    0.641212     4.05317  0.000122712
2140    0.189058    0.640353     4.82047  2.19122e-06
2150     0.19095    0.641192     4.53888  6.55331e-05
2160    0.187747    0.639772     4.68899  0.000233778
2170    0.186274    0.639118     4.63278  0.000118566
2180    0.185376     0.63872     4.96963  0.000129466
2190    0.183685     0.63797     5.66231  0.000166715
2200    0.182042    0.637241     5.26936  9.57124e-05
2210    0.181771    0.637121     5.56825  0.000162245
2220    0.178797    0.635802     4.91342  9.88834e-05
2230    0.179793    0.636244     4.85609  0.000200307
2240    0.174791    0.634026     4.29597  0.000218981
2250    0.175413    0.634302     4.44495  -2.75917e-05
2260    0.175343     0.63427     4.76305  5.49354e-05
2270    0.174315    0.633815     4.66923  0.000110999
2280    0.173123    0.633286     5.81096  0.000113989
2290    0.172035    0.632803     4.57506  0.000130293
2300    0.170517     0.63213     5.71726  0.000130635
2310    0.169422    0.631645      4.8938  0.000147125
2320    0.167574    0.630825     5.00582  0.000198479
2330    0.165453    0.629884     4.95054  5.6421e-05
2340    0.166446    0.630325     5.45502  2.4461e-05
2350    0.164963    0.629667     5.47362  0.000107989
2360    0.164286    0.629367     4.83688  0.000175806
2370    0.161447    0.628108     5.58595  0.000222073
2380    0.159845    0.627397     5.30511  9.81979e-05
2390    0.159483    0.627237     5.43591   1.176e-05
2400    0.159609    0.627293     5.28609  -1.73375e-06
2410    0.159518    0.627252     4.87376  0.000134204
2420    0.156925    0.626102     5.37921  0.000286806
2430    0.153782    0.624708     5.37957  0.000273863
2440    0.151448    0.623673     6.10941  6.45652e-05
2450    0.152491    0.624136     6.46463  5.94638e-05
2460    0.150259    0.623146     6.10921  0.000155149
2470    0.149388     0.62276     6.07123  8.44292e-05
2480     0.14857    0.622397     6.48297  4.07495e-05
2490    0.148573    0.622398     5.67784  0.000172823
2500    0.145114    0.620864     5.95906  1.89632e-05
2510    0.148193     0.62223      5.7337  -5.32269e-06
2520     0.14522    0.620911     5.73383  0.000110053
2530    0.145992    0.621254     5.56503  5.26108e-05
2540    0.144168    0.620445     6.48191  9.68806e-05
2550    0.144055    0.620394     6.25725  -3.84986e-05
2560    0.144938    0.620786     5.69536  5.82635e-06
2570    0.143938    0.620343     5.54528  0.00024736
2580    0.139991    0.618592     5.60173  0.000150526
2590    0.140928    0.619008     5.35805  -1.86145e-05
2600    0.140363    0.618757     6.10646  2.30633e-05
2610    0.140466    0.618803     5.67579  7.89992e-05
2620    0.138783    0.618056     6.04996  0.000118203
2630    0.138102    0.617755     6.12451  0.000258603
2640    0.133611    0.615763     5.99415  0.000194588
2650    0.134211    0.616029     6.40552  4.56274e-06
2660     0.13352    0.615722     6.03076  0.00019844
2670    0.130242    0.614268      6.4055  7.21179e-05
2680    0.132077    0.615083     6.18038  -1.47171e-05
2690    0.130536    0.614399     5.88061  0.000128976
2700    0.129498    0.613939     5.93688  8.69691e-05
2710    0.128797    0.613628      6.4981  0.000132523
2720    0.126847    0.612763     6.14236  0.000130004
2730    0.126197    0.612475     5.91761  5.66222e-05
2740    0.125715    0.612261     6.66607  0.000130662
2750    0.123583    0.611316       6.217  9.96228e-05
2760    0.123723    0.611377     6.01096  9.43609e-05
2770    0.121696    0.610479     6.14181  0.000182936
2780    0.120064    0.609755     5.95442  0.000172043
2790    0.118255    0.608953     6.23522  0.000221166
2800    0.115641    0.607793     6.64742  0.00011569
2810    0.115942    0.607926     6.23518  3.87136e-05
2820    0.114866     0.60745     6.60924  5.31208e-05
2830    0.114879    0.607455      5.8978  0.000151191
2840    0.111842    0.606108     5.46737  0.00016576
2850    0.111564    0.605985     5.86008  -6.70664e-06
2860    0.111977    0.606168     5.95317  9.73716e-05
2870    0.109617    0.605121     5.67257  0.000132167
2880    0.109333    0.604996     5.55989  0.000257312
2890     0.10447    0.602839      5.8041  0.000170659
2900     0.10592    0.603482     5.99068  -0.000162655
2910    0.107723    0.604282      4.9231  -7.29177e-05
2920    0.107378    0.604129     5.27858  0.000241527
2930    0.102893    0.602139     5.20454  0.000160223
2940    0.104174    0.602708     5.01667  3.25255e-06
2950    0.102828    0.602111     5.03547  0.000128908
2960    0.101596    0.601564     5.05417  0.000164476
2970   0.0995383    0.600652     5.59712  0.000112088
2980    0.099354     0.60057       5.391  7.13453e-05
2990   0.0981114    0.600019     5.74649  9.50262e-05
3000   0.0974535    0.599727     5.54058  7.76753e-05
3010   0.0965579     0.59933     5.78372  0.000116248
3020   0.0951285    0.598696     5.14723  8.40124e-05
3030   0.0948776    0.598585     5.25956  0.000143551
3040   0.0922575    0.597423     5.22168  0.000179361
3050   0.0912904    0.596994     4.95982  7.31263e-05
3060    0.090795    0.596774     5.07186  2.00942e-06
3070   0.0912502    0.596976     4.73464  2.5858e-05
3080   0.0902778    0.596545     4.64107  0.000112343
3090   0.0890033     0.59598     5.91342  0.000157468
3100   0.0871285    0.595148     5.22142  0.000136932
3110   0.0862647    0.594765     4.99637  7.15468e-05
3120   0.0856975    0.594513     5.03335  0.000185718
3130   0.0825503    0.593118      5.6142  0.000177043
3140   0.0821567    0.592943     5.68894  0.000183803
3150   0.0788743    0.591487      6.3816  0.000141891
3160   0.0793189    0.591685     6.11894  4.00171e-05
3170   0.0780739    0.591132     6.25009  0.000182056
3180   0.0756778     0.59007     6.45586  0.000161325
3190   0.0748474    0.589701     6.49296  0.000137718
3200   0.0729234    0.588848     6.34358  0.000192673
3210    0.070994    0.587992     5.98784  8.37706e-05
3220    0.071248    0.588105     6.79207  6.89462e-05
3230   0.0696151    0.587381     6.36207  0.000193997
3240    0.067368    0.586384     6.66132  0.000243368
3250   0.0647477    0.585222     6.51185  0.000192102
3260    0.063526     0.58468     6.54928  0.000140728
3270   0.0619331    0.583974     6.94229  0.000110455
3280   0.0613169    0.583701     7.42859  3.40832e-05
3290   0.0612515    0.583672     6.90391  0.000126469
3300   0.0587875    0.582579     6.73595  0.000142073
3310     0.05841    0.582412     6.49221  2.85259e-05
3320    0.058217    0.582326     7.27824  0.000121341
3330   0.0559832    0.581335     7.31586  0.000211301
3340    0.053991    0.580452      7.4091  0.000100369
3350   0.0539758    0.580445     7.80196  0.000106968
3360   0.0518516    0.579503     6.15564  0.00019727
3370   0.0500304    0.578695     7.68977  7.03305e-05
3380    0.050445    0.578879     6.95946  -1.34801e-05
3390      0.0503    0.578815     7.20272  0.000117565
3400   0.0480937    0.577836     6.77247  9.58797e-05
3410   0.0483824    0.577964     6.49135  6.50084e-05
3420   0.0467936     0.57726     7.38959  0.000212531
3430   0.0441318    0.576079     7.24028  0.000213122
3440   0.0425311    0.575369      6.8656  0.000106853
3450   0.0419947    0.575132     6.45372  0.000138746
3460   0.0397562    0.574139     6.56607  0.000123243
3470   0.0395299    0.574038     6.75281  0.000177567
3480   0.0362049    0.572564      7.1464  0.000114521
3490   0.0372395    0.573023     6.43456  -2.7471e-05
3500   0.0367543    0.572807     6.75246  8.66668e-05
3510   0.0355061    0.572254     6.75252  0.000236346
3520   0.0320274    0.570711     6.60316  0.000211422
3530   0.0312777    0.570379     7.57634  0.000225016
3540    0.027527    0.568715     6.39736  0.000254234
3550    0.026193    0.568124     6.75272  4.08839e-05
3560   0.0267094    0.568353      6.6405  1.23243e-05
3570   0.0259465    0.568014     6.69596  0.000198345
3580   0.0227425    0.566593     6.37802  0.000259866
3590   0.0207492    0.565709     7.14572  9.98176e-05
3600   0.0207461    0.565708     6.77111  5.19314e-05
3610   0.0197106    0.565249     6.11596  -2.55155e-05
3620   0.0212564    0.565934     6.19027  0.000155741
3630   0.0165958    0.563867     5.70388  0.000246466
3640   0.0163271    0.563748     6.60202  7.43894e-06
3650    0.016447    0.563801     6.11537  0.000147253
3660    0.013382    0.562442     6.07791  0.000238631
3670   0.0116744    0.561685     5.79718  6.9961e-05
3680   0.0119828    0.561821     6.48947  9.97302e-05
3690  0.00967976      0.5608     6.41483  0.000256855
3700  0.00684571    0.559543     6.60199  0.000270691
3710  0.00426593    0.558399     6.50845  0.000156722
3720  0.00371127    0.558153     6.09639  9.49927e-05
3730  0.00236608    0.557557     6.50821  6.88522e-05
3740  0.00233423    0.557542     7.20049  8.89515e-05
3750  0.000587051    0.556768     7.12528  0.000191504
3760  -0.00149585    0.555844      6.6945  0.000261559
3770  -0.00464413    0.554448     7.12546  0.000116557
3780  -0.00382699     0.55481     6.58224  0.000170323
3790  -0.00805059    0.552937      7.0877  0.000356585
3800  -0.0109587    0.551647     7.16249  0.000134781
3810  -0.0107462    0.551741     7.48051  5.54729e-05
3820  -0.0120682    0.551155     6.56349  0.000125696
3830  -0.0132601    0.550626     6.69417  0.000203015
3840  -0.0161285    0.549354     5.88958  0.000223571
3850  -0.0177316    0.548643     7.06878   0.0001439
3860  -0.0190065    0.548078     6.33847  9.07053e-05
3870  -0.0195457    0.547839     6.71275  3.04211e-05
3880  -0.0196149    0.547808     6.82477  0.00010471
3890  -0.0216399     0.54691     7.19907  0.000240049
3900  -0.0244159    0.545679     6.26369  0.000254268
3910  -0.0267252    0.544655     6.73158  0.000173777
3920  -0.0278914    0.544138      7.1805  7.60828e-05
3930  -0.0282469     0.54398     6.78701  2.19742e-05
3940  -0.0283309    0.543943     6.99293  0.000209339
3950  -0.0324336    0.542123     7.01193  0.000277983
3960  -0.0338905    0.541477     6.39396  0.000149303
3970  -0.0354197    0.540799     6.82455  0.000136018
3980  -0.0366109    0.540271     6.00101  0.000211939
3990  -0.0396585    0.538919     7.25502  4.77115e-05
4000  -0.0375651    0.539847     7.47893  0.000141138
4010  -0.0424813    0.537667     7.27362  0.000289198
4020  -0.0433491    0.537282     6.99291  8.69153e-05
4030  -0.0442196    0.536896     7.12362  6.85453e-07
4040  -0.0433628    0.537276     6.78629  0.000135897
4050  -0.0469375    0.535691     6.69276  0.00021579
4060  -0.0476786    0.535362     7.44106  0.000168099
4070  -0.0502995      0.5342      7.1421  0.000199897
4080  -0.0516765    0.533589     7.14205  0.000148362
4090  -0.0532667    0.532884     7.25447  5.10244e-05
4100   -0.052697    0.533136     6.95443  0.000135326
4110  -0.0559732    0.531683      7.5533  0.000181001
4120   -0.056317    0.531531     7.38478  2.0442e-05
4130  -0.0563821    0.531502     7.42194  0.000154175
4140  -0.0594005    0.530163     7.04789  0.000129775
4150  -0.0589776    0.530351     6.80403  0.000201053
4160  -0.0634216     0.52838     6.67358  0.000211939
4170  -0.0632164    0.528471     7.44061  -5.24757e-05
4180  -0.0623721    0.528846     7.19654  0.000238214
4190  -0.0679806    0.526358      6.6542  0.000373519
4200  -0.0698425    0.525533     6.63531  0.000122423
4210  -0.0704291    0.525272     6.54188  0.000105153
4220  -0.0719455      0.5246     6.57908  0.000162581
4230  -0.0736807     0.52383     6.93489  3.43386e-05
4240  -0.0726323    0.524295      7.1029  2.39633e-05
4250    -0.07416    0.523618      6.4851  0.000257131
4260  -0.0777749    0.522015     6.59789  0.000297383
4270  -0.0801077     0.52098      7.0656  3.19734e-05
4280  -0.0784144    0.521731     6.70953  -0.000101067
4290  -0.0780863    0.521876     7.42038  9.00533e-05
4300  -0.0802154    0.520932     7.34554  0.000191558
4310  -0.0819175    0.520177     7.55135  0.000126966
4320  -0.0827548    0.519806     7.51368  0.000171082
4330  -0.0853391     0.51866     8.16904  0.000237072
4340  -0.0874962    0.517703     7.92601  3.73624e-05
4350  -0.0860864    0.518328     7.98166  1.26362e-06
4360  -0.0875215    0.517692     8.11255  0.000143793
4370  -0.0889622    0.517053     7.62596  0.000100288
4380  -0.0895272    0.516802     7.92537  0.000122746
4390  -0.0914171    0.515964     8.01863  0.000196679
4400  -0.0934608    0.515058     7.75678  2.77869e-05
4410  -0.0919729    0.515718     7.90612  7.99064e-05
4420  -0.0950589    0.514349     7.83127  0.000201866
4430  -0.0960102    0.513927     7.98096  6.19642e-05
4440  -0.0962982      0.5138     7.83111  -6.39804e-05
4450  -0.0947306    0.514495     7.15688  -3.42917e-05
4460  -0.0956124    0.514104     7.64351  5.10514e-05
4470  -0.0957516    0.514042      7.8871  0.000144606
4480  -0.0985045    0.512821     7.30681  0.000133692
4490  -0.0984255    0.512856     7.47502  0.000145674
4500   -0.101418    0.511529     7.92455  2.95743e-05
4510  -0.0990169    0.512594     8.03648  1.89099e-05
4520   -0.101796    0.511361     7.62466  8.63172e-05
4530   -0.100743    0.511828     7.62438  -7.38502e-06
4540   -0.101648    0.511427     7.36238  7.49268e-06
4550   -0.100893    0.511762     7.04382  8.34744e-05
4560   -0.103318    0.510686       7.774  0.000216321
4570    -0.10522    0.509843     7.08145  0.000220951
4580   -0.107737    0.508727     6.80052  5.41423e-05
4590   -0.106302    0.509363     6.72553  1.24983e-06
4600   -0.107762    0.508716     6.89411  0.000123331
4610   -0.108769    0.508269     7.32473  0.000131495
4620   -0.110392    0.507549     6.70682  9.14559e-06
4630   -0.108952    0.508188     6.74411  9.40789e-05
4640   -0.112273    0.506715     7.09965  9.39176e-05
4650    -0.11083    0.507355     6.91229  -1.74716e-06
4660   -0.112239     0.50673     6.94986  0.00013333
4670   -0.113497    0.506172      6.9124  0.000133793
4680   -0.114914    0.505543     6.36972  2.17926e-05
4690   -0.113933    0.505979     6.55682  0.000165989
4700   -0.118234    0.504071     6.25759  9.98173e-05
4710   -0.115929    0.505093     6.38808  -7.47792e-05
4720   -0.116739    0.504734      6.2385  6.54321e-05
4730   -0.117238    0.504513     6.63129  0.000167548
4740    -0.12009    0.503248     6.74407  8.9442e-05
4750   -0.119027     0.50372     6.83733  -2.89083e-07
4760   -0.120084    0.503251     6.68766  8.62431e-05
4770   -0.120751    0.502955     6.61282  -1.60336e-05
4780   -0.119763    0.503393     6.38779  0.00016201
4790   -0.123992    0.501518     6.25695  0.000102687
4800   -0.121817    0.502482     6.29402  -7.49603e-05
4810   -0.122492    0.502183     6.63096  0.000123391
4820   -0.124285    0.501388     6.21906  0.000155613
4830   -0.125605    0.500802     6.50001  -4.3384e-05
4840   -0.123417    0.501773     6.87411  3.68319e-05
4850   -0.126341    0.500476     6.40657  0.000224851
4860   -0.127914    0.499778     6.61227  5.31614e-05
4870   -0.127405    0.500004     6.29391  -5.91181e-05
4880   -0.126732    0.500303     6.76179  3.74563e-05
4890   -0.128154    0.499672     6.33134  0.000158593
4900   -0.129903    0.498896     6.20032  -2.70337e-05
4910   -0.127613    0.499912     5.97558  3.0075e-05
4920   -0.130505    0.498629     6.08786  0.000114997
4930   -0.129913    0.498892     5.95691  9.13575e-05
4940   -0.132332    0.497819     6.48084  0.000217906
4950   -0.134271    0.496959     6.31274  1.44072e-05
4960    -0.13262    0.497691     6.81768  -3.02494e-05
4970   -0.133666    0.497227     6.27458  8.84242e-05
4980   -0.134389    0.496907     6.92973  0.000113503
4990   -0.135936     0.49622     6.25598  0.000138582
