Time   C(t)   
ps   
0           1           1  -3.36387e-11   0.0256996
10    0.746968    0.869813   -0.725286   0.0137852
20    0.724295    0.858147    0.101241  0.00187086
30    0.709551    0.850561   -0.364023   0.0013642
40    0.697011    0.844109   -0.509321  0.00117639
50    0.686023    0.838456    0.142722   0.0010804
60    0.675403    0.832992    0.258153  0.000975788
70    0.666508    0.828415     1.44642  0.000904471
80    0.657314    0.823684    0.982774  0.000782779
90    0.650852     0.82036    0.402177  0.000723329
100    0.642847    0.816241   0.0688272  0.000790271
110    0.635047    0.812228    0.126692  0.000713822
120    0.628571    0.808896   -0.236298  0.000553527
130    0.623976    0.806532     0.47283  0.000574335
140    0.617084    0.802986   -0.831453  0.000689992
150    0.610176    0.799432    0.226659  0.000532064
160    0.606443    0.797511   -0.295748  0.00048697
170    0.600437    0.794421    0.313271  0.000477985
180    0.596883    0.792592   -0.325161  0.000360042
190    0.593236    0.790716   -0.238605  0.000452176
200     0.58784    0.787939    0.355785  0.000464004
210    0.583956    0.785941    0.992576  0.000446725
220    0.578905    0.783342     1.00677  0.000423771
230     0.57548     0.78158    0.746518  0.000382301
240    0.571259    0.779408     1.12286  0.000335127
250    0.568778    0.778132     1.06428  0.000385442
260     0.56355    0.775442    0.978216  0.000509021
270    0.558598    0.772894    0.644442  0.000364289
280    0.556265    0.771694     1.22382  0.000234842
290    0.553901    0.770477     1.04921  0.000212583
300    0.552013    0.769506    0.613669  0.000323793
310    0.547425    0.767145    0.368177  0.000415391
320    0.543705    0.765232    0.672015  0.000348073
330    0.540463    0.763564    0.135545  0.00029746
340    0.537756    0.762171    0.903939  0.000295162
350     0.53456    0.760526   0.0195758  0.000257203
360    0.532612    0.759524   -0.589783  0.000259399
370    0.529372    0.757857   -0.227048  0.000390145
380    0.524809    0.755509   -0.371794  0.000360534
390    0.522161    0.754147   -0.952108  0.00025669
400    0.519675    0.752868  -0.0247352  0.000291824
410    0.516325    0.751144  -0.0241976  0.000312403
420    0.513427    0.749653    0.178229  0.000277171
430    0.510782    0.748292    0.395935  0.000192958
440    0.509568    0.747668    0.786823  0.000207937
450    0.506623    0.746152    0.134682  0.000285944
460    0.503849    0.744725     0.77252  0.000321215
470    0.500198    0.742847    0.192518  0.000251158
480    0.498826    0.742141     0.58335  0.000292131
490    0.494356    0.739841    0.206722  0.000443214
500    0.489962     0.73758     1.42431  0.000209475
510    0.490166    0.737685    0.888093  5.62549e-05
520    0.488837    0.737001     0.84398  0.000269826
530     0.48477    0.734909     1.40962  0.00028199
540    0.483197    0.734099     1.61216  0.000262284
550    0.479524     0.73221     1.27887  0.000262637
560    0.477944    0.731397     1.26389  0.000127628
570    0.476972    0.730896    0.582274  2.57879e-05
580    0.477428    0.731131    0.494699  0.000110658
590    0.474758    0.729758    0.784177  0.000276111
600    0.471906     0.72829     1.63964  0.000269456
610    0.469369    0.726985     0.37873  0.000205548
620    0.467795    0.726175     1.76957  0.000238194
630    0.464605    0.724534    0.711754  0.000295937
640    0.461876     0.72313    0.929333  0.000258443
650    0.459437    0.721874    0.117321  0.000230919
660    0.457258    0.720754    0.334319  0.000280027
670    0.453836    0.718993  -0.0713395  0.000279151
680    0.451675    0.717881    0.595035  0.000330135
690    0.447233    0.715596     1.05888  0.000429782
700    0.443079    0.713458     2.27696  0.00017457
710    0.443742    0.713799    0.856118  0.000159006
720    0.439899    0.711822     1.87016  0.000234649
730    0.439049    0.711385     1.92805  0.00019072
740    0.436085     0.70986     2.15975  0.000299634
750    0.433056    0.708302     2.04415  0.000242132
760    0.431242    0.707368     2.36273  7.74324e-05
770    0.431508    0.707505    0.941456  0.000165714
780    0.427928    0.705663    0.941626  0.000333014
790    0.424847    0.704078     1.43461  0.000297959
800    0.421969    0.702597     1.72442  0.000277802
810    0.419291    0.701219     1.11571  0.000177906
820    0.418411    0.700766     1.41933  0.000194815
830    0.415395    0.699215    0.999306  0.000250787
840    0.413395    0.698186     1.04243  0.000197357
850    0.411448    0.697184     1.69467  0.000259371
860    0.408207    0.695517     0.50569  0.000256799
870    0.406312    0.694541     1.02722  0.000195678
880    0.404294    0.693503    0.621461  0.000171842
890    0.402875    0.692773    0.243517  0.000167839
900    0.400937    0.691776    0.533787  0.000260483
910    0.397665    0.690093    0.316166  0.000229041
920    0.396356    0.689419    0.374144  0.000134239
930    0.394981    0.688711   0.0551255  0.000171015
940    0.392936    0.687659  -0.0756283  0.000232007
950    0.390341    0.686324      0.3303  0.000209637
960    0.388743    0.685502   -0.365276  0.000297137
970    0.384398    0.683266   0.0403694  0.000340284
980    0.381938       0.682   -0.191583  0.00021133
990    0.380171    0.681092    0.605346  0.000225699
1000    0.377424    0.679678   -0.322337  0.000215371
1010    0.375864    0.678875   -0.452964  0.000179134
1020    0.373841    0.677835   -0.655999  0.000167394
1030    0.372516    0.677153   -0.468301  0.000118588
1040    0.371469    0.676614   -0.439156  0.000232476
1050    0.367866    0.674761   -0.323527  0.000263795
1060    0.366193      0.6739     0.30015  0.000139619
1070    0.365074    0.673324    0.676226  0.00013995
1080    0.363394     0.67246    0.473531  0.000174339
1090    0.361587     0.67153    0.328389  0.000213192
1100     0.35913    0.670266     0.16866  0.000201187
1110    0.357563     0.66946    0.472653  0.000251499
1120      0.3541    0.667678    0.603336  0.000276713
1130    0.352029    0.666612    -0.48375  0.000173308
1140    0.350634    0.665895    0.617003  0.000215834
1150    0.347713    0.664391    0.457939  0.000292376
1160    0.344787    0.662886     0.83502  0.000244676
1170    0.342819    0.661874    0.399424  0.000190841
1180     0.34097    0.660922    0.240375  0.000234996
1190    0.338119    0.659455     1.05213  0.000163478
1200      0.3377     0.65924   -0.209355  0.000150017
1210    0.335119    0.657912    0.805083  0.000252032
1220     0.33266    0.656646    0.442561  0.000230506
1230    0.330509     0.65554    0.297461  0.000223283
1240    0.328194    0.654349    0.500085  0.000231776
1250    0.325873    0.653155   0.0942561  0.000240123
1260    0.323392    0.651878   -0.050532  0.000246882
1270    0.320935    0.650614    0.196021  0.000239624
1280    0.318599    0.649412    0.471464  0.000150162
1290    0.317932    0.649069    0.369288  0.000210674
1300    0.314386    0.647244    0.760956  0.000196731
1310    0.313998    0.647045    0.600774  0.000216432
1320    0.310057    0.645017    0.977827  0.000226232
1330    0.309473    0.644717     1.68785  0.000223695
1340    0.305583    0.642715     1.76051  0.000365631
1350     0.30216    0.640954     2.07958  0.000256655
1360     0.30045    0.640074     1.29676  6.59704e-05
1370    0.300841    0.640275    0.817871  0.000259393
1380    0.295262    0.637405     1.35515  0.000272506
1390    0.295391    0.637471     1.10776  0.000127821
1400    0.292706     0.63609     1.19492  0.000225642
1410    0.290878    0.635149      1.6146  0.000118801
1420     0.29033    0.634867     1.41202  0.000136805
1430    0.288142    0.633742     1.15104  0.000217503
1440     0.28598    0.632629    0.948002  0.000240469
1450    0.283332    0.631267     1.46994  0.000168459
1460     0.28261    0.630896    0.338913  1.7488e-05
1470    0.282983    0.631087     1.74459  0.000119248
1480    0.280225    0.629668     1.38191  0.000268042
1490    0.277622    0.628329    0.889516  0.000176504
1500    0.276695    0.627852     1.96224  0.000125045
1510    0.275121    0.627042     1.64324  0.000112332
1520    0.274449    0.626696     1.62792  0.000145325
1530    0.272214    0.625547     1.68578  0.000158408
1540    0.271281    0.625066     1.14958  0.000137679
1550    0.269461     0.62413    0.888355  0.000168981
1560    0.267901    0.623327    0.583938  0.000237857
1570    0.264704    0.621682     1.12008  0.00018619
1580    0.264177    0.621411    0.409594  0.000124605
1590    0.262212      0.6204    0.496716  0.000200091
1600    0.260175    0.619352     1.45311  0.000159603
1610     0.25902    0.618758    0.873287  0.000187875
1620    0.256418    0.617419    0.641603  0.000232685
1630    0.254366    0.616363    0.960225  0.000129588
1640    0.253826    0.616086    0.206234  0.000164504
1650    0.251076    0.614671    0.713842  0.000242428
1660    0.248977    0.613591  -0.0690817  0.000138999
1670    0.248296     0.61324    0.351234  0.000114567
1680    0.246686    0.612412   -0.200005  0.00020092
1690    0.244277    0.611173   0.0318763  0.000222815
1700     0.24223    0.610119    0.220481  0.000157014
1710    0.241137    0.609557    0.133514  0.000187343
1720    0.238483    0.608192    0.437719  7.7948e-05
1730    0.239578    0.608755  -0.0126331  0.000113466
1740    0.236214    0.607024     0.24862  0.000326672
1750    0.233045    0.605394    0.292493  0.000219044
1760    0.231833     0.60477   -0.171569  0.000154592
1770    0.229953    0.603803   -0.157181  0.000246842
1780    0.226896     0.60223   -0.403522  0.000170429
1790    0.226544    0.602049   0.0746733  0.000117324
1800    0.224549    0.601023   -0.664434  0.000235037
1810    0.221844     0.59963   -0.244048  0.000136375
1820    0.221822    0.599619    0.088807  0.000103127
1830    0.219781    0.598569   -0.143302  0.00015549
1840    0.218712    0.598019    0.552301  0.000169502
1850    0.216391    0.596825   -0.259441  0.000171588
1860     0.21528    0.596254   0.0739228  0.000114544
1870      0.2141    0.595646    0.247615  0.00014518
1880    0.212377     0.59476   -0.201407  0.000211734
1890    0.209865    0.593468  -0.0999252  0.000147717
1900    0.209422     0.59324   -0.361079  6.48163e-05
1910    0.208569    0.592801   -0.405206  0.000167179
1920    0.206079    0.591519   -0.897576  0.000194681
1930    0.204675    0.590797   -0.419354  0.000169694
1940    0.202685    0.589773    -0.28894  0.000106858
1950    0.202538    0.589698   -0.651575  0.000107193
1960    0.200541     0.58867     -0.7823  0.000211891
1970    0.198301    0.587517   -0.999695  0.000130016
1980    0.197941    0.587332    -1.24639  0.000104725
1990    0.196206     0.58644   -0.434336  0.000130693
2000    0.195327    0.585987   -0.811346  0.000181035
2010    0.192585    0.584577   -0.869366  0.000231226
2020    0.190702    0.583608   -0.854568  0.000185263
2030     0.18888     0.58267   -0.883882  8.91738e-05
2040    0.188919     0.58269     -1.4061  0.000170799
2050    0.185464    0.580913   -0.767969  0.00011035
2060    0.186712    0.581555   -0.623832  3.30731e-06
2070    0.185398    0.580879   -0.623803  0.000162899
2080    0.183454    0.579879    -1.08731  0.000205102
2090    0.181296    0.578768   -0.507636  0.000123765
2100    0.180979    0.578605    -1.23272  0.000124218
2110    0.178812     0.57749   -0.899176  0.000194184
2120    0.177095    0.576607    -1.30486  0.000117782
2130    0.176456    0.576278   -0.841722  0.00016013
2140    0.173892    0.574959   -0.638277  0.000155149
2150    0.173353    0.574681   -0.551593  4.35173e-05
2160    0.173022    0.574511   -0.638928  0.000161265
2170    0.170128    0.573022   -0.972165  0.000200237
2180    0.169017    0.572451    -1.43621  0.000197375
2190     0.16618    0.570991   -0.522675  0.000118349
2200     0.16665    0.571233   -0.552061  0.000141786
2210    0.163344    0.569532    -1.34913  0.000205565
2220    0.162539    0.569118    -1.04476  0.000107176
2230    0.161201    0.568429   -0.610081  0.000148192
2240    0.159575    0.567593      -1.204  0.000143141
2250    0.158338    0.566956    -1.39308  0.000164926
2260    0.156277    0.565896   -0.957861  0.000197404
2270     0.15439    0.564925    -1.59583  0.000163982
2280    0.152997    0.564208    -1.78442  7.70964e-05
2290    0.152848    0.564131     -1.0019  0.000164868
2300      0.1497    0.562512    -1.91503  0.000261594
2310    0.147616     0.56144    -1.84191  0.000129893
2320    0.147102    0.561175    -2.34975  0.000114197
2330    0.145332    0.560265     -1.9152  0.000171871
2340    0.143664    0.559406     -2.0743  6.62647e-05
2350    0.144007    0.559583    -2.45175  0.000102577
2360    0.141613    0.558351    -1.87174  0.000178336
2370     0.14044    0.557748     -1.1179  8.32073e-05
2380    0.139949    0.557495     -1.1474  0.000177535
2390     0.13689    0.555921    -1.34994  0.000186775
2400    0.136213    0.555573   -0.944266  0.000145783
2410    0.133974    0.554421   -0.842642  0.000118888
2420    0.133835    0.554349   -0.828452  0.000130183
2430     0.13137    0.553081   -0.770475  0.00017588
2440    0.130318    0.552539    -1.00255  0.000134586
2450    0.128679    0.551696   -0.509505  0.000167747
2460    0.126963    0.550813    -1.21977  0.000184597
2470    0.124987    0.549796    -1.11868  0.00014847
2480    0.123994    0.549286     -1.9594  9.0326e-05
2490     0.12318    0.548867    -1.46703  0.000129013
2500    0.121413    0.547958    -1.09009  0.000193616
2510    0.119308    0.546875   -0.162375  0.000137273
2520    0.118668    0.546545    -1.45254  0.000150474
2530    0.116298    0.545326    -1.20608  0.000228184
2540    0.114104    0.544197   -0.640966  0.000149495
2550    0.113308    0.543788    -1.13348  8.52812e-05
2560    0.112398     0.54332   -0.887322  0.000107691
2570    0.111155     0.54268   -0.829485  7.0858e-05
2580    0.110981    0.542591   -0.902177  0.000128654
2590    0.108581    0.541356   -0.858545  0.000167979
2600    0.107622    0.540862    -0.81521  0.00012756
2610     0.10603    0.540043   -0.873358  8.11569e-05
2620    0.105999    0.540027   -0.627257  7.03484e-05
2630    0.104623    0.539319    -1.09092  8.72735e-05
2640    0.104253    0.539129  -0.0623372  0.000211103
2650    0.100401    0.537147   -0.090944  0.000278937
2660   0.0986744    0.536259   -0.163578  9.2116e-05
2670   0.0985589    0.536199   -0.758266  0.000152634
2680   0.0956217    0.534688   -0.337525  0.000164156
2690   0.0952758     0.53451   -0.656756  5.54968e-05
2700   0.0945118    0.534117   -0.265528  8.95791e-05
2710   0.0934842    0.533588   0.0533212  4.63333e-05
2720   0.0935851     0.53364    0.560335  0.000109024
2730   0.0913037    0.532466   0.0966553  0.000215233
2740   0.0892804    0.531425    0.197854  0.00017409
2750   0.0878219    0.530675     0.41539  6.63571e-05
2760   0.0879533    0.530742    0.429708  0.000129401
2770   0.0852339    0.529343    0.545861  0.00012957
2780   0.0853619    0.529409    0.327999  0.000109151
2790   0.0830509     0.52822    0.488053  0.000137893
2800   0.0826041     0.52799    0.994784  4.8488e-05
2810   0.0820811    0.527721    0.501918  0.000106122
2820   0.0804816    0.526898    0.617633  0.000165876
2830   0.0787636    0.526014    0.893118  0.000131724
2840   0.0778471    0.525543    0.776951  0.000176343
2850   0.0752367      0.5242     1.03801  0.000128596
2860   0.0752752    0.524219       1.893  0.000109847
2870   0.0730398    0.523069      1.7482  0.000194953
2880   0.0713761    0.522213     1.96546  0.000129836
2890   0.0704431    0.521733     1.71897  9.92406e-05
2900   0.0693913    0.521192     1.19737  0.000107257
2910    0.068298     0.52063     2.00853  0.000140552
2920   0.0665803    0.519746     1.47251  0.000125335
2930   0.0657912     0.51934     1.42874  0.00011605
2940   0.0642593    0.518552    0.805642  0.000180675
2950   0.0621777    0.517481     1.37096  0.000132367
2960   0.0616119     0.51719     1.24004  4.87253e-05
2970   0.0612032    0.516979     1.86312  0.000131145
2980    0.058989     0.51584     1.61673  0.000217718
2990   0.0568489    0.514739     1.31244  0.000110292
3000   0.0567832    0.514705    0.674817  7.34124e-05
3010   0.0553806    0.513983     1.06576  0.00014039
3020   0.0539754     0.51326     1.34111  0.000202009
3030   0.0513405    0.511905     1.16741  0.000135315
3040   0.0512691    0.511868    0.645235  0.000141861
3050   0.0485032    0.510445    0.341114  0.000120313
3060   0.0488628     0.51063    0.485732  0.000112864
3070    0.046246    0.509284    0.688682  0.000198475
3080   0.0448933    0.508588    0.804751  6.58302e-05
3090   0.0449294    0.508606     0.42767  6.40694e-05
3100   0.0436119    0.507928    0.369607  0.00018992
3110   0.0411309    0.506652   0.0800309  0.000132471
3120   0.0409625    0.506565    0.833414  7.48141e-05
3130   0.0396347    0.505882    0.238939   0.0001492
3140   0.0379785     0.50503    0.369678  0.000123586
3150   0.0371629     0.50461    0.210134  7.36499e-05
3160   0.0365055    0.504272  -0.0945385  9.40507e-05
3170   0.0352819    0.503642    0.238811  0.000126563
3180   0.0339743     0.50297    0.282216  9.8638e-05
3190   0.0333092    0.502627   0.0067734  1.39944e-05
3200   0.0336944    0.502826   0.0210059  0.000147891
3210   0.0303514    0.501106    0.340193  0.000208896
3220   0.0295164    0.500676    0.832932  4.91772e-05
3230   0.0293678      0.5006   0.0498528  8.39516e-05
3240   0.0278374    0.499812  -0.0950766  9.42823e-05
3250   0.0274822    0.499629    0.469758  7.62912e-05
3260   0.0263116    0.499027    0.122035  7.43507e-05
3270   0.0259952    0.498864     0.13624   9.315e-05
3280   0.0244486    0.498069    0.179885  0.000107674
3290   0.0238417    0.497756    0.542223  0.000122399
3300   0.0220006    0.496809    0.643833  0.000118567
3310   0.0214703    0.496536    0.657952  7.58134e-05
3320   0.0204844    0.496029    0.657825  0.000119302
3330   0.0190843    0.495309    0.223361  7.21034e-05
3340   0.0190423    0.495287    0.164803  0.000105534
3350   0.0169736    0.494223    0.440572  0.000149156
3360   0.0160592    0.493752    0.194131  5.01445e-05
3370   0.0159707    0.493707    0.179418  -1.59573e-06
3380   0.0160911    0.493769    0.295302  3.79168e-05
3390   0.0152124    0.493317   -0.429475  0.000102626
3400   0.0140386    0.492713    0.164605  3.19623e-05
3410   0.0145731    0.492988     0.14999  4.88731e-05
3420   0.0130611     0.49221    0.425221  0.000103318
3430   0.0125068    0.491924    0.323795  2.8232e-05
3440   0.0124964    0.491919    0.265351  0.000112328
3450   0.0102602    0.490769    0.120732  9.14701e-05
3460    0.010667    0.490978   -0.314411  4.77407e-05
3470  0.00930538    0.490277    0.163798  0.000172216
3480  0.00722273    0.489206    0.207487  4.58842e-05
3490  0.00838769    0.489805    0.163883  -5.95253e-05
3500  0.00841324    0.489818    0.192532  3.5597e-05
3510  0.00767575    0.489439    0.496836  0.000131157
3520  0.00579011    0.488469    0.366634  7.4093e-05
3530  0.00619389    0.488676   -0.068296  -1.28243e-05
3540  0.00604659    0.488601   0.0908943  2.76151e-05
3550  0.00564159    0.488392    0.105169  7.68473e-05
3560  0.00450965     0.48781    0.264728  0.000134736
3570  0.00294687    0.487006    0.105226  1.94247e-05
3580  0.00412115     0.48761    0.612268  -2.31897e-05
3590  0.00341066    0.487244    0.626755  8.61933e-05
3600  0.00239729    0.486723    0.597993  7.35312e-05
3610  0.00194004    0.486488    0.279088  7.37831e-05
3620  0.000921623    0.485964   0.0761948  3.29586e-05
3630  0.00128087    0.486149    0.250028  -1.65401e-05
3640  0.00125243    0.486134    0.771557  4.83025e-05
3650  0.000314815    0.485652    0.351326  0.00011135
3660  -0.000974566    0.484988    0.467437  8.99525e-05
3670  -0.00148424    0.484726    0.409276  -1.18744e-06
3680  -0.000950817       0.485   0.0465832  2.94426e-05
3690  -0.00207309    0.484423    0.872997  0.000108031
3700  -0.00311143    0.483889     1.11913  6.46023e-05
3710  -0.00336513    0.483758    0.466856  8.02011e-05
3720  -0.00471545    0.483063    0.539208  0.000113362
3730  -0.00563238    0.482592    0.481401  8.51217e-05
3740  -0.00641788    0.482188    0.524792  8.53882e-05
3750  -0.00734014    0.481713    0.626401  2.84086e-05
3760  -0.00698606    0.481895    0.307341  -3.55014e-05
3770  -0.00663012    0.482078  -0.0842413  4.40307e-05
3780  -0.00786667    0.481442    0.364908  0.000106105
3790  -0.00875221    0.480986     0.27797  0.000126392
3800  -0.0103945    0.480141    0.495336  0.000135628
3810  -0.0114648    0.479591    0.277956  0.000127232
3820  -0.0129392    0.478832    0.480962  3.62168e-05
3830  -0.0121891    0.479218  -0.0699526  9.45401e-05
3840    -0.01483    0.477859    0.336117  0.000107973
3850  -0.0143486    0.478107    0.422815  7.79652e-06
3860  -0.0149859    0.477779    0.437104  0.000149098
3870  -0.0173305    0.476573   -0.214953  5.73184e-05
3880  -0.0161323    0.477189    0.306548  6.0386e-06
3890  -0.0174513    0.476511    0.320922  0.000136607
3900  -0.0188644    0.475784   -0.113626  8.73431e-05
3910  -0.0191982    0.475612     0.16142  -1.409e-05
3920  -0.0185826    0.475929    0.581693  3.57736e-05
3930  -0.0199136    0.475244    0.596152  9.02277e-05
3940  -0.0203872       0.475    0.465725  3.83281e-05
3950  -0.0206802    0.474849    0.146763  7.03366e-05
3960  -0.0217939    0.474276    0.117916  0.000104714
3970  -0.0227745    0.473772   0.0453377  7.07972e-05
3980  -0.0232098    0.473548    0.291636  9.30838e-06
3990  -0.0229606    0.473676    0.566895  5.29394e-05
4000  -0.0242686    0.473003    0.392976  7.82056e-05
4010  -0.0245248    0.472871    0.146593  4.86935e-05
4020  -0.0252425    0.472502   0.0305247  4.42363e-05
4030  -0.0254095    0.472416    0.131851  5.1303e-05
4040  -0.0262686    0.471974  -0.0710845  0.000118468
4050  -0.0277789    0.471197    0.653593  0.000130406
4060  -0.0288767    0.470632    0.392651  8.21618e-05
4070  -0.0294221    0.470352    0.537722  7.78349e-05
4080  -0.0304334    0.469831    0.465229  5.24527e-05
4090  -0.0304711    0.469812    0.508351  7.37513e-05
4100  -0.0319084    0.469072    0.392694  4.58204e-05
4110  -0.0313876     0.46934    0.044489  1.33485e-05
4120  -0.0321754    0.468935   -0.361298  9.06564e-05
4130  -0.0332007    0.468407   0.0590181  0.000100356
4140  -0.0341825    0.467902    0.131568  2.30884e-05
4150  -0.0336624     0.46817   -0.173161  1.85443e-05
4160  -0.0345534    0.467712   0.0444317  -1.45186e-05
4170  -0.0333721    0.468319   -0.361836  2.1093e-05
4180  -0.0349752    0.467494   -0.607936  0.000144007
4190  -0.0362522    0.466837     -0.5501  6.39072e-05
4200  -0.0362534    0.466837   -0.492066  3.80702e-05
4210  -0.0370136    0.466446   -0.361751  6.43212e-05
4220  -0.0375398    0.466175   -0.187705  4.79551e-05
4230  -0.0379727    0.465952   0.0873551  9.82676e-05
4240  -0.0395052    0.465164   -0.100923  7.45101e-05
4250  -0.0394629    0.465185     0.14539  7.01513e-05
4260  -0.0409082    0.464442    -0.40544  0.000151922
4270  -0.0425014    0.463622    0.348538  8.98482e-05
4280  -0.0427051    0.463517   0.0872851  7.58741e-05
4290  -0.0440188    0.462841   -0.159183  4.94814e-05
4300  -0.0436948    0.463008   -0.318572  8.69148e-06
4310  -0.0441927    0.462752   0.0146644  9.34454e-05
4320  -0.0455637    0.462047   -0.492533  9.12586e-05
4330  -0.0460179    0.461813   -0.159354  4.79231e-05
4340  -0.0465221    0.461553   -0.347732  9.43229e-05
4350  -0.0479043    0.460842   0.0435397  0.000111642
4360   -0.048755    0.460405   0.0144805  9.98981e-05
4370  -0.0499023    0.459814  6.42489e-05  4.79594e-06
4380  -0.0488509    0.460355  -0.0437946  -7.28387e-06
4390  -0.0497566    0.459889   -0.174152  9.07635e-05
4400  -0.0506662    0.459421   -0.406077  0.000128002
4410  -0.0523166    0.458572   -0.347986  6.92332e-05
4420  -0.0520508    0.458709   -0.594624  5.97773e-05
4430  -0.0535122    0.457957   -0.101786  0.000114269
4440  -0.0543362    0.457533   -0.159665  4.53426e-05
4450   -0.054419     0.45749   -0.493255  5.79843e-05
4460  -0.0554959    0.456936   -0.217812  9.29415e-05
4470  -0.0562779    0.456534    -0.18888  3.34626e-05
4480  -0.0561652    0.456592   -0.464677  6.86133e-05
4490  -0.0576501    0.455828    -0.55153  0.000143769
4500  -0.0590405    0.455113   -0.275945  0.000101714
4510  -0.0596844    0.454781    -0.21818  7.95668e-05
4520  -0.0606319    0.454294   -0.623825  3.45776e-05
4530   -0.060376    0.454426    -0.59519  1.46547e-05
4540   -0.060925    0.454143   -0.566145  5.24526e-05
4550   -0.061425    0.453886   -0.464804  6.02435e-05
4560  -0.0621298    0.453523   -0.653082  5.28727e-05
4570  -0.0624825    0.453342   -0.653182  7.08781e-05
4580  -0.0635474    0.452794   -0.856188  7.61379e-05
4590  -0.0640052    0.452558    -1.14608  5.35246e-05
4600  -0.0646179    0.452243   -0.798112  1.33365e-07
4610  -0.0640079    0.452557   -0.986871  -4.32227e-05
4620  -0.0637534    0.452688    -1.39273  3.60169e-05
4630  -0.0647282    0.452186    -1.17501  0.00013871
4640  -0.0665276     0.45126    -1.05904  7.48284e-05
4650  -0.0662248    0.451416   -0.812712  1.86224e-05
4660  -0.0669001    0.451069   -0.754848  2.63728e-05
4670  -0.0667523    0.451145    -1.14605  3.94665e-05
4680  -0.0676894    0.450663   -0.769165  5.76686e-05
4690  -0.0679056    0.450551    -1.13145  -2.25004e-05
4700  -0.0672394    0.450894     -1.0883  6.32673e-05
4710   -0.069171      0.4499    -1.14606  8.67374e-05
4720  -0.0689742    0.450002   -0.943268  -1.45271e-05
4730  -0.0688804     0.45005    -1.05935  3.50699e-05
4740  -0.0696755    0.449641   -0.842055  9.80239e-05
4750  -0.0708409    0.449041    -1.00146  0.000100973
4760   -0.071695    0.448602    -1.50877  7.50981e-05
4770  -0.0723429    0.448268    -1.21875  3.32594e-05
4780  -0.0723602     0.44826    -1.37833  2.81423e-05
4790  -0.0729057    0.447979    -1.00147  9.69097e-06
4800   -0.072554     0.44816     -1.3206  7.34326e-05
4810  -0.0743744    0.447223    -1.34954  6.28788e-05
4820  -0.0738116    0.447513    -1.13218  2.87533e-05
4830  -0.0749494    0.446927    -1.30607  9.0028e-05
4840  -0.0756122    0.446586    -1.24824  6.63746e-05
4850  -0.0762769    0.446244    -1.46556  4.78882e-05
4860  -0.0765699    0.446094    -1.49481  4.27652e-05
4870  -0.0771322    0.445804    -1.23385  -5.46202e-06
4880  -0.0764607     0.44615    -1.20521  5.9256e-05
4890  -0.0783174    0.445194    -1.14695  8.89041e-05
4900  -0.0782388    0.445235    -1.46597  5.65052e-06
4910  -0.0784304    0.445136    -1.45157  8.41834e-05
4920  -0.0799224    0.444369    -1.10366  0.00013595
4930  -0.0811494    0.443737    -0.97329  6.03795e-05
4940    -0.08113    0.443747    -1.14736  8.99248e-06
4950  -0.0813292    0.443645    -1.46618  4.44826e-05
4960  -0.0820197     0.44329    -1.53862  -1.28243e-05
4970  -0.0810727    0.443777    -1.23415  -6.2013e-05
4980  -0.0807794    0.443928    -1.33583  -1.01451e-05
4990  -0.0808698    0.443881    -1.55335  4.17229e-05
