Time   Number   
ps   
0          18          20
10          18          24
20          14          22
30          16          24
40          17          25
50          18          24
60          16          24
70          19          25
80          16          24
90          17          25
100          20          24
110          18          26
120          19          25
130          17          23
140          19          21
150          18          26
160          18          22
170          15          27
180          17          23
190          18          20
200          17          21
210          18          22
220          19          23
230          14          18
240          18          24
250          19          21
260          19          23
270          17          21
280          17          23
290          16          24
300          16          26
310          17          23
320          21          25
330          19          25
340          18          22
350          16          26
360          14          28
370          18          24
380          20          24
390          20          24
400          17          23
410          20          24
420          19          23
430          19          25
440          13          27
450          20          22
460          21          23
470          19          25
480          18          22
490          15          25
500          15          21
510          19          23
520          18          22
530          18          28
540          18          24
550          19          21
560          17          21
570          14          20
580          17          21
590          18          22
600          16          22
610          20          26
620          19          23
630          19          23
640          17          23
650          14          26
660          18          26
670          19          19
680          19          27
690          15          27
700          17          25
710          20          24
720          16          28
730          18          24
740          19          23
750          15          23
760          16          26
770          16          24
780          16          20
790          19          23
800          17          25
810          17          21
820          18          28
830          16          24
840          18          20
850          17          21
860          17          21
870          20          22
880          19          19
890          18          26
900          15          27
910          18          24
920          16          26
930          17          23
940          21          25
950          19          23
960          19          23
970          18          22
980          15          21
990          14          26
1000          17          27
1010          21          25
1020          20          24
1030          17          27
1040          21          25
1050          18          28
1060          21          25
1070          19          23
1080          19          23
1090          21          25
1100          20          20
1110          20          22
1120          17          25
1130          16          24
1140          18          22
1150          19          25
1160          17          25
1170          20          22
1180          17          21
1190          19          25
1200          16          22
1210          19          23
1220          20          26
1230          17          27
1240          17          27
1250          18          24
1260          18          26
1270          18          24
1280          18          24
1290          15          27
1300          15          27
1310          19          25
1320          18          28
1330          20          26
1340          21          27
1350          21          25
1360          18          28
1370          20          26
1380          18          26
1390          20          28
1400          23          23
1410          17          27
1420          20          22
1430          18          28
1440          16          22
1450          17          25
1460          14          28
1470          19          25
1480          18          24
1490          17          25
1500          18          28
1510          16          28
1520          17          25
1530          18          22
1540          19          23
1550          19          27
1560          18          24
1570          19          25
1580          19          25
1590          19          25
1600          18          26
1610          19          25
1620          21          23
1630          22          22
1640          17          25
1650          20          26
1660          19          27
1670          18          24
1680          19          25
1690          17          23
1700          22          24
1710          17          27
1720          19          25
1730          19          25
1740          18          22
1750          19          23
1760          18          22
1770          16          22
1780          20          22
1790          18          26
1800          19          25
1810          19          25
1820          18          24
1830          19          23
1840          19          23
1850          18          28
1860          20          24
1870          18          22
1880          19          23
1890          18          26
1900          18          22
1910          20          24
1920          19          25
1930          18          24
1940          18          22
1950          20          22
1960          18          26
1970          17          19
1980          18          24
1990          22          24
2000          19          21
2010          20          24
2020          18          24
2030          18          22
2040          18          22
2050          18          22
2060          22          22
2070          19          23
2080          16          24
2090          15          23
2100          17          21
2110          17          25
2120          20          24
2130          18          24
2140          17          25
2150          16          22
2160          19          23
2170          20          22
2180          18          22
2190          20          24
2200          20          22
2210          18          26
2220          22          22
2230          16          28
2240          18          26
2250          20          24
2260          20          24
2270          19          23
2280          20          24
2290          18          24
2300          21          23
2310          20          22
2320          20          26
2330          20          24
2340          19          23
2350          19          23
2360          20          20
2370          20          24
2380          20          24
2390          20          24
2400          20          24
2410          16          26
2420          18          24
2430          19          23
2440          18          24
2450          20          20
2460          16          24
2470          17          27
2480          20          24
2490          17          23
2500          19          25
2510          17          27
2520          16          26
2530          17          25
2540          20          26
2550          21          23
2560          20          24
2570          19          23
2580          17          25
2590          16          26
2600          17          23
2610          18          24
2620          19          23
2630          16          26
2640          19          23
2650          17          25
2660          15          25
2670          18          22
2680          19          25
2690          19          23
2700          20          22
2710          20          24
2720          17          21
2730          18          20
2740          18          28
2750          20          24
2760          17          25
2770          20          24
2780          19          23
2790          20          26
2800          18          22
2810          18          22
2820          20          26
2830          19          27
2840          17          21
2850          19          25
2860          19          23
2870          20          24
2880          19          23
2890          20          24
2900          17          25
2910          19          27
2920          20          24
2930          20          22
2940          19          23
2950          20          22
2960          17          23
2970          19          25
2980          19          25
2990          19          23
3000          18          26
3010          17          23
3020          21          25
3030          21          23
3040          19          25
3050          20          22
3060          20          22
3070          20          24
3080          18          30
3090          20          24
3100          19          23
3110          20          26
3120          18          26
3130          19          25
3140          18          28
3150          19          27
3160          17          21
3170          20          26
3180          19          27
3190          20          24
3200          19          25
3210          21          23
3220          18          26
3230          18          26
3240          17          27
3250          20          24
3260          19          25
3270          18          22
3280          19          25
3290          18          24
3300          19          23
3310          18          22
3320          19          27
3330          20          22
3340          22          24
3350          19          23
3360          20          26
3370          18          24
3380          20          26
3390          21          23
3400          19          29
3410          18          28
3420          18          20
3430          18          28
3440          19          27
3450          17          25
3460          18          26
3470          19          25
3480          19          27
3490          17          27
3500          17          29
3510          22          22
3520          22          26
3530          19          23
3540          18          24
3550          19          25
3560          17          27
3570          19          27
3580          19          27
3590          20          24
3600          19          23
3610          20          26
3620          20          26
3630          21          27
3640          17          27
3650          22          26
3660          19          23
3670          22          26
3680          20          26
3690          22          24
3700          23          25
3710          19          25
3720          21          25
3730          22          24
3740          22          26
3750          18          26
3760          19          23
3770          18          32
3780          17          27
3790          20          24
3800          21          23
3810          18          26
3820          17          25
3830          20          24
3840          20          26
3850          20          22
3860          20          22
3870          20          26
3880          23          23
3890          21          27
3900          22          22
3910          20          20
3920          18          24
3930          18          26
3940          17          19
3950          21          23
3960          17          27
3970          20          24
3980          19          21
3990          16          20
4000          18          28
4010          18          20
4020          18          22
4030          21          25
4040          18          26
4050          19          27
4060          17          23
4070          17          23
4080          20          24
4090          17          25
4100          20          26
4110          18          22
4120          22          26
4130          17          29
4140          21          23
4150          18          22
4160          18          22
4170          19          23
4180          20          22
4190          19          23
4200          18          24
4210          21          23
4220          18          24
4230          15          23
4240          20          22
4250          17          27
4260          16          26
4270          22          24
4280          20          20
4290          17          27
4300          19          23
4310          19          25
4320          19          25
4330          16          20
4340          17          25
4350          21          25
4360          20          22
4370          18          26
4380          18          24
4390          21          29
4400          20          24
4410          17          23
4420          19          23
4430          17          21
4440          20          24
4450          16          22
4460          18          24
4470          18          24
4480          20          26
4490          16          22
4500          17          23
4510          17          23
4520          20          24
4530          18          18
4540          16          26
4550          14          24
4560          19          23
4570          19          21
4580          20          24
4590          16          22
4600          17          25
4610          21          25
4620          22          26
4630          21          27
4640          17          23
4650          21          25
4660          22          24
4670          16          26
4680          20          30
4690          18          26
4700          17          25
4710          23          23
4720          20          28
4730          17          23
4740          18          24
4750          19          21
4760          23          23
4770          17          23
4780          19          25
4790          18          24
4800          19          23
4810          19          25
4820          18          28
4830          20          26
4840          19          27
4850          22          26
4860          21          27
4870          21          25
4880          22          22
4890          20          24
4900          19          27
4910          20          28
4920          22          24
4930          19          27
4940          18          26
4950          17          21
4960          20          22
4970          22          24
4980          19          23
4990          22          24
5000          19          23
5010          19          25
5020          18          24
5030          19          21
5040          21          25
5050          18          20
5060          19          21
5070          19          21
5080          20          22
5090          19          23
5100          17          23
5110          20          22
5120          21          23
5130          18          24
5140          19          23
5150          19          23
5160          19          23
5170          19          23
5180          21          21
5190          18          22
5200          20          24
5210          20          24
5220          18          26
5230          20          28
5240          21          25
5250          18          24
5260          20          24
5270          20          26
5280          18          22
5290          21          25
5300          19          25
5310          19          23
5320          16          22
5330          17          25
5340          21          23
5350          19          23
5360          19          21
5370          19          25
5380          18          22
5390          17          19
5400          16          24
5410          18          22
5420          16          24
5430          19          21
5440          17          23
5450          16          22
5460          18          22
5470          19          21
5480          18          20
5490          21          23
5500          18          22
5510          18          22
5520          17          23
5530          17          21
5540          14          22
5550          18          22
5560          18          20
5570          17          23
5580          20          20
5590          20          24
5600          20          22
5610          16          26
5620          18          22
5630          19          23
5640          18          24
5650          19          21
5660          18          20
5670          17          25
5680          18          20
5690          20          24
5700          19          21
5710          18          22
5720          18          22
5730          14          20
5740          21          23
5750          19          21
5760          16          20
5770          20          24
5780          20          22
5790          20          22
5800          19          21
5810          16          24
5820          20          22
5830          19          29
5840          16          18
5850          20          24
5860          16          26
5870          19          23
5880          19          25
5890          19          27
5900          21          23
5910          19          27
5920          18          22
5930          20          24
5940          21          25
5950          22          26
5960          18          24
5970          21          25
5980          16          24
5990          18          24
6000          20          24
6010          21          25
6020          19          25
6030          21          25
6040          20          22
6050          21          23
6060          16          28
6070          21          27
6080          20          26
6090          19          25
6100          18          26
6110          20          28
6120          20          26
6130          22          24
6140          21          25
6150          21          25
6160          20          26
6170          20          28
6180          20          22
6190          18          24
6200          20          26
6210          19          23
6220          22          26
6230          13          31
6240          20          28
6250          18          22
6260          20          30
6270          18          24
6280          19          25
6290          16          22
6300          22          26
6310          23          23
6320          18          24
6330          20          26
6340          17          27
6350          22          26
6360          22          26
6370          21          27
6380          21          25
6390          20          24
6400          20          24
6410          19          29
6420          21          27
6430          19          27
6440          21          27
6450          17          25
6460          20          30
6470          17          25
6480          20          26
6490          20          30
6500          18          26
6510          20          26
6520          19          23
6530          18          26
6540          18          24
6550          21          27
6560          19          25
6570          20          24
6580          15          27
6590          19          27
6600          19          27
6610          19          25
6620          19          27
6630          17          23
6640          18          26
6650          20          26
6660          20          26
6670          19          21
6680          20          24
6690          19          25
6700          21          23
6710          20          26
6720          17          23
6730          19          25
6740          19          25
6750          19          25
6760          18          30
6770          18          26
6780          19          25
6790          18          20
6800          19          21
6810          17          21
6820          16          24
6830          16          22
6840          18          24
6850          18          26
6860          19          23
6870          20          24
6880          20          24
6890          19          27
6900          19          27
6910          19          25
6920          20          24
6930          18          24
6940          16          28
6950          20          28
6960          20          28
6970          19          27
6980          18          26
6990          19          27
7000          19          23
7010          19          27
7020          19          23
7030          20          24
7040          20          24
7050          20          26
7060          19          29
7070          20          22
7080          14          24
7090          19          25
7100          20          26
7110          18          28
7120          21          25
7130          22          24
7140          19          25
7150          21          27
7160          21          27
7170          20          28
7180          20          26
7190          19          29
7200          20          24
7210          18          28
7220          21          29
7230          19          25
7240          17          23
7250          19          21
7260          17          27
7270          18          28
7280          17          21
7290          17          27
7300          17          27
7310          18          24
7320          17          25
7330          22          24
7340          18          24
7350          20          26
7360          19          23
7370          18          28
7380          19          23
7390          19          21
7400          16          24
7410          21          27
7420          20          22
7430          21          27
7440          19          27
7450          17          25
7460          18          24
7470          18          24
7480          19          25
7490          19          23
7500          19          27
7510          20          28
7520          22          26
7530          19          29
7540          20          24
7550          16          24
7560          20          24
7570          20          24
7580          12          30
7590          17          23
7600          18          24
7610          19          29
7620          15          23
7630          19          21
7640          17          29
7650          17          21
7660          18          26
7670          21          23
7680          15          23
7690          16          24
7700          20          24
7710          18          24
7720          18          28
7730          18          22
7740          22          26
7750          18          26
7760          20          26
7770          20          26
7780          16          28
7790          14          28
7800          16          22
7810          16          24
7820          21          25
7830          16          20
7840          20          22
7850          19          23
7860          17          23
7870          19          23
7880          18          24
7890          19          23
7900          19          27
7910          18          24
7920          19          23
7930          15          21
7940          18          24
7950          16          22
7960          18          28
7970          16          24
7980          14          32
7990          19          21
8000          16          20
8010          15          25
8020          17          27
8030          17          23
8040          17          27
8050          19          21
8060          19          29
8070          16          24
8080          17          23
8090          19          21
8100          18          24
8110          18          24
8120          17          19
8130          21          21
8140          19          21
8150          16          22
8160          17          27
8170          17          25
8180          17          23
8190          18          22
8200          19          23
8210          19          25
8220          17          23
8230          18          24
8240          17          23
8250          20          24
8260          17          25
8270          19          25
8280          19          23
8290          17          23
8300          16          22
8310          17          27
8320          16          24
8330          19          21
8340          18          20
8350          17          23
8360          18          22
8370          17          21
8380          18          22
8390          17          25
8400          17          21
8410          17          23
8420          18          24
8430          20          22
8440          17          25
8450          16          18
8460          17          23
8470          18          20
8480          17          23
8490          19          23
8500          16          22
8510          17          23
8520          20          22
8530          18          20
8540          19          25
8550          17          21
8560          21          21
8570          19          21
8580          16          24
8590          16          24
8600          15          23
8610          15          21
8620          18          24
8630          14          18
8640          17          23
8650          15          19
8660          14          24
8670          16          20
8680          15          21
8690          17          19
8700          15          21
8710          16          16
8720          16          26
8730          14          20
8740          16          20
8750          18          20
8760          17          21
8770          17          23
8780          20          24
8790          14          22
8800          15          23
8810          17          25
8820          18          22
8830          16          24
8840          18          26
8850          17          21
8860          15          27
8870          16          22
8880          18          22
8890          17          23
8900          17          19
8910          13          25
8920          18          24
8930          17          27
8940          19          21
8950          16          20
8960          17          25
8970          20          22
8980          20          24
8990          18          22
9000          17          21
9010          18          24
9020          19          23
9030          14          22
9040          17          21
9050          19          23
9060          17          21
9070          17          25
9080          19          23
9090          17          23
9100          19          23
9110          18          20
9120          17          27
9130          15          23
9140          17          23
9150          20          24
9160          18          22
9170          17          23
9180          18          24
9190          19          23
9200          20          24
9210          19          23
9220          18          22
9230          17          21
9240          18          20
9250          17          25
9260          18          26
9270          16          20
9280          20          24
9290          20          22
9300          17          27
9310          15          23
9320          17          25
9330          18          24
9340          19          25
9350          19          25
9360          17          19
9370          13          23
9380          14          22
9390          17          23
9400          20          24
9410          18          26
9420          18          26
9430          19          23
9440          19          21
9450          16          24
9460          18          24
9470          20          26
9480          15          29
9490          15          25
9500          17          21
9510          19          27
9520          18          26
9530          17          25
9540          17          23
9550          15          23
9560          18          24
9570          20          22
9580          17          25
9590          20          22
9600          17          25
9610          16          22
9620          19          27
9630          19          23
9640          20          22
9650          19          23
9660          20          22
9670          16          24
9680          18          22
9690          17          23
9700          18          24
9710          14          20
9720          17          23
9730          20          22
9740          18          24
9750          17          25
9760          17          29
9770          19          23
9780          18          24
9790          18          24
9800          17          25
9810          20          26
9820          16          22
9830          20          24
9840          16          26
9850          18          24
9860          17          23
9870          16          28
9880          19          23
9890          18          24
9900          17          23
9910          16          22
9920          15          23
9930          18          24
9940          16          24
9950          16          26
9960          19          21
9970          18          24
9980          17          21
9990          20          24
10000          16          24
