Time   C(t)   
ps   
0           1           1  4.24899e-10   0.0275255
10    0.724878    0.786331   -0.310099   0.0150157
20    0.699687    0.766767    -2.81601  0.00250587
30    0.674761    0.747409    -4.90211  0.00213651
40    0.656956    0.733581    -4.06754  0.00163449
50    0.642071    0.722021    -5.65515  0.00139489
60    0.629059    0.711915    -2.31246  0.00120209
70    0.618029    0.703349    -2.98193  0.000992897
80    0.609201    0.696492    -3.90432  0.000825408
90    0.601521    0.690528    -1.81577  0.000721046
100     0.59478    0.685293    -1.56652  0.00068008
110    0.587919    0.679965    -2.15087  0.000851515
120    0.577749    0.672066     -3.4055  0.000783896
130    0.572242    0.667789    -2.73807  0.000876266
140    0.560224    0.658455    -7.16482  0.000829768
150    0.555646      0.6549    -5.91402  0.000746426
160    0.545296    0.646861    -5.41194  0.000955996
170    0.536526    0.640051    -6.74745  0.00080829
180     0.52913    0.634307    -2.32038  0.000627989
190    0.523966    0.630297    -3.49029  0.000500765
200    0.519115    0.626528    -2.07252  0.000898778
210    0.505991    0.616336   -0.233298  0.000733733
220     0.50444    0.615132    -1.99001  0.000520808
230    0.495575    0.608247   -0.234765  0.000769034
240    0.489059    0.603186    -3.82841  0.000442146
250    0.486732    0.601379    -3.91476  0.000534934
260    0.478361    0.594877    -4.83282  0.000643674
270    0.473858    0.591381    -4.16539  0.000315608
280    0.472048    0.589975    -1.49437  0.000467841
290    0.464502    0.584114     -4.4991  0.000582214
300    0.460404    0.580932   -0.491027  0.000431843
310    0.455865    0.577406   -0.992537  0.000470674
320    0.450991    0.573621     1.76271  0.000314127
330    0.449582    0.572527    0.675626  0.000336707
340    0.444256    0.568391     1.84554  0.000375314
350    0.442076    0.566698     1.00771  0.000240065
360    0.439455    0.564662   -0.578268  0.000273244
370    0.436611    0.562453  -0.0790437  0.00034477
380     0.43256    0.559307    0.422139  0.000553089
390    0.425549    0.553862    -1.91663  0.000406381
400    0.424432    0.552995  0.00265128  0.000221354
410    0.421122    0.550424     3.84489  0.000419056
420    0.416051    0.546486    -2.00126  0.000568013
430    0.409762    0.541601    -1.41627  0.000354888
440    0.408953    0.540973    -2.00298  0.000592352
450    0.397915    0.532401    -0.83143  0.000471959
460    0.399514    0.533643    -2.50383  0.00031933
470    0.391528    0.527441    -3.67318  0.000385691
480      0.3918    0.527652    -4.67832  6.1129e-05
490    0.390306    0.526491     -1.9221  0.000293337
500    0.385934    0.523096    -3.67579  0.000415543
510    0.381995    0.520037    -4.34436  0.000261344
520    0.380707    0.519036    -4.34746  0.000289759
530      0.3762    0.515536    -2.42467   0.0002791
540    0.375125    0.514701    -4.76336  0.000213182
550    0.371936    0.512225    -5.85166  0.00043048
560    0.366515    0.508015    -1.25638  0.000236355
570    0.367209    0.508553    -2.51052  0.00021489
580    0.362217    0.504677    -2.67628  0.000415952
590     0.35889    0.502093    -3.34542  0.000159927
600    0.359019    0.502193     -2.7623  0.00014929
610    0.355904    0.499774    -3.93083  0.000339776
620    0.352223    0.496915    -5.01725  0.00035729
630    0.348758    0.494224    -1.59336  0.000285128
640    0.346521    0.492486     -4.8519  0.000336322
650    0.342032       0.489   -0.842524  0.000106415
660    0.344392    0.490833    -3.35007  6.7611e-05
670     0.34068     0.48795   -0.427033  0.000230837
680    0.339776    0.487248    -2.93344  0.000225852
690    0.336163    0.484442    -1.51338  0.000316533
700    0.333445    0.482331    0.910026  0.000294645
710     0.33027    0.479865      2.4956  0.000204712
720    0.329351    0.479152    -2.26691  0.000193949
730    0.326391    0.476853   0.0724364  0.000273658
740    0.323878    0.474901   -0.429073  0.000342403
750    0.319543    0.471534    0.823681  0.000183891
760      0.3202    0.472045    0.656293  0.00017889
770    0.315965    0.468756     3.49682  0.000509377
780    0.310012    0.464133       3.749  0.000339308
790    0.309179    0.463485    0.989844  0.000117709
800    0.307658    0.462304     1.32388  0.000226504
810    0.304649    0.459967     1.15699  0.000266963
820    0.302319    0.458158     3.99572  0.00012441
830     0.30216    0.458035     0.73701  0.000170659
840    0.298906    0.455507    0.736765  0.000268434
850    0.296792    0.453865     -1.2678  0.000309315
860    0.292719    0.450702    0.570846  0.000309883
870    0.290594    0.449052     1.40509  0.00025883
880    0.287543    0.446682     1.07121  0.000265124
890    0.285291    0.444934     3.91019  0.000173408
900    0.284075    0.443989     2.15576  0.000191186
910    0.281468    0.441964     0.90301  0.00020888
920    0.279897    0.440744      1.8205  0.000168851
930    0.278091    0.439341   -0.100578  0.000261977
940    0.274657    0.436675   -0.435354  0.000308879
950    0.271913    0.434544    -1.27058  0.000234075
960    0.269976    0.433039   -0.101395  0.000275365
970    0.266406    0.430266     1.56905  0.000281699
980    0.264342    0.428663     1.73717  0.000294052
990    0.260525    0.425699     2.32217  0.000277112
1000      0.2588    0.424359     1.31956  0.000155178
1010    0.257421    0.423289    0.484339  7.95081e-05
1020    0.257209    0.423124    0.232645  0.000114872
1030    0.255124    0.421504   -0.268537  0.000191231
1040    0.253385    0.420154    0.900154  0.000250368
1050    0.250116    0.417616     4.32641  0.000121586
1060    0.250953    0.418265     1.65124  5.74008e-05
1070    0.248968    0.416724     3.90644  0.000145692
1080    0.248039    0.416002     1.81756  0.000199114
1090    0.244986    0.413631     6.49486  0.000234856
1100    0.243342    0.412354     3.98886  8.18744e-05
1110    0.243349     0.41236     2.65034  0.000170855
1120    0.239925    0.409701     2.06681  0.000141442
1130     0.24052    0.410163     2.06607  -4.76927e-05
1140    0.240879    0.410441     3.06673  2.93367e-05
1150    0.239933    0.409707     4.31972  0.000213498
1160    0.236609    0.407125     5.48891  0.000243585
1170    0.235061    0.405923     3.40077  0.000232326
1180    0.231962    0.403517     4.65491  0.00010162
1190    0.233029    0.404345     3.23232  1.85385e-05
1200    0.231592    0.403229     2.73089  0.000311194
1210    0.226805    0.399511     1.06102  0.000335642
1220    0.224879    0.398015     2.81495  0.000192855
1230    0.222948    0.396516     2.14606  0.000121347
1240    0.222452     0.39613     4.06566  -4.33624e-06
1250    0.223035    0.396583     4.06591  9.78671e-05
1260    0.220495     0.39461     1.89322  0.000200181
1270    0.219031    0.393474     2.39546  0.000176609
1280    0.216962    0.391867     1.64291  0.000273449
1290    0.213562    0.389226    0.641855  0.000141212
1300    0.214138    0.389674     2.47789  5.11162e-05
1310     0.21254    0.388432     3.56367  -2.75485e-05
1320    0.214689    0.390101     5.14932  9.37469e-05
1330    0.210665    0.386976     4.23085  0.000257334
1340    0.209542    0.386104      6.3185  0.000160961
1350    0.207446    0.384476     4.81503  0.000222065
1360    0.205101    0.382655     4.48091  0.00022256
1370    0.202995    0.381019     2.55975  0.000241363
1380    0.200274    0.378906      4.9825  0.000174806
1390    0.199498    0.378304     4.39685  5.93044e-05
1400    0.199088    0.377985     5.73375  0.000187843
1410    0.195742    0.375386      5.4832  0.000157507
1420    0.195938    0.375538     3.89461  3.55192e-05
1430    0.195031    0.374835     4.89616  0.000109149
1440    0.193755    0.373843     4.22848  6.02484e-05
1450    0.193826    0.373899     4.22751  8.50819e-05
1460    0.192053    0.372522    0.635737  5.43892e-05
1470    0.192738    0.373054     3.30757  0.000276554
1480    0.186522    0.368226     2.89134  0.000165717
1490    0.189424     0.37048     3.05677  -1.74344e-07
1500    0.186525    0.368229     4.39457  0.000271659
1510    0.183991     0.36626      6.2333  9.27284e-05
1520    0.184671    0.366788     4.64414  -4.9483e-05
1530    0.184981    0.367029     5.98014  3.65078e-08
1540     0.18467    0.366788     5.06118  0.000130515
1550     0.18237    0.365002      4.8103  6.26817e-06
1560    0.184545     0.36669     5.14328  4.39398e-05
1570    0.181491    0.364319     4.89257  0.000280729
1580     0.17893     0.36233      4.0571  0.000175259
1590    0.177986    0.361597     4.22457  0.000238307
1600    0.174164    0.358628     3.72379  0.000182371
1610    0.174339    0.358764     3.89053  4.51639e-05
1620    0.173261    0.357927     3.55657  0.000202059
1630    0.170298    0.355626     5.39302  1.39721e-05
1640    0.172981     0.35771     3.72257  3.32102e-05
1650    0.169633     0.35511     4.64169  0.000284816
1660    0.167285    0.353286     4.72616  8.38086e-05
1670    0.167957    0.353808     3.55478  6.52559e-05
1680     0.16598    0.352272     4.47341  0.000153729
1690    0.164883     0.35142     3.55363  0.000166805
1700    0.162644    0.349681     2.38413  0.000224158
1710      0.1604    0.347938     2.55217  0.000148579
1720    0.159672    0.347374     5.22473  0.000180792
1730    0.156784     0.34513      2.8858  9.84363e-05
1740    0.157703    0.345845     4.13806  7.98099e-05
1750    0.155188    0.343891      2.9688  0.000130793
1760    0.155088    0.343813      2.4668  1.63853e-05
1770     0.15486    0.343636    0.795375  0.000182527
1780    0.151437    0.340978     1.21348  0.000259548
1790    0.149669    0.339605    0.962925  6.17452e-05
1800    0.150202    0.340019     2.63256  0.000119738
1810    0.147274    0.337745     2.38298  0.000273903
1820    0.144724    0.335764     2.21543  0.00018461
1830    0.143582    0.334877      2.7997  3.71233e-05
1840    0.143982    0.335188    0.376866  3.73051e-05
1850    0.142836    0.334298     1.71376  8.24653e-05
1860    0.142332    0.333907     1.71303  1.81124e-05
1870    0.142474    0.334017     2.29664  0.000231633
1880      0.1377    0.330309     1.79644  0.000225413
1890    0.137965    0.330515   -0.125132  9.01245e-05
1900    0.135897    0.328909    -1.79582  0.000103195
1910    0.135901    0.328912    -1.21123  9.70721e-05
1920    0.133956    0.327401     -1.9637  0.000155766
1930    0.132786    0.326493    -1.54568  7.80158e-05
1940    0.132395    0.326189    0.541643  0.000234828
1950     0.12809    0.322845    0.543194  0.000189438
1960    0.128607    0.323247    0.792356  0.000105196
1970    0.125986    0.321211     1.21021  0.000183841
1980     0.12493    0.320391     1.96162  0.000145052
1990    0.123085    0.318958    0.875602  0.000112548
2000    0.122679    0.318643     2.63011  8.00613e-05
2010    0.121483    0.317715   -0.126927  0.00014602
2020    0.119758    0.316375     2.79774  8.70392e-05
2030    0.119743    0.316363    0.791133  4.11902e-05
2040    0.118935    0.315735   -0.629008  0.000113909
2050    0.117464    0.314594    0.373195  -2.47471e-05
2060     0.11943     0.31612     1.12452  -7.09493e-05
2070    0.118883    0.315696   -0.880944  0.000114381
2080    0.117142    0.314343    0.288971  0.00015443
2090    0.115795    0.313297    0.622767  2.85406e-05
2100    0.116571      0.3139   -0.213109  3.54014e-05
2110    0.115087    0.312747   0.0377683  2.86825e-05
2120    0.115998    0.313454    -1.96802  4.89306e-05
2130    0.114108    0.311987  -0.0471893  0.000282726
2140    0.110343    0.309063   -0.128884  0.000162904
2150     0.11085    0.309457   -0.965005  3.63167e-05
2160    0.109617    0.308499   -0.631291  8.99598e-05
2170    0.109051    0.308059   -0.966065   0.0001171
2180    0.107275     0.30668    -1.80088  6.35296e-05
2190     0.10778    0.307073    -1.21653  3.01693e-05
2200    0.106671    0.306211   -0.882576  0.000117781
2210    0.105425    0.305243    -1.54968  5.05749e-05
2220     0.10566    0.305426   -0.714698  -3.03019e-05
2230    0.106031    0.305714   -0.882495  -1.68405e-05
2240    0.105997    0.305687   -0.716167  5.08469e-05
2250    0.105014    0.304924    0.369932  0.000145914
2260    0.103078    0.303421    -0.38123  3.07415e-05
2270    0.104399    0.304446    0.452769  2.42271e-05
2280    0.102594    0.303045    0.287176  0.000160306
2290    0.101193    0.301956    0.537565  7.2087e-05
2300    0.101152    0.301925    0.203932  7.23746e-05
2310   0.0997453    0.300832   -0.297414  9.98218e-05
2320   0.0991556    0.300374     1.20556  0.000161753
2330   0.0965102     0.29832    0.955012  0.000120898
2340   0.0967377    0.298496     1.03777  1.84365e-05
2350   0.0961415    0.298033    0.368954  2.53092e-05
2360   0.0962315    0.298103     1.53838  0.000114897
2370   0.0938435    0.296249    0.118648  9.43668e-05
2380   0.0943441    0.296638    0.118404  3.26809e-05
2390   0.0931899    0.295741   -0.215392  5.33894e-05
2400   0.0932763    0.295808      1.6226  -2.24907e-05
2410   0.0936397    0.296091    0.787217  -3.63879e-05
2420   0.0940041    0.296374   -0.132556  5.36982e-05
2430   0.0925658    0.295256    0.703483  3.28805e-05
2440   0.0933465    0.295863    0.452198  -3.64359e-05
2450   0.0932945    0.295822   -0.132719  8.87778e-05
2460   0.0915709    0.294484    0.953544  9.5873e-05
2470    0.091377    0.294333     1.28758  5.43278e-05
2480   0.0904844     0.29364   -0.549841  0.000131351
2490     0.08875    0.292293     1.53862  0.000103642
2500   0.0884115     0.29203     0.53626  4.08988e-05
2510    0.087932    0.291658     2.29019  -3.62229e-05
2520    0.089136    0.292593     2.70772  4.81494e-05
2530    0.086969     0.29091    0.619341  0.000181807
2540   0.0854999    0.289769     1.62146  0.00016825
2550    0.083604    0.288296    0.869892  -7.44686e-07
2560   0.0855148     0.28978    0.617954  -7.55414e-06
2570   0.0837551    0.288414    -1.05208  0.000119584
2580   0.0831231    0.287923   -0.301983  0.000127071
2590   0.0812137     0.28644   -0.803328  0.000148608
2600   0.0801509    0.285615   -0.635778  0.000134857
2610   0.0785166    0.284345    -1.13672  0.000213473
2620   0.0758814    0.282299   -0.384004  0.000128466
2630   0.0759473     0.28235   -0.635778  0.000128991
2640   0.0733016    0.280295    -1.05306  6.4861e-05
2650     0.07465    0.281343    -1.72114  2.23797e-05
2660    0.072854    0.279948   -0.969736  7.33137e-07
2670   0.0746354    0.281331    -1.13721  -4.2069e-05
2680   0.0736954    0.280601    -2.22339  -6.39252e-05
2690   0.0759139    0.282324    -0.47092  -5.66877e-05
2700   0.0748292    0.281482   -0.803573  0.000209475
2710   0.0717244     0.27907   -0.971205  0.000152204
2720   0.0717851    0.279117   -0.887226  0.000109497
2730   0.0695344     0.27737    -2.55759  8.7937e-05
2740   0.0700263    0.277752    -1.13737  2.31795e-05
2750   0.0690708     0.27701    -1.38849  0.00010293
2760   0.0679677    0.276153    -2.22371  8.14099e-05
2770   0.0674426    0.275745    -2.22314  3.07623e-05
2780   0.0673525    0.275675    -1.13778  -2.01076e-05
2790   0.0678448    0.276057    -2.05796  9.05804e-06
2800   0.0671713    0.275534    -2.30851  -5.67451e-05
2810   0.0689797    0.276939    -3.31128  1.78032e-06
2820   0.0671357    0.275507    -3.56151  0.000126059
2830   0.0664585    0.274981    -2.72677  2.38054e-05
2840   0.0666596    0.275137    -2.89416  0.000148796
2850   0.0634826    0.272669    -3.31128  0.000171041
2860   0.0632388     0.27248    -2.80977  -4.18752e-05
2870   0.0643201     0.27332    -3.31161  -1.23989e-05
2880   0.0634868    0.272673    -3.06155  0.000209024
2890   0.0601396    0.270073    -3.06081  0.000231634
2900   0.0588541    0.269075    -2.47541  4.72456e-05
2910   0.0591947    0.269339    -1.89147  3.26522e-05
2920   0.0582011    0.268568    -2.22551  5.49378e-05
2930   0.0580959    0.268486    -1.13892  -2.66658e-05
2940   0.0587344    0.268982    -1.30712  0.000159545
2950   0.0549051    0.266008    -2.22453  0.000204434
2960   0.0546457    0.265806    -2.89302  3.34503e-05
2970    0.054236    0.265488     -2.5593  -1.88243e-05
2980   0.0550222    0.266099    -4.14675  -3.37804e-05
2990   0.0549117    0.266013    -3.06147  0.000123604
3000   0.0525501    0.264179    -3.31161  -1.14335e-05
3010   0.0551403    0.266191    -2.39453  3.40279e-05
3020   0.0518695     0.26365    -2.47802  0.000237142
3030   0.0503975    0.262507     -3.4794  4.04455e-06
3040   0.0517886    0.263588    -3.22975  0.000125162
3050   0.0478942    0.260563    -1.64198  0.000231087
3060   0.0471669    0.259998    -2.14373  4.25257e-05
3070   0.0470437    0.259903    -1.22502  2.75122e-05
3080   0.0466167    0.259571     -2.6454  7.31692e-05
3090   0.0455803    0.258766    -3.39673  0.000119008
3100   0.0442365    0.257722    -3.39706  7.35989e-05
3110   0.0441084    0.257623     -2.6454  -2.43466e-06
3120   0.0442852     0.25776    -1.72653  8.16651e-05
3130   0.0424751    0.256354    -1.64222  9.70779e-05
3140   0.0423436    0.256252    -2.06081  -5.58492e-05
3150   0.0435921    0.257222     -2.5624  7.46042e-05
3160   0.0408516    0.255093    -1.39224  0.000136048
3170   0.0408711    0.255109    -2.47859  -1.95894e-06
3180   0.0408907    0.255124    -2.81263  9.05717e-05
3190   0.0390597    0.253702    -3.14659  9.0706e-05
3200   0.0390766    0.253715    -3.98181  6.03423e-06
3210    0.038939    0.253608    -1.89343  9.89869e-05
3220   0.0370969    0.252177    -3.39705  0.000238786
3230   0.0341633    0.249899     -3.6472  6.85029e-05
3240   0.0357268    0.251113     -4.4834  -5.54511e-05
3250   0.0352723     0.25076    -3.06318  5.33205e-05
3260   0.0346604    0.250285    -2.89669  7.6876e-05
3270   0.0337348    0.249566     -3.6485  0.000131783
3280   0.0320247    0.248238    -1.97724  0.000147777
3290   0.0307792    0.247271    -2.22804  0.000148255
3300   0.0290596    0.245935    -3.31438  6.23113e-05
3310    0.029533    0.246303    -2.98026  5.4791e-05
3320   0.0279638    0.245084    -1.64361  6.26777e-05
3330   0.0282794     0.24533    -3.56559  7.09032e-05
3340   0.0265458    0.243983      -1.811  0.000260492
3350   0.0230696    0.241283    -2.06081  0.00018205
3360   0.0229048    0.241155   -0.975447  2.44326e-05
3370   0.0225809    0.240904    -1.14389  0.000135558
3380   0.0201936     0.23905    0.611183  0.00019142
3390   0.0187525    0.237931    0.360959  7.27193e-05
3400   0.0187392     0.23792    0.444204  -2.25753e-05
3410    0.019204    0.238281   -0.308344  0.000160953
3420   0.0155202     0.23542   -0.474834  0.000225074
3430   0.0147026    0.234785    0.610938  9.83421e-06
3440   0.0153235    0.235268   -0.558569  9.97237e-06
3450   0.0145031     0.23463    0.359736  0.000218675
3460     0.01095    0.231871    -1.22616  0.000154794
3470   0.0114072    0.232226   -0.892692  -1.35766e-05
3480   0.0112215    0.232082   -0.809773  4.28059e-05
3490   0.0105511    0.231561    -1.56191  9.94599e-05
3500  0.00923232    0.230537   -0.559792  6.7343e-05
3510  0.00920425    0.230515   -0.310221  9.19665e-05
3520  0.00739299    0.229108   -0.811241  1.90631e-05
3530  0.00882299    0.230219     1.52623  2.74986e-05
3540  0.00684302    0.228681     0.60841  1.91783e-05
3550  0.00843942    0.229921    0.942287  5.21375e-05
3560  0.00580027    0.227871    0.524513  0.000280657
3570  0.00282628    0.225562    0.191696  0.00017516
3580  0.00229707    0.225151      1.5281  6.12032e-05
3590  0.00160222    0.224611    0.358512  -2.88849e-05
3600  0.00287477    0.225599     2.36243  4.04747e-06
3610  0.00152127    0.224548     1.61135  -4.37173e-06
3620   0.0029622    0.225667     1.27682  -3.71439e-05
3630  0.00226415    0.225125     3.19708  0.000152488
3640  -8.75497e-05    0.223299      2.6129  0.000103215
3650  0.00019985    0.223522     2.11082  7.89041e-05
3660  -0.00166563    0.222073      2.6959  5.40907e-05
3670  -0.000881963    0.222682     1.52582  0.000162497
3680  -0.00491558    0.219549     2.36218  0.000254183
3690  -0.00596562    0.218734     2.11131  7.18318e-05
3700  -0.00635222    0.218433     2.02782  8.04592e-05
3710  -0.0075748    0.217484     2.44584  0.000155912
3720  -0.00947045    0.216012     1.86092  8.09772e-05
3730  -0.00919435    0.216226     2.27837  5.62386e-05
3740  -0.0105952    0.215138     2.94628  -3.61471e-05
3750  -0.00847141    0.216788     1.19178  5.66022e-05
3760  -0.0117273    0.214259     1.77694  0.000182803
3770  -0.0121275    0.213948     1.69312  2.3196e-05
3780  -0.0121912    0.213899     2.36194  -3.59092e-05
3790  -0.0114093    0.214506     1.35916  6.56939e-05
3800  -0.0135051    0.212878     1.60996  0.000133545
3810  -0.0140802    0.212432     1.44274  5.76191e-05
3820  -0.0146574    0.211983     2.27763  8.33458e-05
3830  -0.0157471    0.211137     1.69296  -1.02103e-05
3840  -0.0144532    0.212142     2.52843  -1.85834e-05
3850  -0.0153754    0.211426     2.86231  6.83437e-06
3860  -0.0145899    0.212036     1.77645  2.41217e-05
3870  -0.0158579    0.211051     3.11286  4.1198e-05
3880  -0.0154139    0.211396     2.94571  6.72644e-05
3890  -0.0172032    0.210006     3.36341  -1.57524e-06
3900  -0.0153824     0.21142     3.02953  -3.57787e-05
3910  -0.0164876    0.210562     3.78028  0.000145249
3920  -0.0182874    0.209164     4.11538  1.58992e-05
3930  -0.0168056    0.210315     3.27951  -7.0435e-05
3940  -0.0168787    0.210258     4.03132  5.07224e-05
3950    -0.01782    0.209527     3.27935  3.34302e-05
3960  -0.0175473    0.209739     4.61518  -9.90424e-06
3970  -0.0176219    0.209681     5.86753  -9.96757e-06
3980  -0.0173479    0.209894     4.86508  5.99359e-05
3990  -0.0188207     0.20875     4.28081  2.49823e-05
4000  -0.0178476    0.209506     3.36153  -3.6102e-05
4010  -0.0180986    0.209311     4.28073  -1.87657e-05
4020  -0.0174723    0.209797     3.61208  6.92147e-05
4030  -0.0194829    0.208236     4.11383  -3.65145e-05
4040   -0.016742    0.210364      3.8623  -0.000168632
4050  -0.0161103    0.210855     4.53079  9.58595e-05
4060  -0.0186592    0.208875     4.02986  0.000149047
4070  -0.0190912     0.20854     4.44698  0.000185217
4080  -0.0223635    0.205999     4.02977  0.000176719
4090  -0.0226256    0.205795     4.53087  -5.38547e-05
4100  -0.0212864    0.206835     5.44926  6.20034e-05
4110  -0.0238656    0.204832     5.53308  0.000213715
4120  -0.0255607    0.203516     4.02928  7.1379e-05
4130  -0.0252932    0.203723     5.03189  6.28255e-05
4140  -0.0268172     0.20254     5.36569  4.49299e-05
4150  -0.0261918    0.203025     5.61681  -7.16314e-05
4160  -0.0253846    0.203652     4.86459  -2.68223e-05
4170  -0.0256554    0.203442     4.36349  4.51745e-05
4180  -0.0262881    0.202951     4.27967  9.05006e-05
4190  -0.0274654    0.202036     3.77849  0.000163204
4200  -0.0295521    0.200416     3.77841  0.00010019
4210  -0.0294692     0.20048     4.27943  7.34693e-05
4220  -0.0310215    0.199274      4.1961  8.26887e-05
4230   -0.031123    0.199196     5.19855  5.57465e-05
4240  -0.0321365    0.198409     4.36324  0.00018373
4250  -0.0347976    0.196342     3.61143  0.000129329
4260   -0.034723      0.1964     3.94522  -1.66284e-05
4270   -0.034465      0.1966     4.53022  1.69612e-06
4280   -0.034757    0.196373     4.11204  -2.59377e-05
4290  -0.0339462    0.197003     4.36235  5.69871e-05
4300  -0.0358967    0.195488     3.94531  0.000167704
4310  -0.0373003    0.194398     4.02839  4.81417e-05
4320  -0.0368595     0.19474     4.44608  2.16234e-06
4330  -0.0373436    0.194365     4.86312  0.000141271
4340   -0.039685    0.192546     5.03092  0.000225261
4350  -0.0418488    0.190866     3.86165  9.57156e-05
4360  -0.0415993    0.191059     2.60817  -6.34119e-06
4370   -0.041722    0.190964     3.36006  3.09849e-05
4380   -0.042219    0.190578     1.85627  7.78671e-05
4390  -0.0432793    0.189755     2.10739  3.12017e-05
4400   -0.042843    0.190094     1.85627   3.145e-05
4410  -0.0439083    0.189266     1.43882  4.0842e-05
4420  -0.0436598    0.189459     1.27127  -3.43224e-05
4430  -0.0432219    0.189799     2.27388  -0.000138333
4440  -0.0408932    0.191608     1.68831  -7.24198e-05
4450  -0.0417735    0.190924    0.686353  0.000182977
4460  -0.0445527    0.188766  -0.0650533  1.25261e-05
4470   -0.042024     0.19073    0.852273  3.20785e-05
4480  -0.0451943    0.188267     1.10356  0.000250896
4490  -0.0470419    0.186833      1.7718  0.000146897
4500  -0.0481322    0.185986    0.853169  4.22696e-05
4510  -0.0478873    0.186176    0.852272  4.21349e-06
4520  -0.0482165     0.18592     2.02145  0.000109789
4530  -0.0500831    0.184471     2.44004  0.00011967
4540  -0.0506099    0.184061     1.77164  3.35051e-05
4550  -0.0507532     0.18395     1.60474  1.43614e-05
4560  -0.0508971    0.183838     2.60678  6.27719e-05
4570  -0.0520086    0.182975     2.02227  0.000111352
4580  -0.0531242    0.182109     1.77147  -4.71901e-06
4590  -0.0519142    0.183048      2.0217  -2.39702e-05
4600  -0.0526448    0.182481     1.26997  0.000190115
4610  -0.0557165    0.180095     1.68831  8.3226e-05
4620  -0.0543093    0.181188     1.35378  2.5272e-05
4630   -0.056222    0.179703    0.685538  0.000123042
4640  -0.0567701    0.179277     1.10282  5.49138e-05
4650  -0.0573203     0.17885    0.769027  8.46179e-05
4660  -0.0584625    0.177963     1.60376  5.53215e-05
4670  -0.0584267    0.177991     1.18607  8.52577e-05
4680  -0.0601676    0.176639     1.60409  0.000144755
4690  -0.0613218    0.175742     1.26997  0.000115629
4700  -0.0624802    0.174843     1.77115  8.62766e-05
4710  -0.0630473    0.174402     1.35288  0.000146346
4720  -0.0654071    0.172569    0.434905  1.71848e-05
4730   -0.063391    0.174135      1.0195  5.7596e-05
4740  -0.0665591    0.171675    0.686108  9.73389e-05
4750  -0.0653378    0.172623    0.852599  -2.09585e-06
4760  -0.0665171    0.171707     1.01958  -2.33687e-06
4770  -0.0652911     0.17266   0.0169676  -6.24746e-05
4780  -0.0652677    0.172678     1.01884  7.73221e-06
4790  -0.0654457     0.17254     1.35288  0.00014913
4800  -0.0682503    0.170361     1.18615   7.862e-05
4810  -0.0670181    0.171318      2.1047  4.89004e-05
4820  -0.0692283    0.169602     2.10478  0.000190964
4830  -0.0708374    0.168352    0.601395  8.99885e-05
4840   -0.071028    0.168204     1.35296  8.02767e-05
4850  -0.0724429    0.167105     2.27152  0.000141771
4860  -0.0738634    0.166002     1.68684  3.99549e-05
4870   -0.073242    0.166485     1.43621  3.00527e-05
4880  -0.0744645    0.165535     2.02072  0.000173875
4890  -0.0767195    0.163784     1.93731  -8.29842e-05
4900  -0.0728048    0.166824     1.76911  -8.27052e-05
4910  -0.0750654    0.165069    0.683335  0.000185153
4920  -0.0765079    0.163948   0.0988254  0.000103096
4930  -0.0771273    0.163467     0.93413  -1.05854e-05
4940  -0.0762962    0.164113     1.35093  3.11192e-05
4950  -0.0777497    0.162984   -0.235622  0.000135215
4960  -0.0790005    0.162012    0.849335  0.000187969
4970  -0.0815091    0.160064    0.933396  0.000104906
4980  -0.0810986    0.160383     1.35084  0.000126585
4990  -0.0840408    0.158098    0.599682  0.000148263
