Time   C(t)   
ps   
0           1           1  2.4499e-10   0.0201389
10     0.80142    0.877388   0.0624006   0.0108835
20     0.78233    0.865601    0.106698  0.00162816
30    0.768857    0.857282   -0.758888  0.00128142
40    0.756701    0.849777    -1.11749  0.00110525
50    0.746752    0.843633     -1.3563  0.000946021
60    0.737781    0.838094   -0.611162  0.000921711
70    0.728317    0.832251     0.56701  0.000785699
80    0.722067    0.828392   -0.268981  0.000823149
90    0.711854    0.822086     0.37321  0.000872299
100    0.704621     0.81762   -0.104353  0.000632331
110    0.699208    0.814278   -0.194594  0.000527412
120    0.694072    0.811107   -0.626811  0.000621521
130    0.686777    0.806603   -0.254438  0.00066931
140    0.680686    0.802842   -0.388801  0.000588301
150    0.675011    0.799338   -0.881286   0.0005032
160    0.670622    0.796628    -0.73241  0.000550932
170    0.663993    0.792534    0.296391  0.000652739
180    0.657568    0.788567   -0.762704  0.000514784
190    0.653697    0.786177   -0.554143  0.000430733
200    0.648953    0.783248   -0.137138  0.000537243
210    0.642952    0.779543    0.534299  0.000623918
220    0.636474    0.775543     0.54954  0.00049974
230    0.632957    0.773372    0.802064  0.000417367
240    0.628127    0.770389  -0.0025415  0.00048483
250    0.623261    0.767385   -0.241178  0.000467777
260    0.618772    0.764613  -0.0478291  0.00050391
270    0.613183    0.761162     1.29497  0.000433081
280     0.61011    0.759265    0.235221  0.00028953
290    0.607392    0.757586    0.905915  0.000360808
300    0.602894    0.754809    0.563457  0.000451469
310    0.598363    0.752011    0.563442  0.000431731
320    0.594259    0.749478    0.220591  0.000368148
330       0.591    0.747465   -0.361377  0.000277358
340    0.588712    0.746053    0.383908  0.00029732
350    0.585053    0.743794     1.09912  0.000376165
360    0.581189    0.741407    0.488167  0.000366122
370    0.577731    0.739272     1.20393  0.000287366
380    0.575441    0.737859  -0.00452243  0.000275409
390    0.572223    0.735871    0.517207  0.000302914
400    0.569383    0.734118    0.740879  0.000322238
410    0.565778    0.731892     1.05341  0.000439677
420     0.56059    0.728689   0.0997798   0.0003838
430    0.558102    0.727153    0.114002  0.000309643
440    0.554397    0.724865   -0.228791  0.000331378
450    0.551474     0.72306    0.516698  0.00036394
460    0.547118    0.720371  -0.00539633  0.000376949
470    0.543935    0.718406   -0.109538  0.00029009
480    0.541316    0.716788    0.904269  0.000270739
490    0.538521    0.715062     1.63498  0.000315952
500    0.534997    0.712887    0.545856  0.000354046
510     0.53144     0.71069     1.06751  0.000347236
520    0.528052    0.708599     1.18703  0.000357845
530    0.524283    0.706271    0.531182  0.000381148
540    0.520429    0.703892    0.143233  0.000328317
550    0.517716    0.702217    0.113187  0.00030027
560    0.514424    0.700184    0.202539  0.000278309
570     0.51215     0.69878    0.485618  0.000269011
580    0.509044    0.696862    0.172551   0.0002745
590     0.50666     0.69539     1.06667  0.000283876
600    0.503366    0.693356    0.455149  0.000339864
610    0.499863    0.691193   -0.439434  0.000356954
620    0.496227    0.688948   -0.738105  0.000314736
630    0.493568    0.687307  -0.00721672  0.000277662
640    0.490674     0.68552   -0.558905  0.000208983
650    0.489388    0.684726  -0.0524898  0.000254852
660    0.485577    0.682373    -1.00629  0.000329804
670    0.482792    0.680653    0.663098  0.000254759
680    0.480482    0.679227   -0.231922  0.000275573
690    0.477281     0.67725   -0.246319  0.00032423
700    0.473997    0.675223    0.305457  0.000248881
710    0.472303    0.674177    0.350046  0.000142819
720    0.471141    0.673459    0.513829  0.00028802
730    0.466543     0.67062    0.678005  0.00032157
740    0.464709    0.669488      0.9313  0.000196283
750    0.462617    0.668196     1.19971  0.000218332
760    0.460343    0.666792     1.06489    0.000284
770    0.456937    0.664689     1.00588  0.000281982
780    0.454703     0.66331     1.09497  0.000251853
790      0.4519    0.661579     1.13944  0.000249831
800    0.449706    0.660224    0.319301  0.000263371
810    0.446633    0.658327      1.1243  0.000311378
820    0.443479    0.656379    0.692139  0.000247645
830     0.44168    0.655269      1.4072  0.000211014
840    0.439259    0.653774    0.362855  0.000223129
850    0.437217    0.652513    0.914981  0.000248027
860    0.434298    0.650711     0.73533  0.000336312
870    0.430491     0.64836     1.22767  0.000244001
880    0.429418    0.647698     1.15302  0.000142273
890    0.427646    0.646603     1.43655  0.000267068
900    0.424077      0.6444      2.0481  0.000296177
910    0.421722    0.642946     1.86861  0.000277247
920    0.418532    0.640976     1.09323  0.000293474
930    0.415853    0.639322     1.46585  0.000231716
940    0.413897    0.638114     2.18188  0.000311716
950    0.409618    0.635472     1.86893  0.000222246
960    0.409453     0.63537     1.77859  0.000100222
970    0.407614    0.634235     1.51014  0.000234999
980    0.404753    0.632468      1.8231  0.000269504
990    0.402224    0.630907     1.94217  0.000208625
1000     0.40058    0.629892     1.40498  0.000248452
1010    0.397255    0.627838     2.31503  0.000248823
1020    0.395604    0.626819     1.97202  0.000248282
1030    0.392289    0.624772     1.98693  0.000251371
1040    0.390576    0.623715     2.07621  0.000167555
1050    0.388938    0.622703     1.40484  0.00022607
1060    0.386055    0.620923     1.89695  0.00025156
1070    0.383907    0.619597     1.25547  0.000133125
1080    0.383392    0.619279     1.32929  0.000132358
1090     0.38126    0.617962    0.956744  0.000287504
1100    0.377642    0.615729     1.67259  0.000254788
1110    0.376164    0.614816     1.41882  0.000237094
1120      0.3729    0.612801     1.09067  0.000249422
1130    0.371175    0.611736     1.32926  0.000252688
1140    0.367847    0.609681     1.34417  0.000194646
1150    0.367283    0.609332     1.23953  0.000135091
1160    0.365145    0.608012     1.37371  0.000214061
1170    0.363001    0.606689    0.732519  0.000272183
1180    0.359701    0.604651     1.68719  0.00020974
1190    0.358807    0.604099     1.37353  0.00015671
1200    0.356567    0.602716     1.47776  0.000264466
1210    0.353517    0.600833    0.687464  0.000230026
1220    0.351966    0.599875      0.4787  0.000222507
1230    0.349067    0.598085     1.23914  0.000208144
1240    0.347804    0.597305    0.985465  0.00012521
1250    0.346563    0.596539    0.686794  0.000195679
1260     0.34389    0.594889  -0.0137704  0.000185236
1270    0.342858    0.594252    0.716448  0.000139734
1280    0.341095    0.593163    0.328993  0.000213075
1290    0.338597     0.59162    0.075713  0.000200029
1300    0.337095    0.590693    0.671786  0.000191037
1310    0.334776    0.589261    0.627197  0.000203708
1320    0.333021    0.588177    0.552374  0.000189222
1330    0.330991    0.586925    0.940003  0.000211367
1340    0.328793    0.585567     0.29902  0.000198242
1350    0.327027    0.584477    0.642046  0.000190574
1360    0.324982    0.583214   0.0300318  0.000185448
1370    0.323318    0.582186    0.178821  0.000187305
1380    0.321236    0.580901   0.0151107  0.000200149
1390    0.319315    0.579715    0.298466  0.000241636
1400    0.316403    0.577917    0.730787  0.000254528
1410    0.314224    0.576572    0.432422  0.000136968
1420    0.313664    0.576226    0.715268  0.000163491
1430    0.310954    0.574553     0.95405  0.000188647
1440    0.309891    0.573896    0.804416  0.000201549
1450    0.306923    0.572064    0.580934  0.000199088
1460    0.305909    0.571437    0.804532  0.000158259
1470    0.303758     0.57011    0.894001  0.000194517
1480    0.302018    0.569035    0.878701  0.000179762
1490    0.300163     0.56789     1.17704  0.00020797
1500    0.297859    0.566467    0.640182  0.000158346
1510    0.296996    0.565934    0.863547  0.000221434
1520     0.29343    0.563733     1.14717  0.000262284
1530     0.29175    0.562695    0.774122  0.000110929
1540    0.291212    0.562363     1.17634  0.000154503
1550     0.28866    0.560787    0.893433  0.000224678
1560    0.286718    0.559588    0.699007  0.000138456
1570    0.285891    0.559078    0.251475  0.000172508
1580    0.283268    0.557458     1.65319  0.000185461
1590    0.282182    0.556787     1.23572  0.000174752
1600    0.279773      0.5553     1.13106  0.00022006
1610    0.277781     0.55407     1.42925  0.000214958
1620    0.275474    0.552646     1.30984  0.000170393
1630    0.274373    0.551966      1.3392  0.000187764
1640    0.271719    0.550327     1.35447  0.000196567
1650    0.270441    0.549538     1.42874  0.000174597
1660    0.268227    0.548171     0.68292  0.000145203
1670    0.267537    0.547745    0.921469  0.000166875
1680    0.264889     0.54611    0.757206  0.000194174
1690    0.263654    0.545347    0.950977  0.000171894
1700    0.261451    0.543987    0.623076  0.000186495
1710    0.259924    0.543044    0.787135  0.000167072
1720     0.25811    0.541924    0.801765  0.000188807
1730    0.256148    0.540713    0.682964  0.000196487
1740     0.25418    0.539498    0.951006  0.000182609
1750    0.252496    0.538458    0.950918  0.000154489
1760     0.25109     0.53759    0.831695  0.000176398
1770    0.248968     0.53628    0.488713  0.000178125
1780    0.247528     0.53539    0.548208  0.000158563
1790    0.245797    0.534321    0.563333  0.000124361
1800    0.245041    0.533855    0.517987  0.00019096
1810    0.241977    0.531963     0.13046  0.000188474
1820    0.241271    0.531527    0.622143  0.000134202
1830    0.239293    0.530306     0.62226  0.000198007
1840    0.237311    0.529082    0.502833  0.000127594
1850    0.236741     0.52873    0.681682  0.000107747
1860    0.235156    0.527752    0.428096  0.000206584
1870     0.23261    0.526179     1.71079  0.00013148
1880    0.232526    0.526128     1.39728  0.000152326
1890    0.229563    0.524298     1.38301  0.00022241
1900    0.228078    0.523381     1.60647  0.000123951
1910    0.227084    0.522768      1.9343  0.000160759
1920    0.224863    0.521396     1.14367  0.000153721
1930     0.22401    0.520869    0.815841  0.000171817
1940    0.221427    0.519275     1.36741  0.000167685
1950    0.220656    0.518799      1.5611  7.72901e-05
1960    0.219881     0.51832     1.76995  0.000181799
1970     0.21702    0.516554     1.36728  0.000270291
1980    0.214475    0.514982     1.74021  0.000166483
1990     0.21369    0.514498     1.63518  0.000121315
2000    0.212049    0.513484      1.6801  0.000151081
2010    0.210669    0.512632     1.20283  0.000164761
2020    0.208754     0.51145     1.39698  0.00019028
2030    0.206863    0.510282      1.4864  0.000144874
2040    0.205856    0.509661     1.42684  0.000123062
2050    0.204402    0.508763      1.6801  0.000188662
2060    0.202083    0.507331     1.99348  0.000263442
2070    0.199133    0.505509    0.964514  0.000179178
2080    0.198499    0.505118      1.4266  0.000133565
2090    0.196462     0.50386     1.17303  0.000145757
2100    0.195584    0.503318     1.35165  0.000143267
2110    0.193596    0.502091     1.59047  0.000173467
2120    0.192115    0.501176     1.39634  0.000211353
2130    0.189369    0.499481      2.2615  0.000211845
2140    0.187878     0.49856     1.08294  0.000140298
2150    0.186563    0.497748    0.709908  0.000173789
2160    0.184402    0.496414     1.02332  0.000139558
2170    0.183772    0.496025    0.799435  7.51928e-05
2180    0.182898    0.495485    0.933565  0.00012367
2190    0.181299    0.494498    0.963232  0.00015566
2200    0.179785    0.493563    0.575429  0.00012126
2210    0.178874       0.493      0.9929  0.000139796
2220    0.176989    0.491837     1.00779  0.000150719
2230    0.175859    0.491139    0.888204  0.000138971
2240     0.17421    0.490121     1.11182  0.000195615
2250    0.171947    0.488724      1.5895  0.00010168
2260    0.172176    0.488865     1.08199  2.57984e-05
2270    0.171431    0.488405     1.27566  0.000161729
2280    0.168942    0.486868     1.15645  0.000230911
2290    0.166813    0.485553     1.90222  0.000121204
2300    0.166518    0.485371     1.54411  9.70729e-05
2310    0.164871    0.484355     1.72299  0.000157175
2320    0.163374     0.48343     1.63334  0.00017145
2330    0.161442    0.482238     1.40958  0.000190344
2340    0.159567     0.48108     1.69317  0.000127633
2350     0.15889    0.480661     1.87188  0.000103337
2360      0.1575    0.479804     1.43903  0.000194756
2370    0.154995    0.478256      1.5286  0.000184364
2380    0.153813    0.477527     1.49892  0.000107431
2390    0.152846     0.47693     1.79678  0.000109261
2400    0.151628    0.476178     1.70724  0.000182585
2410    0.149194    0.474675     1.70744  0.000192349
2420    0.147781    0.473802     1.76708  0.000102539
2430    0.147143    0.473409     1.70725  0.00013871
2440    0.145007    0.472089      2.2738  0.000156229
2450    0.144019     0.47148     2.18436  0.00012075
2460    0.142592    0.470598      2.3785  0.000191473
2470    0.140189    0.469115     2.13988  0.000162135
2480    0.139349    0.468596     2.33344  9.51447e-05
2490    0.138287     0.46794     1.70696  0.000122104
2500    0.136907    0.467088     2.03485  0.000169626
2510    0.134894    0.465845     2.00522  7.54535e-05
2520    0.135398    0.466156     1.66173  9.00492e-05
2530    0.133093    0.464733     1.90063  0.00020709
2540    0.131256    0.463599     1.64735  0.000168113
2550    0.129731    0.462657     1.70687  8.13887e-05
2560    0.129628    0.462594     1.30397  6.26266e-05
2570    0.128478    0.461884     1.76594  0.000212152
2580    0.125385    0.459974     1.43806  0.000228524
2590    0.123908    0.459062      2.1243  9.38024e-05
2600    0.123509    0.458816     2.09386  9.09183e-05
2610    0.122089    0.457939     1.81062   0.0001502
2620    0.120505    0.456961     2.09405  0.000109014
2630    0.119909    0.456593     2.10864  0.000112557
2640    0.118254    0.455571     2.18347  0.000178589
2650    0.116337    0.454388     1.98964  0.000199952
2660    0.114255    0.453102     2.30287  0.00014256
2670    0.113486    0.452627     2.15353  7.70006e-05
2680    0.112715    0.452151     1.95954  7.71865e-05
2690    0.111942    0.451674     1.61621   0.0001711
2700    0.109293    0.450038     1.21392  0.000194111
2710     0.10806    0.449277     1.82494  0.000172049
2720    0.105852    0.447914     1.45234  0.000183809
2730    0.104384    0.447007     1.75047  0.00017625
2740    0.102327    0.445737     1.79506  0.000150664
2750    0.101371    0.445147     1.61627  0.000102288
2760    0.100281    0.444474     1.25838  0.00010584
2770   0.0992539     0.44384     1.78012  5.05865e-05
2780   0.0992695    0.443849      1.5562  0.00013093
2790   0.0966353    0.442223     1.69073  0.000199913
2800   0.0952713    0.441381     1.55644  0.000103801
2810   0.0945593    0.440941     2.10799  0.000115622
2820   0.0929588    0.439953     1.92936  0.00012904
2830   0.0919785    0.439347     2.00382  8.33333e-05
2840   0.0912922    0.438924     2.15279  0.00010501
2850   0.0898783    0.438051     2.13772  0.000121771
2860   0.0888567     0.43742      1.7798  0.000115549
2870   0.0875673    0.436624     2.10775  0.000110884
2880   0.0866391    0.436051     2.01823  2.82653e-05
2890    0.087002    0.436275     1.64513  -8.10139e-06
2900   0.0868011    0.436151     1.83861  0.000134897
2910   0.0843041    0.434609     1.64503  0.00014674
2920   0.0838663    0.434339     1.88352  5.88983e-05
2930   0.0831261    0.433882     1.97261    0.000166
2940   0.0805463    0.432289      1.9282  0.000218173
2950   0.0787627    0.431187     1.94296  8.1468e-05
2960   0.0789169    0.431283     1.92783  7.3465e-05
2970   0.0772934     0.43028     1.92795  0.000170992
2980   0.0754971    0.429171     2.37515  0.000112576
2990   0.0750418     0.42889     1.80849  9.61553e-05
3000    0.073574    0.427984     1.68926  0.000123373
3010   0.0725744    0.427366     1.49537  0.000122037
3020   0.0711333    0.426477     1.76391  0.000102057
3030   0.0705332    0.426106     1.58474  0.000136316
3040   0.0684069    0.424793     1.04811  0.000148467
3050   0.0675639    0.424273     1.16694  7.25143e-05
3060   0.0669566    0.423898     1.22693  8.12244e-05
3070   0.0659394     0.42327     1.27158  0.000137668
3080   0.0642033    0.422198     1.30129  9.36698e-05
3090    0.064066    0.422113     1.37571  0.000116285
3100   0.0618776    0.420762      1.2863  0.00019005
3110    0.060265    0.419766     1.03265  0.000111809
3120   0.0596414    0.419381     1.22632  3.49624e-05
3130   0.0595658    0.419334    0.898188  0.000164024
3140   0.0563609    0.417356      0.9731  0.000169445
3150   0.0561769    0.417242     1.37545  7.01299e-05
3160   0.0549583     0.41649     1.55443  0.000189439
3170   0.0523881    0.414903    0.808909  0.000163957
3180   0.0516792    0.414465     1.12173  8.66275e-05
3190   0.0506555    0.413833     1.12174  9.55813e-05
3200   0.0497676    0.413285     0.21202  9.93293e-05
3210    0.048669    0.412606     0.74889  8.56381e-05
3220   0.0480548    0.412227    0.972357  0.000139958
3230   0.0458698    0.410878     1.25605  0.000183886
3240   0.0443771    0.409956     1.01751  9.70991e-05
3250   0.0439278    0.409679      1.6286  0.00010098
3260   0.0423575    0.408709    0.972357  0.00012048
3270   0.0415182    0.408191     1.55405  5.06807e-05
3280   0.0413439    0.408083    0.972109  7.02169e-05
3290   0.0401139    0.407324    0.867705  0.000123137
3300   0.0388811    0.406563     1.03185  7.2379e-05
3310   0.0386663     0.40643     1.04664  6.20959e-05
3320   0.0376392    0.405796     1.43411  5.51501e-05
3330   0.0375633    0.405749      1.1656  3.41587e-05
3340    0.036956    0.405374    0.822461  6.61213e-05
3350   0.0362409    0.404933    0.330195  0.000117796
3360   0.0346001     0.40392    0.941786  9.6759e-05
3370   0.0343057    0.403738    0.747549  0.000136355
3380    0.031873    0.402236    0.896994  0.000165156
3390   0.0310026    0.401698    0.896557  9.78546e-05
3400   0.0299159    0.401027     1.23983  4.80162e-05
3410   0.0300423    0.401105    0.836756  0.000125348
3420    0.027409    0.399479     1.00121  0.000156053
3430   0.0269212    0.399178    0.956271  8.1183e-05
3440   0.0257853    0.398477    0.598309  0.000153386
3450   0.0238535    0.397284    0.747331  6.54142e-05
3460    0.024477    0.397669    0.896178  4.05108e-05
3470   0.0230433    0.396784    0.717343  6.9459e-05
3480   0.0230879    0.396811    0.672333  6.97992e-05
3490   0.0216473    0.395922     1.19422  6.80592e-05
3500   0.0217267    0.395971    0.940796  5.38301e-05
3510   0.0205707    0.395257    0.761568  0.000112161
3520   0.0194835    0.394586    0.672129  0.00010523
3530   0.0184661    0.393958    0.686976  0.000151183
3540   0.0164598    0.392719     1.26883  9.30617e-05
3550   0.0166048    0.392808     0.92538  4.77604e-05
3560   0.0155046    0.392129    0.865724  8.81553e-05
3570   0.0148417     0.39172    0.597232  8.47717e-05
3580   0.0138092    0.391082     0.74637  0.000160462
3590   0.0116325    0.389738     0.50801  0.000173786
3600   0.0103334    0.388936    0.448224  9.50237e-05
3610  0.00973203    0.388565    0.552439  0.000128635
3620  0.00776074    0.387348     1.01492  0.000136362
3630  0.00700478    0.386881     1.10414  8.12434e-05
3640  0.00613588    0.386344    0.626942  0.000157619
3650   0.0038524    0.384935    0.716367  0.000148719
3660   0.0031615    0.384508    0.775921  7.10614e-05
3670  0.00243117    0.384057     1.08902  8.62173e-05
3680  0.00143716    0.383443    0.820597  7.89869e-05
3690  0.000851434    0.383082    0.865302  0.000139183
3700  -0.00134651    0.381724     0.80537  0.000152609
3710  -0.00220074    0.381197     1.35719  0.000132537
3720  -0.00399725    0.380088     1.07401  0.000123518
3730  -0.00467111    0.379672     0.92487  0.000144705
3740  -0.00689135    0.378301    0.760723  0.000139367
3750  -0.00745845    0.377951    0.894663  9.27117e-05
3760  -0.00874559    0.377156     1.05877  7.21257e-05
3770  -0.00890096     0.37706    0.685943  0.000114154
3780  -0.0110287    0.375746    0.820175  8.39946e-05
3790  -0.0105809    0.376023     1.16289  3.69196e-05
3800  -0.0117671     0.37529      1.0735  7.87963e-05
3810  -0.0121568     0.37505    0.849667  0.000103953
3820  -0.0138461    0.374007    0.924083  0.000136683
3830  -0.0148904    0.373362     1.08841  0.000110361
3840  -0.0160533    0.372644    0.715668  0.000133703
3850  -0.0175645    0.371711     1.23743  0.000107228
3860  -0.0181979     0.37132     1.44599  8.65093e-05
3870  -0.0192947    0.370642     1.08803  0.000115653
3880   -0.020511    0.369891     1.29663  0.000121814
3890   -0.021731    0.369138       1.252  0.000126086
3900  -0.0230327    0.368334     1.19221  0.000110978
3910  -0.0239505    0.367768     1.38603  8.80853e-05
3920  -0.0247944    0.367247     1.01322  3.79018e-05
3930  -0.0247086      0.3673     1.25156  5.75563e-05
3940  -0.0259455    0.366536      1.4308  0.000110238
3950  -0.0269133    0.365938     1.37109  6.57448e-05
3960  -0.0272604    0.365724     1.13212  6.01627e-05
3970  -0.0281166    0.365195     1.02783  0.000113165
3980  -0.0295237    0.364327     1.50497  0.000103717
3990  -0.0301909    0.363915     1.50481  7.07285e-05
4000  -0.0309383    0.363453    0.967725  0.000135899
4010  -0.0329089    0.362236     1.19198  0.000169775
4020  -0.0343338    0.361357     1.41548  0.00012696
4030  -0.0354481    0.360669     1.08731  6.60561e-05
4040  -0.0356549    0.360541     1.43003  0.000111937
4050  -0.0376868    0.359286     0.93832   4.464e-05
4060  -0.0365477     0.35999      1.1318  1.5221e-05
4070  -0.0379912    0.359098     1.51953  0.000102751
4080  -0.0386027    0.358721     1.10188  5.52732e-05
4090  -0.0390967    0.358416     1.13144  0.000109417
4100  -0.0407911     0.35737     1.01231   0.0001337
4110  -0.0417707    0.356765    0.952717  0.000144259
4120  -0.0436762    0.355588    0.937738  0.000130626
4130  -0.0443832    0.355152     1.23615  8.68978e-05
4140  -0.0454142    0.354515     1.34065  1.45767e-05
4150  -0.0446748    0.354972     1.07172  -3.40752e-06
4160  -0.0453461    0.354557     1.05644  0.000117854
4170  -0.0470318    0.353516    0.862841  0.000168817
4180  -0.0487224    0.352473    0.952193  0.000104446
4190  -0.0491207    0.352227    0.877878  8.46028e-05
4200  -0.0504145    0.351428    0.803127  0.000109221
4210  -0.0513052    0.350878    0.340819  9.53857e-05
4220  -0.0523222     0.35025    0.683758  0.000116155
4230  -0.0536283    0.349443    0.639271   7.967e-05
4240  -0.0539156    0.349266    0.609109  6.97583e-05
4250  -0.0550234    0.348582    0.519887  7.6103e-05
4260  -0.0554376    0.348326    0.803243  0.000113476
4270   -0.057293    0.347181    0.743355  7.86755e-05
4280  -0.0570111    0.347355     0.92219  3.78679e-05
4290  -0.0580503    0.346713    0.892363  0.00011441
4300  -0.0592993    0.345942     1.08621  4.43336e-05
4310   -0.058937    0.346166    0.698373  7.99572e-05
4320  -0.0608985    0.344954      1.1757  0.000175685
4330  -0.0624507    0.343996    0.803025  8.4646e-05
4340  -0.0625914    0.343909      1.2798  7.25504e-05
4350  -0.0639017      0.3431     1.19026  9.78231e-05
4360  -0.0645479    0.342701     0.72807  7.31055e-05
4370  -0.0653638    0.342197     1.07098  6.9119e-05
4380  -0.0659302    0.341848    0.399747  5.88693e-05
4390  -0.0665412     0.34147      0.9365  8.64852e-05
4400    -0.06766     0.34078    0.772571  8.46125e-05
4410  -0.0682335    0.340426    0.787449  6.80689e-05
4420  -0.0690213    0.339939     1.07079  2.38441e-05
4430  -0.0687103    0.340131     1.08536  2.39886e-05
4440  -0.0695011    0.339643       1.175  3.46147e-05
4450  -0.0694026    0.339704     1.21956  1.78203e-05
4460  -0.0698575    0.339423     1.45798  2.42256e-05
4470  -0.0698871    0.339404     1.47279  7.34556e-05
4480  -0.0713266    0.338516     1.18963  0.000133529
4490  -0.0725577    0.337756     1.23451  0.00013621
4500  -0.0740508    0.336834     1.05542  3.14146e-05
4510   -0.073186    0.337368     1.23416  4.03441e-05
4520  -0.0748577    0.336335     1.12973  8.33936e-05
4530  -0.0748539    0.336338     1.29397  4.06362e-05
4540  -0.0756704    0.335834     1.39821  3.85292e-05
4550  -0.0756245    0.335862     1.51748  8.43011e-05
4560  -0.0773565    0.334793     1.80075  0.000153956
4570  -0.0787036    0.333961     1.59221  6.31627e-05
4580  -0.0786197    0.334013     1.30874  2.21305e-05
4590  -0.0791462    0.333688      1.8603  0.000109484
4600  -0.0808094    0.332661      1.7116  0.000109774
4610  -0.0813417    0.332332      1.3385  8.61835e-05
4620  -0.0825331    0.331596     1.38338  4.2538e-05
4630  -0.0821924    0.331807     1.35351  2.30573e-05
4640  -0.0829942    0.331312      1.3086  7.36944e-05
4650  -0.0836663    0.330897     1.62166  7.8398e-05
4660  -0.0845622    0.330343      1.5323  0.000118506
4670  -0.0860364    0.329433        1.07  9.00738e-05
4680  -0.0863636    0.329231     1.26382  4.16957e-05
4690  -0.0868704    0.328918      1.1295  0.000115267
4700   -0.088669    0.327808     1.45769  9.32641e-05
4710  -0.0887356    0.327767     1.08478  9.15412e-05
4720  -0.0904998    0.326677     1.11468  0.000102908
4730  -0.0907938    0.326496    0.995135  3.39534e-05
4740  -0.0911789    0.326258     1.02492  9.92209e-05
4750  -0.0927782    0.325271     1.05466  0.000101726
4760  -0.0932134    0.325002     1.53208  4.58635e-05
4770  -0.0936955    0.324704      1.1738  9.12324e-05
4780   -0.095038    0.323875     1.08443  8.92218e-05
4790  -0.0954799    0.323602     1.23344  3.74772e-05
4800  -0.0957876    0.323412     1.03952  8.99024e-05
4810   -0.097278    0.322492     1.26338  0.000117456
4820  -0.0981367    0.321962     1.05472  0.00010201
4830  -0.0993182    0.321232     1.14394  1.77987e-05
4840  -0.0984927    0.321742     1.14378  6.60792e-06
4850  -0.0994503    0.321151     1.33758  6.15407e-05
4860  -0.0997235    0.320982     1.17362  3.88503e-05
4870   -0.100227    0.320671     1.63581  7.12182e-05
4880   -0.101148    0.320103     1.24791  0.000129173
4890   -0.102811    0.319076     1.20322  8.56623e-05
4900   -0.102861    0.319045     1.20323  3.74988e-05
4910   -0.103561    0.318613     1.23306  4.22362e-05
4920   -0.103706    0.318523     1.68021  5.40834e-05
4930   -0.104642    0.317945       1.934  0.000138114
4940   -0.106468    0.316818     1.50146  7.31852e-05
4950   -0.106106    0.317041     1.38208  5.8379e-06
4960   -0.106585    0.316746     1.48637  5.96944e-05
4970     -0.1073    0.316304     1.44158  9.98601e-05
4980   -0.108582    0.315513     1.33719  0.000116708
4990   -0.109634    0.314863     1.41181  0.000133555
