Time   Number   
ps   
0          20          26
10          24          26
20          21          25
30          21          23
40          26          26
50          23          27
60          24          32
70          23          27
80          26          26
90          20          24
100          21          29
110          23          27
120          21          27
130          18          26
140          21          29
150          18          28
160          22          22
170          23          23
180          20          28
190          23          25
200          20          24
210          19          23
220          20          22
230          21          27
240          24          30
250          23          27
260          24          26
270          23          29
280          25          27
290          22          30
300          23          23
310          25          31
320          21          31
330          25          25
340          22          26
350          23          25
360          22          24
370          23          29
380          20          22
390          20          24
400          19          25
410          20          20
420          19          23
430          19          21
440          22          30
450          23          25
460          23          29
470          18          26
480          19          23
490          18          22
500          19          23
510          18          24
520          19          25
530          19          23
540          19          27
550          21          23
560          20          20
570          16          22
580          18          22
590          21          23
600          20          24
610          17          21
620          16          20
630          22          32
640          20          20
650          17          23
660          22          24
670          21          27
680          20          22
690          22          22
700          18          24
710          16          18
720          21          25
730          18          20
740          18          26
750          18          20
760          18          20
770          15          17
780          20          24
790          19          23
800          19          25
810          20          22
820          23          23
830          21          25
840          21          27
850          17          17
860          19          19
870          19          25
880          18          20
890          19          21
900          13          25
910          18          24
920          17          21
930          17          17
940          16          20
950          18          20
960          14          22
970          17          17
980          18          22
990          18          20
1000          15          21
1010          18          20
1020          19          25
1030          20          22
1040          17          25
1050          19          23
1060          19          21
1070          19          19
1080          20          20
1090          19          29
1100          21          29
1110          21          31
1120          21          23
1130          20          30
1140          18          22
1150          20          24
1160          18          24
1170          21          23
1180          17          25
1190          20          24
1200          20          24
1210          20          24
1220          19          21
1230          18          24
1240          19          27
1250          23          27
1260          20          26
1270          20          28
1280          21          21
1290          23          25
1300          18          24
1310          17          21
1320          16          22
1330          19          29
1340          20          26
1350          21          25
1360          20          26
1370          21          31
1380          20          32
1390          23          25
1400          21          27
1410          20          24
1420          17          29
1430          15          31
1440          18          28
1450          17          27
1460          17          23
1470          17          25
1480          21          21
1490          18          20
1500          17          25
1510          17          21
1520          21          23
1530          17          21
1540          19          21
1550          19          23
1560          20          24
1570          22          26
1580          21          21
1590          18          22
1600          18          24
1610          19          31
1620          18          26
1630          20          24
1640          19          21
1650          17          29
1660          14          20
1670          16          26
1680          16          28
1690          22          30
1700          20          26
1710          21          21
1720          20          24
1730          17          27
1740          22          22
1750          20          22
1760          19          19
1770          20          22
1780          20          24
1790          16          24
1800          19          25
1810          18          26
1820          19          23
1830          17          25
1840          20          26
1850          20          24
1860          17          19
1870          20          20
1880          22          26
1890          19          23
1900          20          22
1910          19          31
1920          21          27
1930          22          24
1940          20          20
1950          18          22
1960          18          22
1970          19          19
1980          20          26
1990          18          26
2000          15          25
2010          19          25
2020          14          22
2030          14          24
2040          19          29
2050          20          24
2060          23          27
2070          20          24
2080          23          31
2090          20          30
2100          24          28
2110          22          24
2120          22          22
2130          22          22
2140          19          25
2150          19          27
2160          18          24
2170          18          26
2180          19          21
2190          18          22
2200          16          24
2210          21          23
2220          17          17
2230          19          19
2240          16          20
2250          17          21
2260          19          21
2270          18          20
2280          15          21
2290          16          20
2300          16          18
2310          22          22
2320          17          21
2330          19          25
2340          18          18
2350          17          19
2360          17          21
2370          14          16
2380          16          16
2390          16          20
2400          13          17
2410          11          17
2420          14          18
2430          18          20
2440          19          25
2450          19          23
2460          19          25
2470          17          19
2480          18          24
2490          20          24
2500          21          23
2510          19          23
2520          21          21
2530          19          21
2540          20          24
2550          18          22
2560          20          24
2570          19          25
2580          18          28
2590          19          23
2600          18          24
2610          19          27
2620          21          25
2630          20          24
2640          22          28
2650          21          25
2660          20          24
2670          22          22
2680          18          24
2690          17          23
2700          21          23
2710          21          23
2720          16          24
2730          19          23
2740          18          22
2750          19          21
2760          20          22
2770          21          25
2780          20          24
2790          20          24
2800          14          20
2810          19          21
2820          16          20
2830          20          24
2840          18          24
2850          20          24
2860          20          22
2870          18          26
2880          18          28
2890          17          17
2900          18          18
2910          17          19
2920          18          22
2930          20          22
2940          19          25
2950          18          26
2960          19          27
2970          17          27
2980          18          28
2990          16          22
3000          20          24
3010          17          31
3020          17          21
3030          18          24
3040          18          26
3050          24          28
3060          20          22
3070          21          25
3080          21          23
3090          20          20
3100          20          24
3110          23          25
3120          21          29
3130          19          29
3140          18          26
3150          16          20
3160          17          19
3170          14          26
3180          16          22
3190          14          16
3200          17          23
3210          19          25
3220          17          21
3230          16          20
3240          19          23
3250          19          21
3260          18          24
3270          19          25
3280          19          21
3290          19          33
3300          19          21
3310          18          22
3320          20          22
3330          17          27
3340          18          24
3350          20          24
3360          21          23
3370          20          22
3380          18          28
3390          19          27
3400          20          24
3410          20          28
3420          19          23
3430          23          27
3440          22          28
3450          22          28
3460          22          22
3470          20          24
3480          20          26
3490          21          23
3500          24          28
3510          21          29
3520          22          30
3530          21          27
3540          24          30
3550          22          36
3560          22          28
3570          25          31
3580          19          25
3590          20          36
3600          20          26
3610          24          30
3620          24          28
3630          21          29
3640          20          26
3650          21          25
3660          20          24
3670          22          24
3680          18          30
3690          19          21
3700          18          20
3710          19          31
3720          17          25
3730          19          23
3740          19          21
3750          20          20
3760          19          25
3770          19          23
3780          19          19
3790          16          22
3800          16          20
3810          19          23
3820          19          25
3830          19          21
3840          22          26
3850          22          30
3860          21          31
3870          17          29
3880          20          26
3890          19          29
3900          19          23
3910          18          24
3920          19          25
3930          17          31
3940          16          22
3950          17          23
3960          17          19
3970          16          24
3980          18          24
3990          16          22
4000          14          24
4010          18          18
4020          16          20
4030          18          30
4040          15          21
4050          16          16
4060          17          21
4070          15          17
4080          17          21
4090          17          17
4100          17          19
4110          17          17
4120          15          23
4130          14          18
4140          18          18
4150          17          21
4160          15          21
4170          19          21
4180          16          22
4190          21          23
4200          21          25
4210          18          28
4220          21          23
4230          19          27
4240          19          27
4250          22          28
4260          20          22
4270          20          24
4280          18          22
4290          18          22
4300          21          23
4310          22          26
4320          15          21
4330          18          24
4340          19          23
4350          21          23
4360          21          21
4370          18          26
4380          20          24
4390          17          23
4400          21          21
4410          22          28
4420          21          25
4430          21          23
4440          21          25
4450          22          26
4460          19          25
4470          19          23
4480          14          24
4490          17          25
4500          16          20
4510          18          24
4520          19          31
4530          23          27
4540          19          23
4550          18          24
4560          21          27
4570          18          26
4580          16          26
4590          22          24
4600          19          25
4610          18          20
4620          14          22
4630          19          23
4640          19          19
4650          17          27
4660          23          25
4670          20          28
4680          16          22
4690          15          21
4700          18          24
4710          19          23
4720          19          23
4730          19          29
4740          18          18
4750          14          18
4760          17          21
4770          15          19
4780          18          18
4790          17          23
4800          17          23
4810          17          23
4820          15          21
4830          17          23
4840          18          20
4850          18          18
4860          18          18
4870          18          18
4880          18          26
4890          20          20
4900          19          27
4910          21          29
4920          21          25
4930          19          25
4940          20          22
4950          17          23
4960          18          22
4970          19          23
4980          19          25
4990          23          25
5000          21          27
5010          22          26
5020          22          26
5030          19          23
5040          18          22
5050          15          19
5060          16          18
5070          16          16
5080          16          16
5090          15          15
5100          18          20
5110          17          19
5120          14          22
5130          13          23
5140          15          19
5150          19          21
5160          18          18
5170          16          22
5180          19          21
5190          20          24
5200          17          19
5210          18          20
5220          16          22
5230          19          21
5240          18          18
5250          18          20
5260          20          20
5270          18          20
5280          18          24
5290          19          25
5300          18          26
5310          17          21
5320          16          20
5330          16          22
5340          19          23
5350          21          23
5360          22          26
5370          20          24
5380          20          22
5390          18          30
5400          20          24
5410          22          24
5420          20          20
5430          21          25
5440          20          22
5450          20          30
5460          19          21
5470          21          21
5480          15          17
5490          18          26
5500          18          22
5510          19          23
5520          19          23
5530          15          15
5540          15          19
5550          17          21
5560          18          26
5570          18          24
5580          16          16
5590          17          23
5600          13          21
5610          15          21
5620          13          17
5630          16          16
5640          17          25
5650          17          25
5660          17          23
5670          17          19
5680          17          23
5690          18          28
5700          16          20
5710          17          25
5720          23          29
5730          25          31
5740          22          26
5750          20          22
5760          21          25
5770          23          29
5780          22          28
5790          24          28
5800          23          25
5810          25          29
5820          23          25
5830          21          25
5840          25          27
5850          25          25
5860          22          24
5870          22          26
5880          21          21
5890          23          25
5900          23          25
5910          22          32
5920          24          26
5930          26          26
5940          27          29
5950          22          26
5960          23          27
5970          23          23
5980          21          29
5990          20          24
6000          17          21
6010          22          22
6020          20          28
6030          19          23
6040          23          27
6050          19          23
6060          21          31
6070          19          23
6080          18          20
6090          19          23
6100          17          25
6110          20          20
6120          21          23
6130          18          24
6140          20          24
6150          21          25
6160          19          27
6170          19          23
6180          23          23
6190          22          26
6200          21          25
6210          24          24
6220          23          31
6230          25          27
6240          25          25
6250          24          30
6260          25          31
6270          21          31
6280          23          29
6290          23          27
6300          27          31
6310          26          38
6320          24          34
6330          27          27
6340          26          32
6350          25          27
6360          24          30
6370          25          29
6380          25          31
6390          25          35
6400          28          30
6410          24          28
6420          26          32
6430          23          33
6440          23          31
6450          27          31
6460          19          29
6470          25          29
6480          27          31
6490          27          33
6500          27          33
6510          27          31
6520          24          32
6530          27          31
6540          27          33
6550          25          27
6560          27          29
6570          27          31
6580          27          31
6590          23          39
6600          22          30
6610          26          28
6620          26          30
6630          24          32
6640          27          31
6650          25          31
6660          25          31
6670          26          36
6680          24          34
6690          27          33
6700          24          28
6710          24          24
6720          26          32
6730          25          33
6740          24          34
6750          24          28
6760          24          26
6770          23          27
6780          27          29
6790          24          28
6800          26          30
6810          27          35
6820          27          31
6830          28          32
6840          26          30
6850          24          30
6860          21          27
6870          24          34
6880          22          32
6890          27          35
6900          25          31
6910          27          31
6920          29          33
6930          30          34
6940          25          31
6950          22          32
6960          22          36
6970          27          29
6980          24          28
6990          24          24
7000          25          29
7010          27          31
7020          21          27
7030          26          34
7040          24          30
7050          22          24
7060          25          31
7070          23          29
7080          22          28
7090          21          27
7100          21          29
7110          20          28
7120          18          26
7130          20          28
7140          22          28
7150          17          25
7160          21          29
7170          19          25
7180          23          27
7190          19          23
7200          23          27
7210          20          26
7220          19          27
7230          24          24
7240          23          33
7250          24          26
7260          24          26
7270          24          32
7280          19          23
7290          22          26
7300          25          29
7310          22          30
7320          21          25
7330          23          27
7340          25          31
7350          22          26
7360          20          26
7370          23          29
7380          22          22
7390          20          28
7400          24          24
7410          20          22
7420          23          25
7430          24          28
7440          25          29
7450          20          28
7460          23          27
7470          21          25
7480          21          25
7490          21          21
7500          20          28
7510          19          23
7520          21          27
7530          22          26
7540          19          27
7550          20          22
7560          23          25
7570          21          27
7580          21          27
7590          23          29
7600          19          23
7610          22          26
7620          23          25
7630          24          30
7640          22          24
7650          24          24
7660          23          27
7670          22          22
7680          21          27
7690          18          26
7700          20          30
7710          20          26
7720          21          23
7730          20          26
7740          18          18
7750          19          23
7760          18          24
7770          14          16
7780          20          22
7790          20          24
7800          18          22
7810          14          22
7820          16          20
7830          21          23
7840          18          18
7850          18          24
7860          22          22
7870          18          26
7880          17          23
7890          19          23
7900          18          24
7910          20          24
7920          20          22
7930          20          22
7940          18          26
7950          19          25
7960          22          22
7970          20          20
7980          19          25
7990          20          24
8000          18          24
8010          17          31
8020          20          28
8030          17          25
8040          19          31
8050          23          29
8060          20          22
8070          21          29
8080          24          24
8090          21          23
8100          22          28
8110          23          25
8120          22          26
8130          21          31
8140          20          24
8150          19          23
8160          21          23
8170          20          20
8180          19          25
8190          23          27
8200          19          25
8210          22          26
8220          22          22
8230          22          28
8240          21          27
8250          20          28
8260          21          27
8270          22          26
8280          19          23
8290          20          22
8300          22          26
8310          21          25
8320          20          22
8330          22          24
8340          21          23
8350          21          21
8360          19          23
8370          17          17
8380          17          25
8390          22          24
8400          21          21
8410          17          23
8420          20          24
8430          22          24
8440          18          22
8450          17          17
8460          18          22
8470          16          28
8480          15          23
8490          18          24
8500          20          20
8510          18          24
8520          19          25
8530          22          24
8540          21          27
8550          20          24
8560          24          28
8570          24          28
8580          22          24
8590          20          28
8600          22          30
8610          21          31
8620          21          27
8630          21          29
8640          25          35
8650          27          35
8660          28          28
8670          27          33
8680          26          30
8690          26          30
8700          21          29
8710          23          31
8720          23          27
8730          25          31
8740          26          38
8750          25          29
8760          27          31
8770          28          34
8780          25          39
8790          27          31
8800          28          30
8810          22          36
8820          24          30
8830          23          31
8840          24          30
8850          23          31
8860          22          30
8870          24          28
8880          22          32
8890          21          31
8900          26          30
8910          25          33
8920          29          29
8930          24          34
8940          25          27
8950          26          32
8960          22          28
8970          27          29
8980          22          26
8990          23          25
9000          24          30
9010          22          28
9020          21          25
9030          23          31
9040          22          28
9050          23          29
9060          21          27
9070          20          30
9080          19          23
9090          23          23
9100          19          27
9110          20          22
9120          23          29
9130          24          26
9140          19          21
9150          18          26
9160          20          24
9170          19          29
9180          21          25
9190          22          26
9200          19          29
9210          19          27
9220          19          23
9230          20          22
9240          21          27
9250          24          26
9260          22          24
9270          23          25
9280          20          28
9290          25          27
9300          20          32
9310          23          27
9320          25          27
9330          23          29
9340          25          29
9350          20          28
9360          20          24
9370          21          23
9380          19          25
9390          21          25
9400          18          24
9410          16          20
9420          17          25
9430          17          21
9440          19          21
9450          20          28
9460          17          21
9470          22          26
9480          20          26
9490          17          25
9500          19          27
9510          21          29
9520          16          22
9530          14          26
9540          16          22
9550          16          22
9560          18          30
9570          16          22
9580          20          22
9590          18          20
9600          17          23
9610          17          23
9620          13          19
9630          19          25
9640          19          23
9650          16          24
9660          20          26
9670          17          17
9680          18          20
9690          18          22
9700          17          21
9710          20          24
9720          17          19
9730          16          22
9740          18          22
9750          17          23
9760          20          22
9770          18          22
9780          20          22
9790          18          24
9800          21          27
9810          16          20
9820          16          22
9830          18          24
9840          22          26
9850          21          23
9860          19          27
9870          22          24
9880          18          20
9890          18          26
9900          20          28
9910          19          21
9920          18          26
9930          18          24
9940          22          26
9950          19          27
9960          21          25
9970          21          29
9980          19          21
9990          20          22
10000          19          25
