Time   C(t)   
ps   
0           1           1  5.56844e-10    0.025438
10     0.74722    0.855494    -1.49882   0.0137095
20    0.725811    0.843255    -3.32687  0.00198088
30    0.707603    0.832846    -1.82381  0.00148669
40    0.696077    0.826257    -2.41199  0.00114256
50    0.684752    0.819783    -2.87023  0.00122903
60    0.671496    0.812205    -5.02518  0.000973058
70     0.66529    0.808657    -2.93554  0.000907946
80    0.653337    0.801824    -4.10845  0.00103329
90    0.644624    0.796843    -3.45642  0.000905979
100    0.635218    0.791466    -4.36921  0.000682253
110    0.630979    0.789043    -2.47794  0.00045813
120    0.626055    0.786228    -4.63315  0.000532448
130     0.62033    0.782955    -3.06701  0.000482586
140    0.616403     0.78071    -4.30861  0.000676176
150    0.606807    0.775224    -3.32847  0.000881249
160    0.598778    0.770635    -6.26493  0.000866124
170    0.589484    0.765321    -4.37258  0.00087918
180    0.581195    0.760583     -4.5679  0.000579736
190     0.57789    0.758693    -3.58986  0.000347888
200    0.574237    0.756605    -3.06803  0.000325817
210    0.571373    0.754968    -2.35158  0.00032652
220    0.567707    0.752872    -3.85381  0.000441253
230    0.562548    0.749923    -3.91906  0.000447837
240     0.55875    0.747752    -1.50398  0.000488886
250    0.552771    0.744333    -3.33165  0.000598502
260     0.54678    0.740909    -4.37603  0.000685683
270    0.539057    0.736494    -3.72171  0.000405937
280    0.538661    0.736267    -4.90035  0.000183177
290    0.535393    0.734399    -3.98566  0.000557086
300    0.527519    0.729898    -5.42219  0.000362325
310    0.528147    0.730257    -5.94555  0.000196445
320    0.523591    0.727652    -4.31307  0.000582957
330    0.516488    0.723592    -4.50877  0.000445476
340    0.514681    0.722559    -5.22662  0.000117305
350    0.514142     0.72225    -4.96682  0.000134963
360    0.511982    0.721016    -4.18537  0.000407314
370    0.505995    0.717593     -4.5117  0.000413764
380    0.503707    0.716285    -4.70778  0.000292957
390    0.500136    0.714244    -4.96987  0.000566511
400    0.492376    0.709808    -4.25005  0.000643086
410    0.487275    0.706891    -2.55237  0.000359347
420    0.485189    0.705699     -4.1189  0.000232051
430    0.482634    0.704238    -3.07555  0.000366662
440    0.477856    0.701507    -3.59726  0.000396506
450    0.474703    0.699705    -3.66162  0.000222078
460    0.473415    0.698968    -4.18581  0.000281145
470     0.46908     0.69649    -4.57625  0.00043972
480     0.46462    0.693941    -3.85865  0.000340986
490    0.462261    0.692592    -5.16442  0.000412261
500    0.456375    0.689227     -5.8176  0.000489287
510    0.452475    0.686998    -5.94785  0.000384569
520    0.448684     0.68483    -4.90367  0.000385393
530    0.444767    0.682591    -4.64278  0.000415671
540     0.44037    0.680078    -4.77258  0.000446042
550    0.435846    0.677491    -5.10057  0.000464664
560    0.431077    0.674765    -6.73127  0.000258671
570    0.430673    0.674534    -6.34109  0.000259478
580    0.425887    0.671798    -4.83994  0.000514603
590    0.420381     0.66865     -5.0357  0.000195314
600    0.421981    0.669565    -5.29863  0.000166431
610    0.417052    0.666747    -5.16729  0.000558779
620    0.410805    0.663176    -7.05894  0.000512293
630    0.406806     0.66089    -7.64839  0.00048375
640     0.40113    0.657645    -7.19034  0.000305766
650    0.400691    0.657394    -6.08231  0.000103691
660    0.399057     0.65646    -7.45288  0.000307059
670     0.39455    0.653884    -5.62534  0.000511001
680    0.388837    0.650617    -8.43073  0.000470118
690    0.385147    0.648509    -5.69085  0.000513189
700    0.378573     0.64475    -4.64456  0.000418095
710    0.376786    0.643728    -5.23382  0.000245017
720    0.373672    0.641949     -4.3854  0.000413899
730    0.368508    0.638996    -5.49509  0.000468867
740    0.364295    0.636588    -4.58161  0.000409649
750    0.360315    0.634312    -4.38565  0.000271739
760     0.35886    0.633481    -4.45167  0.000417496
770    0.351965    0.629539    -5.95212  0.000696304
780    0.344934     0.62552    -5.36414  0.000358711
790     0.34479    0.625438    -4.90775  9.92656e-05
800    0.342949    0.624385    -4.32142  0.000420983
810    0.336371    0.620624    -4.12541  0.000403415
820    0.334881    0.619773    -4.71313  0.000307287
830    0.330225    0.617111    -4.19047  0.000466077
840    0.325559    0.614444    -4.19047  0.000339085
850    0.323443    0.613234    -4.84402  0.000388771
860    0.317784    0.609999     -5.0394  0.000279507
870    0.317853    0.610039    -4.51801  0.000323209
880     0.31132    0.606303    -4.71313  0.000623511
890    0.305383     0.60291    -3.86356  0.000287895
900    0.305562    0.603012    -5.56226  3.12015e-05
910    0.304759    0.602553    -4.97612  0.000368977
920    0.298182    0.598793     -4.1913  0.000387912
930    0.297001    0.598118    -5.56283  0.000284465
940    0.292493    0.595541    -4.71454  0.00024792
950    0.292042    0.595283     -3.1482  0.000100631
960     0.29048     0.59439    -2.69149  0.000125518
970    0.289532    0.593848    -3.34466  0.000243302
980    0.285614    0.591609    -1.71237  0.000355068
990    0.282431    0.589789    -3.21371  0.000393082
1000    0.277752    0.587114    -3.60638  0.000412481
1010    0.274181    0.585073    -2.23567  0.000425857
1020    0.269235    0.582245   -0.406025  0.000426738
1030    0.265646    0.580194    -1.05869  0.000359322
1040    0.262049    0.578137   0.0506212  0.000272903
1050    0.260188    0.577073    0.181001  0.000211203
1060    0.257825    0.575722    -1.51718  0.000174189
1070    0.256704    0.575082    -1.64852  0.000205933
1080    0.253706    0.573368    -1.38744  0.000519201
1090     0.24632    0.569146    -2.04036  0.000275774
1100    0.248191    0.570215    -1.97593  6.99088e-05
1110    0.244922    0.568346     0.11409  0.000113726
1120    0.245916    0.568914      -1.062  0.000189678
1130    0.241129    0.566178    -2.04048  0.000428939
1140    0.237337     0.56401     0.24415  0.000222041
1150    0.236688    0.563639    -1.38859  0.00019118
1160    0.233514    0.561824   -0.996621  0.000197779
1170    0.232732    0.561378    -1.19257  0.000381691
1180     0.22588     0.55746    0.114026  0.000167026
1190    0.229392    0.559468    -0.99643  -0.000205854
1200    0.229997    0.559814    -2.10689  5.99362e-05
1210    0.228193    0.558783    -1.38954  0.000180622
1220    0.226385    0.557749    -2.30265  0.000212814
1230    0.223937     0.55635    -2.23758  0.000155975
1240    0.223265    0.555966    -2.75987  0.000245673
1250    0.219023    0.553541    -1.84587  0.000246017
1260    0.218345    0.553153    -1.71613  9.34891e-05
1270    0.217153    0.552472    -1.19302  0.000215171
1280    0.214041    0.550693    -2.43328  0.000132311
1290    0.214507    0.550959    -2.30443  8.15503e-05
1300     0.21241     0.54976    -2.10727  9.44532e-05
1310    0.212618    0.549879    -2.37013  -1.44191e-05
1320    0.212699    0.549925    -3.34912  3.05444e-05
1330    0.212007     0.54953    -3.54456  4.34466e-05
1340     0.21183    0.549428    -2.69627  0.000108044
1350    0.209846    0.548295     -2.2386  0.000146919
1360    0.208891    0.547749    -2.82646  1.80848e-05
1370    0.209485    0.548088    -2.63057  0.000115269
1380    0.206586    0.546431    -4.58996  0.000121807
1390    0.207049    0.546695     -3.7409  8.33802e-05
1400    0.204918    0.545477    -2.30456  0.000148326
1410    0.204082    0.544999    -3.87204  0.000155255
1420    0.201813    0.543702    -2.82639  3.19101e-05
1430    0.203444    0.544634    -2.76203  0.000149453
1440    0.198824    0.541994    -3.08862  0.000240747
1450    0.198629    0.541882    -5.56946  1.95809e-05
1460    0.198433     0.54177    -4.13388  7.19376e-05
1470     0.19719    0.541059    -3.02318  -3.26872e-05
1480    0.199086    0.542143    -3.15432  5.91435e-05
1490    0.196007    0.540383    -3.08849  0.00036076
1500    0.191871    0.538019    -3.21849  0.000125112
1510    0.193505    0.538953    -1.84842  -5.17987e-05
1520    0.192907    0.538611    -2.50064  6.64324e-05
1530    0.192176    0.538193    -1.84676  0.000178647
1540    0.189334    0.536568    -1.32448  7.99552e-05
1550    0.190577    0.537279    -2.82703  -0.000216912
1560    0.193672    0.539048    -1.19595  3.40529e-05
1570    0.189896     0.53689    -2.04393  0.000344964
1580    0.186773    0.535104    -2.10861  -2.5472e-05
1590    0.190406    0.537181    -1.39107  -0.000111433
1600    0.189002    0.536378    -1.13063  6.7433e-05
1610    0.189057     0.53641    -1.65234  -9.20028e-05
1620    0.190842     0.53743    -1.32601  -7.87877e-05
1630    0.190633    0.537311     -2.8935  -5.91025e-05
1640    0.192024    0.538106    -3.35078  2.76774e-05
1650    0.190079    0.536994    -1.26254  0.000161277
1660    0.188798    0.536262    -2.76312  -1.90496e-05
1670     0.19046    0.537212    -4.52515  -9.26338e-05
1680    0.190651    0.537321    -3.35053  0.00018888
1690    0.186683    0.535053    -3.93749  0.000121895
1700    0.188213    0.535928    -3.02438  -3.21813e-05
1710    0.187326     0.53542    -2.89356  7.98702e-06
1720    0.188053    0.535836    -3.41629  -0.000180674
1730     0.19094    0.537486    -1.45913  -0.00019449
1740    0.191943     0.53806    -3.15687  0.000149635
1750    0.187947    0.535775    -2.17654  0.000136175
1760     0.18922    0.536503    -3.02566  8.09059e-06
1770    0.187785    0.535683    -2.89464  -8.02629e-05
1780    0.190825    0.537421    -4.39751  9.64135e-05
1790    0.185857    0.534581    -4.13491  0.000157376
1800    0.187677    0.535621     -3.2877  1.55345e-06
1810    0.185826    0.534563    -1.78559  0.000144511
1820    0.184787    0.533969    -3.74434  6.98417e-05
1830    0.184429    0.533764    -2.89522  0.000179371
1840      0.1812    0.531918    -4.00542  0.000165942
1850     0.18111    0.531867    -5.76834  7.75054e-05
1860     0.17965    0.531032    -3.74396  9.03457e-06
1870    0.180929    0.531764    -5.18055  2.98142e-05
1880    0.179053    0.530691    -4.39726  0.000208455
1890     0.17676     0.52938    -4.20143  0.000250255
1900    0.174048     0.52783    -5.57131  -0.000135137
1910    0.179463    0.530925    -3.28776  1.68599e-05
1920    0.173711    0.527637    -4.85359  0.000313315
1930    0.173197    0.527343    -4.65802  -4.53398e-05
1940    0.174618    0.528156    -3.80979  0.00016943
1950    0.169808    0.525406    -3.61434  0.000148645
1960    0.171645    0.526456    -3.94182  0.00015636
1970    0.166681    0.523618    -3.67934  0.000211969
1980    0.167406    0.524033      -5.181  -0.000121317
1990    0.169107    0.525005    -4.92075  0.000171187
2000    0.163982    0.522075    -5.50625  0.000171218
2010    0.165683    0.523048    -5.04986  -5.15431e-05
2020    0.165013    0.522665    -5.63822  8.10966e-05
2030    0.164061    0.522121    -5.37651  0.000158346
2040    0.161846    0.520854    -6.22633  0.000158665
2050    0.160888    0.520306     -4.9853  -3.74883e-05
2060    0.162596    0.521283    -6.03102  0.000117271
2070    0.158542    0.518966    -4.78954  0.000236894
2080    0.157858    0.518574    -4.26809  0.00010378
2090    0.156467    0.517779    -5.31246  6.86891e-05
2100    0.156484    0.517789    -4.65993  9.01625e-05
2110    0.154664    0.516748    -2.70124  -1.70991e-06
2120    0.156518    0.517808    -4.13886  -2.98351e-05
2130     0.15526    0.517089    -3.87797  0.000104672
2140    0.154425    0.516612    -3.29025  0.000154697
2150    0.152166    0.515321    -2.31132  0.000176352
2160    0.150898    0.514595    -3.55196  0.000269456
2170    0.146777     0.51224    -1.65878  0.000162987
2180    0.147638    0.512732     -4.1395  -8.61697e-05
2190    0.148501    0.513225    -3.16082  -9.35361e-05
2200    0.149509    0.513801     -3.1614  0.000142446
2210    0.145652    0.511596    -4.20481  0.000207012
2220    0.145368    0.511435     -2.8343  0.000179064
2230     0.14207    0.509549    -3.87829  0.00017933
2240    0.141782    0.509384    -4.27058  7.3038e-06
2250    0.141924    0.509466    -5.25053  0.000201877
2260    0.137744    0.507076    -4.85786  0.000202128
2270    0.137882    0.507155    -4.40159  0.000188474
2280    0.133975    0.504921    -4.53178  4.40359e-05
2290    0.137001    0.506651    -2.63994  3.73736e-05
2300    0.133227    0.504494    -4.72831  0.000211067
2310     0.13278    0.504238    -5.77364  -8.58672e-05
2320    0.134945    0.505476    -4.85952  -7.13795e-05
2330    0.134207    0.505054    -4.66344  1.02669e-06
2340    0.134924    0.505464    -5.25257  -3.52986e-05
2350    0.134913    0.505458     -5.7751  0.000125149
2360    0.132421    0.504033    -5.31763  -2.8193e-05
2370    0.135477     0.50578    -5.44839  0.000118455
2380    0.130052    0.502679    -5.12129  0.000286748
2390    0.129742    0.502501    -6.49219  -6.43417e-05
2400    0.131339    0.503414    -5.25148  -5.70223e-05
2410    0.130883    0.503153    -5.05604  6.77459e-05
2420    0.129984     0.50264    -5.18699  0.000207841
2430    0.126726    0.500777    -5.18616  3.12112e-05
2440     0.12936    0.502283    -6.16694  9.53004e-06
2450    0.126535    0.500668    -6.03478  7.57582e-05
2460    0.127845    0.501417    -4.99066  -0.000160734
2470     0.12975    0.502506    -3.68559  6.13235e-05
2480    0.126618    0.500716    -2.51071  4.62987e-05
2490    0.128824    0.501977    -3.29426  -5.24968e-06
2500    0.126723    0.500776     -4.0782  0.000150777
2510    0.125808    0.500253    -3.42464  7.67231e-05
2520    0.125189    0.499898    -2.77255  2.29925e-06
2530    0.125762    0.500226    -3.81705  2.3663e-06
2540    0.125141    0.499871    -4.14364  5.46891e-05
2550    0.124669    0.499601    -2.77313   0.0001223
2560    0.122695    0.498473    -1.72812  7.7505e-05
2570    0.123118    0.498715     -3.4263  2.73958e-06
2580    0.122641    0.498442    -2.77326  -1.23683e-05
2590    0.123366    0.498856    -3.29566  4.04079e-05
2600    0.121832     0.49798    -3.03472  1.77432e-05
2610    0.123011    0.498654    -3.75257  9.35461e-05
2620    0.119961     0.49691    -3.81846  0.000259944
2630    0.117812    0.495681     -2.9694  8.64483e-05
2640    0.118233    0.495922    -2.25129  0.000102049
2650    0.115771    0.494515    -1.79439  8.69408e-05
2660    0.116494    0.494928    -2.25212  0.000155857
2670    0.112654    0.492733    -3.16643  0.000323556
2680    0.110023    0.491228    -3.10022  0.000156699
2690     0.10952    0.490941    -2.90427  7.32563e-05
2700    0.108557    0.490391    -2.38205  0.000172868
2710    0.106063    0.488965    -2.38192  0.00015025
2720    0.105552    0.488673    -4.27568  -7.92954e-05
2730    0.107649    0.489871    -4.34182  5.12406e-05
2740    0.104528    0.488087    -3.75352  5.87061e-05
2750    0.106474      0.4892    -3.68865  0.000167047
2760    0.101187    0.486177     -2.2511  0.000197855
2770    0.102517    0.486938    -3.29643  -0.000249096
2780    0.106169    0.489025    -2.90587  2.10743e-05
2790    0.102096    0.486697    -3.23207  0.000221969
2800    0.101729    0.486487    -4.34157  -0.000157192
2810     0.10524    0.488494    -3.23385  8.33958e-05
2820    0.100061    0.485534    -3.42847  0.000417452
2830   0.0968906    0.483721    -3.81916  6.04995e-05
2840   0.0988513    0.484842    -2.90625  4.54385e-05
2850   0.0959818    0.483202    -2.64492  0.000131134
2860   0.0962286    0.483343    -2.31852  -7.16194e-05
2870   0.0974142    0.484021    -3.16803  0.000139701
2880   0.0934346    0.481746    -2.84176  0.000171093
2890   0.0939924    0.482065    -2.58106  4.62491e-05
2900   0.0925096    0.481217    -2.58049  0.00033723
2910   0.0872478    0.478209    -1.20889  0.000196145
2920   0.0885867    0.478974   -0.818011  -0.000118317
2930   0.0896141    0.479562    -3.16796  -8.70895e-05
2940   0.0903285     0.47997    -3.23417  -3.99046e-05
2950   0.0904122    0.480018    -3.49544  0.000268862
2960   0.0849513    0.476896    -2.84106  0.000364422
2970   0.0831237    0.475851    -3.95094  8.76967e-05
2980   0.0831974    0.475893    -2.31929  9.60302e-05
2990   0.0812031    0.474753    -2.44979  -0.000110958
3000   0.0854165    0.477162    -3.36494  8.83639e-06
3010   0.0810264    0.474652    -3.88639  0.000239918
3020   0.0806182    0.474419    -2.90708  0.000152886
3030   0.0779687    0.472904    -3.29847  6.50324e-05
3040   0.0793175    0.473675    -3.69076  1.73759e-05
3050   0.0776212    0.472706    -3.10341  0.000185943
3060   0.0755987    0.471549    -3.75582  0.00018644
3070   0.0738924    0.470574    -2.77708  0.00013864
3080   0.0728259    0.469964    -4.08291  9.98862e-06
3090   0.0736926     0.47046    -4.14842  4.24981e-05
3100   0.0719759    0.469478    -3.82177  0.000115267
3110   0.0713873    0.469142     -2.5169  0.000148097
3120   0.0690139    0.467785    -3.88747  0.000132161
3130   0.0687441    0.467631    -1.92885  0.000100201
3140   0.0670099     0.46664    -3.62639  -7.87094e-05
3150   0.0703182    0.468531    -3.69229  5.18534e-05
3160   0.0659729    0.466047    -4.01817  0.000133096
3170   0.0676563    0.467009    -3.95375  1.94661e-05
3180   0.0655835    0.465824    -3.82241  0.000133873
3190   0.0649789    0.465478    -4.34609  7.69757e-05
3200    0.064044    0.464944    -3.69229  0.000274288
3210   0.0594931    0.462342    -3.30006  7.74294e-05
3220   0.0624954    0.464059     -3.4971  3.70374e-05
3230   0.0587523    0.461919    -4.01836  0.000168632
3240   0.0591228    0.462131    -3.88824  0.000177682
3250   0.0551987    0.459887    -3.30006  0.000235815
3260   0.0544065    0.459435    -1.92955  -0.000111245
3270   0.0574236    0.461159    -3.17064  2.14603e-05
3280   0.0539773    0.459189    -3.69292  0.00029529
3290   0.0515178    0.457783     -3.6926  0.000237997
3300   0.0492174    0.456468    -2.91033  8.86874e-05
3310   0.0497441    0.456769    -2.25658  0.000172631
3320   0.0457647    0.454494    -2.51741  8.08518e-05
3330    0.048127    0.455845    -2.06152  1.45841e-05
3340   0.0454731    0.454328    -2.58419  0.00014842
3350   0.0451586    0.454148     -2.0621  3.98707e-05
3360   0.0446757    0.453872    -2.64938  0.00025025
3370   0.0401536    0.451287    -1.60405  0.000191742
3380   0.0408408    0.451679     -2.9102  -9.77218e-06
3390    0.040349    0.451398    -2.32286  -9.8791e-06
3400   0.0410384    0.451792    -3.17185  7.4807e-05
3410   0.0388529    0.450543    -5.39117  0.000193452
3420   0.0371693    0.449581    -3.30217  0.000117683
3430   0.0364992    0.449198    -3.69484  0.000177628
3440   0.0336168     0.44755    -3.36691  2.47706e-05
3450   0.0360038    0.448914    -2.45515  7.64023e-05
3460   0.0320887    0.446676     -2.8459  0.000212775
3470   0.0317483    0.446482    -1.93197  0.000119628
3480   0.0296962    0.445308     -4.8694  4.2777e-05
3490   0.0308928    0.445992     -3.6942  9.46304e-05
3500   0.0278036    0.444227    -3.43318  0.000335171
3510   0.0241894     0.44216    -4.34692  6.9401e-05
3520   0.0264156    0.443433     -4.4782  2.69706e-05
3530   0.0236499    0.441852    -3.62888  0.000164774
3540   0.0231201    0.441549    -3.36863  0.00018275
3550    0.019995    0.439763    -3.69458  7.92149e-05
3560   0.0215358    0.440643    -2.65021  6.24857e-05
3570   0.0187452    0.439048    -2.32337  0.000201309
3580   0.0175096    0.438342    -2.58495  0.000106368
3590   0.0166179    0.437832     -1.8021   1.088e-05
3600    0.017292    0.438217    -2.71591  2.84851e-05
3610   0.0160482    0.437506    -2.25856  7.21458e-05
3620   0.0158491    0.437393    -1.67166  0.000195003
3630   0.0121481    0.435277    -1.73577  0.000151488
3640   0.0128193     0.43566     -2.1278  -9.35643e-05
3650   0.0140194    0.436347    -2.19394  2.94028e-06
3660   0.0127605    0.435627    -2.12831  0.000170126
3670   0.0106169    0.434401    -2.19356  -1.46961e-05
3680   0.0130544    0.435795    -1.80217  2.09702e-05
3690   0.0101975    0.434162    -1.14925  0.00031271
3700  0.00680023     0.43222    -2.32426  0.000127482
3710  0.00764785    0.432704    -2.32477  3.05495e-05
3720  0.00618924     0.43187     -3.5001  7.49401e-05
3730  0.00614905    0.431847    -4.21788  4.01679e-06
3740  0.00610891    0.431824    -3.17376  0.000164628
3750  0.00285648    0.429965    -3.10806  0.000129168
3760  0.00352555    0.430348    -2.45579  -2.22553e-05
3770  0.00330159     0.43022    -3.63124  0.000112063
3780  0.00128428    0.429066    -4.08808  0.000148188
3790  0.000337817    0.428525    -3.43573  0.000112791
3800  -0.000971536    0.427777    -4.87125  0.000230229
3810  -0.00426676    0.425893    -3.23946  0.000248858
3820  -0.0059487    0.424931    -3.63105  0.00016846
3830  -0.00763596    0.423967    -3.63079  -3.01428e-05
3840  -0.00534585    0.425276    -2.52231  -6.61793e-05
3850  -0.00631238    0.424724     -2.9139  0.000178537
3860  -0.00891659    0.423235    -2.91371  0.000288143
3870  -0.0120752    0.421429    -3.30555  1.57048e-05
3880  -0.00923069    0.423055    -3.56771  3.44933e-05
3890  -0.0127651    0.421035    -2.65327  0.000253472
3900  -0.0143001    0.420157    -4.54664  9.88192e-05
3910  -0.0147415    0.419905    -2.65397  0.000145087
3920  -0.0172019    0.418498    -3.69764  0.000209712
3930  -0.0189357    0.417507    -2.78409  -2.87744e-05
3940  -0.0166264    0.418827     -3.4372  0.000192652
3950  -0.0227888    0.415304    -2.52251  0.000294151
3960  -0.0225094    0.415464    -3.89398  5.52288e-05
3970  -0.0238933    0.414673    -4.02429  0.000203469
3980  -0.0265788    0.413138    -4.22024  0.000111263
3990  -0.0261186    0.413401     -3.6979  2.82609e-05
4000   -0.027144    0.412815    -3.11087  0.000149244
4010  -0.0291035    0.411695    -4.54791  0.000196278
4020  -0.0310696    0.410571    -3.56841  0.000309029
4030  -0.0352841    0.408161    -4.35139  0.000319237
4040  -0.0374543    0.406921    -3.50277  8.61928e-05
4050  -0.0370079    0.407176    -3.95955  3.97509e-05
4060  -0.0382493    0.406466    -4.28632  0.00010556
4070  -0.0391191    0.405969    -4.48221  0.000105961
4080  -0.0403685    0.405255     -4.3512  0.000210075
4090  -0.0433206    0.403567    -4.15518  4.9974e-05
4100   -0.041368    0.404683    -3.50309  6.00198e-05
4110   -0.044521    0.402881    -3.95999  0.000258946
4120  -0.0465469    0.401723    -3.96019  0.00013643
4130  -0.0472496    0.401321    -4.74367  4.18492e-05
4140  -0.0473839    0.401244    -3.24303  3.25071e-05
4150  -0.0478998    0.400949    -3.04664  0.000280852
4160   -0.053001    0.398033    -3.50341  0.000252732
4170  -0.0529544     0.39806     -3.5679  -9.0903e-05
4180  -0.0511829    0.399072    -3.17714  8.17018e-05
4190  -0.0545884    0.397126    -3.63379  0.00031229
4200  -0.0574287    0.395502    -4.28626  4.37388e-05
4210  -0.0554632    0.396626    -3.24278  -6.1821e-05
4220  -0.0561923    0.396209    -5.00507  5.40093e-06
4230  -0.0555712    0.396564     -4.3526  0.000102341
4240  -0.0582391    0.395039    -4.35253  6.3617e-05
4250  -0.0568436    0.395836    -5.59343  -3.29502e-05
4260  -0.0575801    0.395415    -5.07179  0.000122435
4270  -0.0592923    0.394437    -4.74501  0.000278772
4280  -0.0631555    0.392228    -5.07102  0.000152607
4290  -0.0623444    0.392692    -4.61463  -4.21073e-05
4300  -0.0623134     0.39271    -4.22343  0.000163481
4310   -0.065614    0.390823     -5.9204  7.54014e-05
4320  -0.0638214    0.391847    -4.68065  0.000144959
4330  -0.0685132    0.389165    -6.11597  0.00021386
4340  -0.0680986    0.389402    -5.59401  -2.05375e-06
4350  -0.0684721    0.389189    -5.92085  5.71914e-05
4360  -0.0692424    0.388748    -4.54982  6.72635e-05
4370  -0.0698174     0.38842    -6.11725  7.99187e-06
4380  -0.0694023    0.388657    -6.70446  6.77485e-05
4390  -0.0711724    0.387645    -6.76997  0.000207195
4400  -0.0735462    0.386288    -6.50864  7.82035e-05
4410  -0.0727364    0.386751    -6.96624  0.000128735
4420  -0.0761209    0.384816     -6.9656  0.000148838
4430  -0.0757132    0.385049    -6.83535  0.000159746
4440  -0.0793158     0.38299    -6.18193  0.000139873
4450  -0.0785107     0.38345    -6.77003  -7.06024e-05
4460  -0.0779037    0.383797    -7.42263  0.000120712
4470  -0.0809249     0.38207    -6.76972  7.03108e-05
4480    -0.07931    0.382993    -7.74922  -0.000131418
4490  -0.0782966    0.383572    -7.55422  -5.08316e-05
4500  -0.0782933    0.383574    -6.50934  4.02957e-05
4510  -0.0791025    0.383112    -7.42404  0.000131939
4520  -0.0809321    0.382066    -7.48814  2.01959e-05
4530  -0.0795064    0.382881    -8.59885  -1.00639e-05
4540  -0.0807308    0.382181    -6.63991  0.000184061
4550  -0.0831876    0.380776    -7.22725  3.08804e-05
4560  -0.0813484    0.381828    -6.44377  -4.05122e-05
4570  -0.0823774     0.38124    -6.31396  0.000277998
4580  -0.0869084    0.378649    -7.35814  0.000268418
4590  -0.0877457    0.378171     -6.5094  2.19166e-05
4600  -0.0873467    0.378399    -7.16245  8.41729e-05
4610  -0.0894292    0.377208    -6.77093  3.2426e-05
4620  -0.0879952    0.378028    -7.22821  0.000157499
4630  -0.0925792    0.375408    -6.77093  0.000230362
4640  -0.0926025    0.375394    -7.03252  0.000273313
4650  -0.0980454    0.372283    -7.55467  0.000179843
4660  -0.0961993    0.373338    -6.31498  0.000181225
4670    -0.10167    0.370211    -6.96694  0.000286034
4680    -0.10192    0.370068    -7.29378  -5.89538e-05
4690   -0.100491    0.370885    -6.57587  0.000182974
4700   -0.105579    0.367976    -6.96694  0.000214665
4710   -0.104784     0.36843    -5.72706  0.000131561
4720   -0.108211    0.366471    -7.48884  0.000258639
4730   -0.109957    0.365473    -7.03264  5.83384e-05
4740   -0.109377    0.365804    -7.35929  2.69286e-05
4750   -0.110496    0.365165     -8.2081  0.000143932
4760   -0.112256    0.364159    -8.40424  0.000144404
4770   -0.113384    0.363514    -8.33809  0.000102302
4780   -0.114302    0.362989    -8.33886  6.3993e-06
4790   -0.113512    0.363441     -7.8817  0.000113805
4800   -0.116578    0.361688    -7.42474  0.000103125
4810   -0.115574    0.362262    -7.16379  0.000114691
4820   -0.118872    0.360377    -7.16308  0.00016864
4830   -0.118947    0.360334    -7.94683  0.000212843
4840   -0.123129    0.357943    -7.94619  0.000115817
4850   -0.121263     0.35901    -7.75075  -6.75868e-05
4860   -0.121777    0.358716    -7.29436  -4.63299e-05
4870   -0.120337     0.35954     -7.0336  0.000171508
4880   -0.125207    0.356755    -7.42493  0.000389818
4890   -0.128133    0.355083    -7.22872  8.82819e-06
4900   -0.125384    0.356654    -5.46656  -7.82192e-05
4910   -0.126569    0.355977    -5.72751  8.57577e-05
4920   -0.127099    0.355674    -5.53213  0.000108149
4930   -0.128732     0.35474    -5.66264  0.000207653
4940   -0.131252    0.353299    -6.64201  0.000153177
4950   -0.131795    0.352989    -5.14029  0.000153983
4960   -0.134332    0.351539     -5.7284  0.000121124
4970   -0.134218    0.351604    -5.92353  -2.2532e-05
4980   -0.133881    0.351797    -5.85865  0.000222278
4990   -0.138663    0.349063    -5.92365  0.000467089
