Time   Number   
ps   
0          31         141
10          38         164
20          36         154
30          34         154
40          35         151
50          38         150
60          34         152
70          38         156
80          33         169
90          35         169
100          34         152
110          34         162
120          36         160
130          33         167
140          38         158
150          35         161
160          36         162
170          37         161
180          36         164
190          35         151
200          31         149
210          32         148
220          37         157
230          31         153
240          29         141
250          31         153
260          33         165
270          34         152
280          29         159
290          32         156
300          33         157
310          31         145
320          36         152
330          28         150
340          32         152
350          28         142
360          29         161
370          29         151
380          32         164
390          31         155
400          38         158
410          30         154
420          28         162
430          30         142
440          33         145
450          32         144
460          33         149
470          30         152
480          31         157
490          28         158
500          31         157
510          31         159
520          32         146
530          29         147
540          26         152
550          38         156
560          38         156
570          34         160
580          32         148
590          29         149
600          32         152
610          33         149
620          30         162
630          35         169
640          32         152
650          33         161
660          36         160
670          36         176
680          35         163
690          38         166
700          38         172
710          37         169
720          34         174
730          38         162
740          36         152
750          31         149
760          38         148
770          33         153
780          33         159
790          40         152
800          32         160
810          34         154
820          36         156
830          28         166
840          35         151
850          34         146
860          34         150
870          38         154
880          39         155
890          29         161
900          35         157
910          40         144
920          37         161
930          39         157
940          35         155
950          40         172
960          36         162
970          30         162
980          37         171
990          37         173
1000          35         171
1010          30         152
1020          27         149
1030          32         148
1040          34         156
1050          36         158
1060          34         160
1070          32         162
1080          31         155
1090          32         146
1100          33         145
1110          36         164
1120          33         163
1130          29         159
1140          33         171
1150          35         163
1160          30         158
1170          34         158
1180          36         166
1190          42         160
1200          35         161
1210          35         173
1220          42         178
1230          30         160
1240          36         166
1250          39         149
1260          33         159
1270          39         161
1280          36         160
1290          36         154
1300          35         155
1310          37         149
1320          36         158
1330          33         161
1340          39         153
1350          29         153
1360          35         167
1370          38         156
1380          33         173
1390          34         168
1400          32         156
1410          35         161
1420          38         152
1430          39         165
1440          36         174
1450          38         174
1460          31         169
1470          36         166
1480          39         169
1490          37         173
1500          41         173
1510          40         162
1520          38         170
1530          42         182
1540          42         176
1550          40         164
1560          38         168
1570          40         146
1580          38         174
1590          35         157
1600          35         157
1610          35         155
1620          28         158
1630          39         165
1640          33         145
1650          44         152
1660          33         155
1670          39         157
1680          40         168
1690          41         165
1700          39         175
1710          31         147
1720          32         158
1730          36         162
1740          35         153
1750          32         154
1760          37         169
1770          34         160
1780          35         173
1790          40         182
1800          37         171
1810          35         161
1820          30         152
1830          27         159
1840          40         164
1850          34         170
1860          32         158
1870          33         157
1880          35         161
1890          40         164
1900          42         164
1910          32         156
1920          31         163
1930          39         171
1940          41         171
1950          35         159
1960          34         164
1970          32         162
1980          34         176
1990          31         163
2000          37         165
2010          42         168
2020          36         172
2030          33         165
2040          30         172
2050          33         163
2060          36         174
2070          39         183
2080          36         164
2090          34         160
2100          28         172
2110          27         171
2120          24         156
2130          28         168
2140          30         150
2150          33         161
2160          31         143
2170          28         154
2180          27         155
2190          30         144
2200          30         154
2210          35         161
2220          38         164
2230          32         154
2240          31         161
2250          35         153
2260          37         147
2270          35         167
2280          35         159
2290          36         154
2300          33         165
2310          34         146
2320          28         154
2330          32         158
2340          34         164
2350          32         150
2360          34         170
2370          36         152
2380          26         160
2390          35         157
2400          32         160
2410          34         156
2420          30         152
2430          35         161
2440          32         154
2450          37         161
2460          36         160
2470          41         173
2480          39         167
2490          36         148
2500          39         177
2510          37         159
2520          34         168
2530          34         156
2540          44         176
2550          38         154
2560          37         165
2570          36         160
2580          41         163
2590          40         168
2600          34         166
2610          36         160
2620          37         185
2630          33         167
2640          32         164
2650          37         173
2660          37         157
2670          33         167
2680          38         160
2690          31         163
2700          35         157
2710          35         169
2720          33         161
2730          35         145
2740          32         154
2750          35         161
2760          31         167
2770          37         161
2780          36         152
2790          34         162
2800          42         172
2810          39         179
2820          41         175
2830          37         173
2840          42         166
2850          42         172
2860          40         176
2870          39         175
2880          32         156
2890          37         165
2900          41         161
2910          33         155
2920          34         144
2930          33         151
2940          30         154
2950          39         167
2960          38         168
2970          38         180
2980          35         167
2990          43         167
3000          38         152
3010          33         159
3020          44         176
3030          33         167
3040          30         166
3050          32         156
3060          36         150
3070          33         155
3080          36         156
3090          29         147
3100          30         168
3110          32         158
3120          36         168
3130          32         154
3140          30         156
3150          34         160
3160          38         166
3170          39         151
3180          27         163
3190          32         156
3200          33         159
3210          39         159
3220          33         153
3230          30         150
3240          38         160
3250          31         161
3260          35         157
3270          34         162
3280          34         150
3290          35         151
3300          32         158
3310          38         156
3320          31         171
3330          36         172
3340          40         176
3350          34         156
3360          40         168
3370          33         161
3380          38         162
3390          36         156
3400          31         153
3410          34         160
3420          30         168
3430          39         151
3440          35         153
3450          32         156
3460          32         158
3470          30         148
3480          32         146
3490          32         146
3500          29         153
3510          32         154
3520          37         157
3530          34         144
3540          29         147
3550          33         159
3560          32         158
3570          29         153
3580          31         161
3590          32         158
3600          32         148
3610          37         159
3620          32         156
3630          38         160
3640          31         151
3650          32         156
3660          33         147
3670          32         156
3680          33         157
3690          26         148
3700          27         157
3710          30         144
3720          27         151
3730          27         143
3740          24         168
3750          28         152
3760          35         159
3770          38         156
3780          31         153
3790          32         154
3800          30         158
3810          36         168
3820          38         164
3830          37         153
3840          42         166
3850          32         166
3860          34         158
3870          29         153
3880          34         146
3890          26         152
3900          35         151
3910          30         152
3920          33         157
3930          32         156
3940          31         143
3950          32         156
3960          33         153
3970          32         160
3980          27         161
3990          29         155
4000          31         155
4010          34         158
4020          23         157
4030          28         150
4040          29         159
4050          36         158
4060          30         160
4070          35         165
4080          30         166
4090          32         160
4100          35         165
4110          33         153
4120          32         152
4130          32         150
4140          37         155
4150          38         152
4160          33         163
4170          35         171
4180          39         167
4190          42         176
4200          40         172
4210          34         158
4220          35         153
4230          39         169
4240          38         164
4250          39         181
4260          41         177
4270          38         168
4280          34         158
4290          31         157
4300          36         158
4310          39         157
4320          41         151
4330          37         167
4340          37         157
4350          35         167
4360          27         157
4370          40         166
4380          35         165
4390          36         170
4400          31         157
4410          39         159
4420          35         143
4430          42         166
4440          29         165
4450          38         162
4460          33         153
4470          34         160
4480          28         154
4490          33         155
4500          34         164
4510          36         160
4520          34         152
4530          37         161
4540          39         165
4550          38         166
4560          35         157
4570          42         162
4580          36         158
4590          32         164
4600          32         146
4610          36         154
4620          34         152
4630          32         148
4640          34         166
4650          29         153
4660          35         153
4670          34         144
4680          31         145
4690          31         151
4700          39         151
4710          30         158
4720          32         156
4730          34         158
4740          31         155
4750          29         169
4760          30         170
4770          36         160
4780          26         152
4790          29         155
4800          28         160
4810          26         152
4820          26         148
4830          31         147
4840          33         153
4850          33         149
4860          31         159
4870          27         167
4880          27         155
4890          36         150
4900          32         158
4910          32         158
4920          35         151
4930          32         156
4940          26         156
4950          34         154
4960          30         144
4970          30         152
4980          28         156
4990          26         150
5000          24         146
5010          30         152
5020          28         152
5030          29         151
5040          35         155
5050          32         148
5060          28         154
5070          29         155
5080          30         148
5090          30         148
5100          32         144
5110          31         155
5120          32         150
5130          30         152
5140          25         139
5150          26         144
5160          24         156
5170          30         152
5180          25         147
5190          30         168
5200          31         161
5210          35         171
5220          31         169
5230          26         160
5240          30         146
5250          32         150
5260          25         157
5270          27         153
5280          29         163
5290          33         151
5300          30         148
5310          29         153
5320          33         147
5330          34         154
5340          36         152
5350          36         156
5360          36         168
5370          30         166
5380          30         152
5390          31         151
5400          30         160
5410          22         132
5420          25         141
5430          28         148
5440          35         155
5450          34         166
5460          38         150
5470          32         150
5480          31         147
5490          33         151
5500          32         148
5510          35         151
5520          35         151
5530          33         149
5540          28         154
5550          35         151
5560          30         150
5570          33         161
5580          35         171
5590          43         157
5600          35         149
5610          31         141
5620          36         170
5630          35         153
5640          40         154
5650          35         147
5660          38         166
5670          46         164
5680          40         150
5690          41         165
5700          39         177
5710          44         162
5720          40         170
5730          40         166
5740          31         159
5750          38         162
5760          27         165
5770          32         170
5780          37         163
5790          36         154
5800          30         150
5810          36         160
5820          33         169
5830          34         160
5840          38         154
5850          42         154
5860          37         163
5870          32         166
5880          37         155
5890          36         162
5900          38         166
5910          38         154
5920          37         175
5930          37         157
5940          35         165
5950          35         165
5960          32         162
5970          34         152
5980          36         152
5990          34         154
6000          31         149
6010          33         155
6020          31         153
6030          29         151
6040          31         151
6050          33         151
6060          39         163
6070          35         161
6080          27         157
6090          35         147
6100          31         141
6110          33         149
6120          30         150
6130          29         163
6140          31         163
6150          33         157
6160          27         145
6170          32         150
6180          30         152
6190          28         162
6200          30         160
6210          36         166
6220          26         154
6230          38         156
6240          36         158
6250          35         159
6260          40         164
6270          42         156
6280          36         158
6290          37         161
6300          34         154
6310          31         155
6320          35         151
6330          31         163
6340          31         149
6350          37         173
6360          35         153
6370          42         154
6380          44         168
6390          35         157
6400          33         153
6410          26         146
6420          34         156
6430          33         149
6440          38         160
6450          30         160
6460          31         151
6470          29         149
6480          37         147
6490          26         146
6500          29         139
6510          31         137
6520          27         151
6530          29         149
6540          28         150
6550          27         137
6560          33         155
6570          30         154
6580          30         144
6590          27         153
6600          23         135
6610          28         150
6620          26         140
6630          27         141
6640          30         142
6650          31         143
6660          26         148
6670          31         149
6680          25         147
6690          26         150
6700          28         140
6710          31         139
6720          29         151
6730          28         156
6740          35         147
6750          32         152
6760          32         144
6770          29         161
6780          24         144
6790          33         163
6800          28         158
6810          28         150
6820          33         145
6830          31         145
6840          33         159
6850          30         154
6860          29         149
6870          26         150
6880          34         152
6890          34         156
6900          26         156
6910          28         166
6920          30         146
6930          34         158
6940          41         163
6950          36         164
6960          35         149
6970          38         162
6980          33         155
6990          36         152
7000          40         154
7010          40         150
7020          34         152
7030          35         157
7040          35         143
7050          31         149
7060          37         149
7070          31         153
7080          33         153
7090          37         149
7100          36         150
7110          32         146
7120          30         160
7130          31         149
7140          30         152
7150          32         160
7160          30         162
7170          36         154
7180          35         163
7190          40         160
7200          39         161
7210          32         158
7220          38         148
7230          34         154
7240          34         150
7250          31         153
7260          34         166
7270          35         153
7280          36         158
7290          33         139
7300          28         148
7310          34         158
7320          29         151
7330          31         165
7340          32         162
7350          38         168
7360          34         160
7370          44         164
7380          44         158
7390          38         158
7400          34         158
7410          36         162
7420          31         149
7430          25         145
7440          27         137
7450          34         152
7460          34         156
7470          35         155
7480          35         149
7490          34         156
7500          33         157
7510          35         155
7520          32         174
7530          30         156
7540          38         156
7550          33         153
7560          32         142
7570          31         151
7580          38         156
7590          39         157
7600          34         142
7610          37         151
7620          35         147
7630          35         149
7640          36         158
7650          31         147
7660          31         161
7670          35         157
7680          33         151
7690          31         153
7700          27         145
7710          32         160
7720          33         151
7730          33         147
7740          40         158
7750          40         152
7760          38         148
7770          35         145
7780          32         148
7790          34         146
7800          36         160
7810          35         153
7820          31         157
7830          30         156
7840          35         159
7850          35         157
7860          37         147
7870          34         148
7880          34         148
7890          35         151
7900          34         146
7910          34         142
7920          30         138
7930          37         153
7940          38         140
7950          31         151
7960          33         153
7970          32         152
7980          38         150
7990          38         150
8000          31         147
8010          32         146
8020          28         142
8030          29         149
8040          29         149
8050          34         152
8060          31         151
8070          41         157
8080          35         155
8090          30         156
8100          36         156
8110          35         147
8120          37         161
8130          37         175
8140          34         160
8150          35         171
8160          31         171
8170          34         162
8180          34         154
8190          27         157
8200          28         168
8210          35         173
8220          35         161
8230          38         168
8240          35         177
8250          31         155
8260          36         158
8270          35         173
8280          40         172
8290          34         164
8300          36         148
8310          34         160
8320          36         152
8330          34         148
8340          34         140
8350          34         146
8360          30         144
8370          31         145
8380          35         145
8390          32         150
8400          32         148
8410          33         151
8420          35         141
8430          37         165
8440          33         149
8450          28         154
8460          31         149
8470          34         154
8480          34         156
8490          28         162
8500          35         167
8510          36         150
8520          32         150
8530          33         167
8540          32         164
8550          41         157
8560          28         158
8570          28         164
8580          30         152
8590          34         140
8600          29         147
8610          25         149
8620          33         153
8630          33         151
8640          30         168
8650          31         149
8660          34         152
8670          39         163
8680          32         148
8690          30         162
8700          33         169
8710          34         150
8720          33         141
8730          32         150
8740          31         157
8750          33         151
8760          33         159
8770          30         146
8780          33         161
8790          36         176
8800          29         151
8810          37         145
8820          31         159
8830          30         150
8840          29         137
8850          31         143
8860          27         139
8870          31         151
8880          27         149
8890          30         146
8900          32         150
8910          36         168
8920          28         148
8930          30         152
8940          31         145
8950          34         144
8960          34         158
8970          28         158
8980          35         151
8990          31         163
9000          34         148
9010          34         172
9020          33         155
9030          34         158
9040          33         159
9050          31         161
9060          34         168
9070          36         168
9080          32         184
9090          31         165
9100          34         162
9110          28         154
9120          35         163
9130          32         168
9140          31         157
9150          22         164
9160          28         158
9170          38         152
9180          37         159
9190          32         152
9200          37         157
9210          34         170
9220          32         160
9230          34         152
9240          36         164
9250          34         144
9260          35         155
9270          34         154
9280          31         147
9290          34         146
9300          31         151
9310          28         154
9320          31         161
9330          29         159
9340          31         155
9350          31         157
9360          31         153
9370          29         161
9380          29         149
9390          30         164
9400          29         151
9410          33         161
9420          23         137
9430          33         151
9440          33         155
9450          32         166
9460          33         151
9470          34         168
9480          25         155
9490          32         150
9500          28         170
9510          32         174
9520          36         180
9530          34         188
9540          38         162
9550          35         163
9560          31         155
9570          38         174
9580          33         167
9590          38         170
9600          37         175
9610          38         174
9620          34         164
9630          39         169
9640          34         166
9650          33         159
9660          32         170
9670          33         153
9680          28         168
9690          32         174
9700          39         163
9710          37         171
9720          35         153
9730          33         163
9740          32         164
9750          35         159
9760          38         146
9770          29         151
9780          30         156
9790          36         164
9800          30         152
9810          38         162
9820          36         152
9830          36         160
9840          35         167
9850          46         160
9860          33         159
9870          34         166
9880          30         168
9890          33         149
9900          33         151
9910          34         162
9920          34         156
9930          29         161
9940          28         138
9950          34         146
9960          31         155
9970          31         161
9980          32         160
9990          37         153
10000          30         146
