Time   Number   
ps   
0          52          72
10          51          83
20          53          79
30          49          71
40          49          69
50          50          74
60          47          87
70          50          66
80          53          79
90          50          82
100          52          70
110          50          78
120          51          69
130          52          76
140          54          68
150          48          80
160          50          66
170          50          68
180          51          65
190          50          64
200          50          60
210          49          63
220          51          61
230          51          65
240          50          60
250          51          73
260          51          69
270          51          71
280          51          63
290          48          72
300          48          64
310          48          68
320          46          62
330          49          65
340          48          68
350          49          71
360          47          61
370          48          70
380          48          58
390          53          59
400          52          66
410          49          59
420          53          65
430          49          59
440          55          63
450          52          70
460          49          59
470          49          75
480          50          76
490          49          69
500          50          68
510          49          71
520          51          69
530          46          78
540          51          65
550          50          62
560          47          67
570          47          73
580          47          65
590          55          67
600          51          67
610          46          64
620          49          69
630          50          70
640          50          70
650          50          66
660          51          63
670          48          68
680          50          72
690          47          67
700          53          69
710          51          73
720          57          61
730          56          80
740          50          80
750          53          71
760          49          79
770          53          75
780          53          83
790          54          76
800          49          79
810          53          81
820          53          79
830          51          79
840          52          78
850          51          69
860          52          80
870          51          65
880          48          66
890          53          77
900          53          71
910          53          65
920          52          84
930          52          72
940          49          75
950          48          78
960          49          75
970          50          66
980          48          82
990          52          70
1000          51          75
1010          53          77
1020          54          74
1030          53          71
1040          54          74
1050          54          70
1060          51          61
1070          53          63
1080          57          79
1090          51          69
1100          47          81
1110          54          72
1120          53          81
1130          55          77
1140          53          73
1150          48          80
1160          56          84
1170          50          82
1180          50          78
1190          53          77
1200          55          77
1210          54          86
1220          55          71
1230          51          77
1240          57          85
1250          56          78
1260          52          88
1270          51          87
1280          51          81
1290          53          81
1300          50          76
1310          56          78
1320          55          79
1330          52          76
1340          56          82
1350          49          71
1360          55          83
1370          50          86
1380          48          80
1390          52          80
1400          55          69
1410          51          79
1420          54          78
1430          54          80
1440          51          87
1450          51          81
1460          49          69
1470          55          77
1480          49          91
1490          52          66
1500          54          78
1510          49          73
1520          50          76
1530          50          68
1540          49          77
1550          51          77
1560          53          71
1570          51          79
1580          52          72
1590          51          77
1600          47          79
1610          46          84
1620          47          79
1630          49          75
1640          55          77
1650          48          78
1660          50          84
1670          47          83
1680          49          73
1690          57          79
1700          48          80
1710          50          78
1720          53          77
1730          54          82
1740          47          73
1750          52          84
1760          55          81
1770          53          85
1780          53          75
1790          47          79
1800          52          78
1810          49          79
1820          50          86
1830          49          85
1840          54          86
1850          48          80
1860          49          83
1870          48          80
1880          48          82
1890          50          80
1900          47          79
1910          49          77
1920          52          80
1930          47          91
1940          48          88
1950          45          87
1960          49          87
1970          49          89
1980          48          90
1990          47          85
2000          53          77
2010          46          92
2020          53          87
2030          48          86
2040          48          84
2050          48         100
2060          53          83
2070          51          91
2080          48          86
2090          53          83
2100          54          84
2110          55          83
2120          55          73
2130          51          79
2140          53          81
2150          54          78
2160          54          80
2170          56          86
2180          54          76
2190          52          72
2200          55          73
2210          51          83
2220          53          77
2230          54          84
2240          53          79
2250          55          93
2260          54          84
2270          54          78
2280          54          84
2290          53          91
2300          54          82
2310          52          74
2320          51          91
2330          53          85
2340          47          77
2350          57          87
2360          56          76
2370          55          85
2380          57          79
2390          57          83
2400          56          84
2410          56          78
2420          55          75
2430          55          79
2440          52          86
2450          53          79
2460          55          77
2470          53          81
2480          53          79
2490          51          89
2500          54          78
2510          57          81
2520          52          86
2530          55          81
2540          51          81
2550          48          78
2560          48          82
2570          50          82
2580          55          77
2590          53          83
2600          56          80
2610          51          79
2620          55          81
2630          49          85
2640          51          77
2650          50          84
2660          52          76
2670          55          75
2680          51          79
2690          54          80
2700          51          77
2710          51          81
2720          54          84
2730          50          82
2740          55          77
2750          53          83
2760          50          90
2770          51          81
2780          56          84
2790          52          74
2800          51          73
2810          53          85
2820          52          82
2830          52          82
2840          52          76
2850          49          83
2860          47          81
2870          48          80
2880          53          81
2890          47          83
2900          54          82
2910          53          87
2920          51          69
2930          51          77
2940          54          80
2950          54          82
2960          53          91
2970          55          79
2980          54          72
2990          46          96
3000          53          83
3010          49          83
3020          50          84
3030          48          86
3040          48          70
3050          54          82
3060          52          84
3070          50          82
3080          48          88
3090          47          83
3100          49          83
3110          50          88
3120          49          81
3130          50          82
3140          49          81
3150          46          78
3160          50          72
3170          48          80
3180          49          81
3190          43          83
3200          49          81
3210          52          82
3220          49          81
3230          48          84
3240          51          77
3250          51          85
3260          52          86
3270          51          83
3280          52          80
3290          51          77
3300          54          84
3310          48          80
3320          48          78
3330          46          72
3340          52          78
3350          48          86
3360          53          75
3370          55          79
3380          53          81
3390          50          80
3400          53          79
3410          54          74
3420          51          83
3430          50          70
3440          51          69
3450          52          74
3460          51          75
3470          52          78
3480          50          66
3490          51          77
3500          53          83
3510          56          84
3520          53          77
3530          52          76
3540          55          73
3550          50          82
3560          55          81
3570          57          81
3580          53          77
3590          56          78
3600          55          83
3610          51          75
3620          55          77
3630          50          82
3640          53          71
3650          54          84
3660          50          90
3670          49          75
3680          45          81
3690          49          81
3700          49          79
3710          49          71
3720          50          66
3730          53          87
3740          51          81
3750          48          76
3760          47          75
3770          49          77
3780          50          70
3790          52          70
3800          50          72
3810          54          72
3820          54          74
3830          53          81
3840          50          82
3850          46          78
3860          54          76
3870          50          76
3880          47          77
3890          52          80
3900          47          73
3910          46          80
3920          49          77
3930          46          72
3940          53          81
3950          49          87
3960          51          81
3970          52          72
3980          50          74
3990          48          78
4000          50          68
4010          50          74
4020          47          79
4030          51          77
4040          51          79
4050          57          77
4060          53          73
4070          55          77
4080          50          82
4090          54          76
4100          51          71
4110          56          86
4120          56          76
4130          56          78
4140          52          78
4150          56          74
4160          53          77
4170          53          81
4180          53          75
4190          54          78
4200          54          78
4210          52          74
4220          53          79
4230          51          79
4240          52          84
4250          51          67
4260          52          84
4270          56          68
4280          52          76
4290          52          78
4300          52          72
4310          50          80
4320          52          80
4330          52          78
4340          50          74
4350          53          75
4360          53          71
4370          52          76
4380          48          78
4390          53          71
4400          48          76
4410          50          74
4420          54          72
4430          52          78
4440          51          75
4450          54          74
4460          49          79
4470          53          73
4480          53          75
4490          49          71
4500          48          84
4510          47          77
4520          49          75
4530          48          74
4540          50          70
4550          52          78
4560          50          82
4570          55          89
4580          47          85
4590          54          80
4600          51          73
4610          49          79
4620          44          72
4630          46          74
4640          50          76
4650          52          70
4660          48          74
4670          49          79
4680          50          76
4690          50          72
4700          50          70
4710          49          65
4720          50          66
4730          50          66
4740          50          68
4750          51          67
4760          49          61
4770          51          61
4780          45          73
4790          52          68
4800          51          65
4810          48          68
4820          47          69
4830          49          67
4840          49          73
4850          46          72
4860          44          74
4870          46          70
4880          48          64
4890          50          74
4900          45          69
4910          45          73
4920          46          62
4930          46          74
4940          42          72
4950          47          69
4960          48          58
4970          46          64
4980          46          74
4990          46          66
5000          46          60
5010          50          62
5020          52          64
5030          49          67
5040          51          63
5050          47          63
5060          49          67
5070          50          66
5080          52          66
5090          51          59
5100          50          70
5110          50          64
5120          50          70
5130          50          68
5140          52          62
5150          48          68
5160          50          68
5170          51          81
5180          49          67
5190          55          67
5200          50          78
5210          51          63
5220          51          75
5230          52          70
5240          55          71
5250          48          88
5260          52          70
5270          50          66
5280          51          71
5290          51          67
5300          54          66
5310          51          61
5320          48          70
5330          50          70
5340          50          66
5350          51          81
5360          51          73
5370          53          63
5380          54          60
5390          51          61
5400          50          66
5410          49          69
5420          46          70
5430          51          61
5440          47          79
5450          48          76
5460          49          61
5470          52          64
5480          45          69
5490          47          63
5500          47          59
5510          47          69
5520          49          75
5530          48          70
5540          52          72
5550          51          69
5560          49          63
5570          50          66
5580          50          72
5590          51          71
5600          48          66
5610          48          66
5620          49          61
5630          47          77
5640          49          61
5650          46          60
5660          47          77
5670          51          59
5680          49          69
5690          47          65
5700          46          80
5710          50          68
5720          49          69
5730          52          64
5740          50          56
5750          52          78
5760          49          69
5770          46          70
5780          48          68
5790          51          65
5800          47          63
5810          51          61
5820          51          63
5830          50          68
5840          49          73
5850          44          68
5860          52          62
5870          47          71
5880          50          62
5890          47          69
5900          52          72
5910          47          77
5920          52          62
5930          49          55
5940          52          66
5950          45          73
5960          49          67
5970          53          65
5980          49          71
5990          51          61
6000          50          66
6010          51          59
6020          49          65
6030          51          63
6040          50          64
6050          44          80
6060          48          66
6070          50          72
6080          53          69
6090          52          68
6100          51          65
6110          47          67
6120          46          70
6130          48          62
6140          45          65
6150          45          75
6160          48          72
6170          49          65
6180          49          71
6190          47          67
6200          46          82
6210          48          72
6220          48          68
6230          51          73
6240          48          66
6250          47          65
6260          48          74
6270          50          72
6280          49          69
6290          50          72
6300          49          73
6310          50          68
6320          50          66
6330          49          73
6340          46          68
6350          49          71
6360          50          70
6370          47          71
6380          49          69
6390          50          64
6400          49          67
6410          50          66
6420          49          65
6430          48          64
6440          53          71
6450          51          75
6460          48          72
6470          49          67
6480          51          63
6490          49          71
6500          49          73
6510          50          76
6520          48          76
6530          49          67
6540          52          78
6550          51          67
6560          48          72
6570          47          67
6580          54          78
6590          51          65
6600          50          68
6610          49          73
6620          49          67
6630          51          71
6640          51          67
6650          52          72
6660          53          79
6670          48          72
6680          48          68
6690          46          68
6700          49          63
6710          50          80
6720          51          69
6730          48          76
6740          52          72
6750          51          79
6760          47          75
6770          52          72
6780          54          64
6790          51          73
6800          50          66
6810          52          68
6820          51          71
6830          52          74
6840          50          70
6850          47          83
6860          51          77
6870          53          69
6880          52          64
6890          50          68
6900          52          66
6910          51          75
6920          48          78
6930          47          71
6940          49          73
6950          51          71
6960          50          76
6970          50          74
6980          53          75
6990          53          73
7000          49          79
7010          50          72
7020          51          63
7030          49          75
7040          47          67
7050          49          69
7060          47          71
7070          49          65
7080          46          74
7090          53          71
7100          50          68
7110          50          72
7120          45          75
7130          50          70
7140          48          74
7150          47          71
7160          51          73
7170          48          80
7180          51          77
7190          50          82
7200          49          77
7210          46          80
7220          52          70
7230          49          73
7240          49          73
7250          50          74
7260          45          77
7270          49          65
7280          50          72
7290          47          77
7300          47          81
7310          45          73
7320          48          82
7330          48          70
7340          49          73
7350          48          70
7360          48          72
7370          48          72
7380          48          78
7390          45          67
7400          51          69
7410          45          79
7420          54          74
7430          50          82
7440          45          75
7450          47          77
7460          47          75
7470          47          71
7480          45          71
7490          48          76
7500          47          71
7510          46          76
7520          49          77
7530          41          79
7540          48          72
7550          47          71
7560          44          80
7570          49          81
7580          48          82
7590          52          74
7600          47          71
7610          47          75
7620          46          74
7630          46          78
7640          50          90
7650          44          80
7660          45          73
7670          45          79
7680          47          83
7690          45          91
7700          47          73
7710          50          74
7720          46          80
7730          45          79
7740          48          82
7750          45          71
7760          48          68
7770          48          70
7780          48          82
7790          50          76
7800          46          92
7810          45          79
7820          49          75
7830          49          81
7840          47          71
7850          52          78
7860          48          64
7870          45          73
7880          47          79
7890          47          79
7900          49          81
7910          50          78
7920          47          73
7930          49          73
7940          48          76
7950          49          81
7960          50          86
7970          50          86
7980          51          79
7990          49          79
8000          45          73
8010          50          78
8020          52          82
8030          50          82
8040          52          82
8050          48          76
8060          50          76
8070          49          79
8080          52          76
8090          48          80
8100          54          74
8110          50          80
8120          51          79
8130          48          82
8140          46          80
8150          53          69
8160          50          80
8170          49          83
8180          47          73
8190          47          73
8200          50          74
8210          50          74
8220          52          76
8230          50          80
8240          55          73
8250          51          69
8260          48          78
8270          49          77
8280          51          81
8290          49          75
8300          53          75
8310          47          87
8320          53          77
8330          54          74
8340          53          73
8350          54          76
8360          51          71
8370          51          73
8380          50          74
8390          49          73
8400          50          76
8410          54          70
8420          52          66
8430          49          73
8440          51          65
8450          49          83
8460          48          76
8470          53          69
8480          50          76
8490          49          81
8500          52          78
8510          52          78
8520          46          76
8530          49          79
8540          47          69
8550          50          68
8560          49          65
8570          49          67
8580          48          76
8590          47          81
8600          53          71
8610          49          71
8620          48          78
8630          48          70
8640          51          75
8650          49          71
8660          52          66
8670          46          62
8680          49          71
8690          42          68
8700          47          75
8710          49          77
8720          50          82
8730          48          70
8740          51          65
8750          49          67
8760          51          61
8770          49          79
8780          49          65
8790          50          68
8800          51          75
8810          45          73
8820          45          63
8830          48          72
8840          50          74
8850          49          63
8860          49          63
8870          45          73
8880          45          75
8890          46          72
8900          49          77
8910          50          66
8920          48          72
8930          48          66
8940          48          72
8950          49          73
8960          51          61
8970          50          64
8980          46          76
8990          47          67
9000          45          65
9010          49          69
9020          44          78
9030          47          83
9040          48          74
9050          49          73
9060          49          71
9070          44          74
9080          50          68
9090          49          77
9100          46          72
9110          48          76
9120          48          78
9130          49          73
9140          50          76
9150          47          71
9160          50          72
9170          48          74
9180          50          78
9190          52          76
9200          46          76
9210          52          74
9220          52          78
9230          46          68
9240          50          74
9250          51          85
9260          49          83
9270          49          89
9280          51          73
9290          50          76
9300          48          94
9310          51          91
9320          49          83
9330          53          83
9340          49          81
9350          53          73
9360          49          77
9370          51          73
9380          50          84
9390          51          81
9400          51          75
9410          51          75
9420          52          72
9430          53          75
9440          51          85
9450          49          83
9460          52          76
9470          48          80
9480          55          83
9490          51          85
9500          44          84
9510          52          80
9520          46          76
9530          49          79
9540          46          76
9550          52          78
9560          51          87
9570          53          85
9580          49          75
9590          45          81
9600          43          77
9610          51          79
9620          47          87
9630          46          76
9640          50          82
9650          47          71
9660          48          86
9670          49          85
9680          47          71
9690          49          67
9700          49          81
9710          49          71
9720          47          73
9730          50          72
9740          49          75
9750          47          77
9760          47          77
9770          45          67
9780          49          75
9790          48          78
9800          47          69
9810          46          76
9820          52          74
9830          49          79
9840          49          71
9850          50          80
9860          46          78
9870          49          71
9880          46          68
9890          46          72
9900          47          75
9910          51          69
9920          50          68
9930          50          72
9940          54          70
9950          49          77
9960          46          76
9970          53          69
9980          51          77
9990          47          75
10000          48          78
