Time   Number   
ps   
0          53          67
10          49          67
20          52          68
30          48          62
40          53          63
50          50          64
60          47          65
70          50          68
80          52          62
90          50          58
100          49          57
110          49          57
120          52          62
130          51          61
140          55          63
150          50          58
160          53          67
170          53          67
180          49          59
190          50          62
200          48          62
210          51          57
220          55          57
230          54          64
240          50          56
250          50          64
260          51          63
270          50          56
280          48          56
290          49          57
300          50          62
310          52          60
320          53          61
330          52          58
340          50          64
350          51          57
360          50          58
370          53          55
380          49          57
390          46          52
400          49          63
410          45          61
420          50          62
430          52          58
440          48          58
450          49          61
460          48          68
470          48          60
480          51          61
490          52          58
500          54          64
510          51          65
520          56          62
530          52          56
540          51          69
550          50          64
560          48          60
570          50          60
580          48          58
590          46          68
600          51          67
610          47          67
620          55          57
630          53          67
640          54          62
650          53          63
660          49          61
670          56          66
680          52          60
690          47          59
700          50          66
710          53          63
720          50          68
730          55          61
740          52          60
750          53          57
760          48          62
770          52          56
780          48          60
790          51          65
800          50          60
810          55          59
820          57          65
830          56          62
840          50          54
850          52          66
860          49          57
870          51          57
880          53          57
890          50          62
900          51          61
910          48          58
920          48          62
930          52          56
940          51          61
950          43          63
960          49          53
970          48          60
980          54          64
990          53          65
1000          49          69
1010          47          57
1020          51          63
1030          52          62
1040          52          58
1050          54          60
1060          51          65
1070          47          59
1080          51          61
1090          50          66
1100          48          70
1110          52          70
1120          46          60
1130          50          58
1140          49          61
1150          53          57
1160          51          57
1170          55          59
1180          53          63
1190          49          63
1200          52          56
1210          52          60
1220          50          62
1230          52          70
1240          56          64
1250          51          65
1260          52          64
1270          51          71
1280          54          62
1290          49          67
1300          53          69
1310          42          66
1320          42          62
1330          51          59
1340          53          63
1350          50          62
1360          49          65
1370          49          59
1380          50          62
1390          50          66
1400          51          63
1410          50          66
1420          51          65
1430          47          65
1440          47          63
1450          49          61
1460          48          64
1470          53          71
1480          49          61
1490          49          67
1500          49          63
1510          45          57
1520          54          62
1530          48          64
1540          45          61
1550          45          61
1560          47          57
1570          50          58
1580          51          61
1590          51          59
1600          47          63
1610          49          63
1620          44          50
1630          48          64
1640          47          61
1650          48          62
1660          47          61
1670          46          64
1680          49          63
1690          47          65
1700          48          66
1710          49          69
1720          48          62
1730          43          57
1740          44          60
1750          50          56
1760          54          66
1770          46          72
1780          51          59
1790          52          66
1800          54          62
1810          50          60
1820          46          64
1830          48          60
1840          45          67
1850          47          57
1860          48          56
1870          48          56
1880          49          63
1890          52          60
1900          55          65
1910          45          57
1920          49          63
1930          49          59
1940          46          64
1950          47          57
1960          49          61
1970          47          59
1980          52          58
1990          49          61
2000          48          66
2010          49          59
2020          50          58
2030          53          71
2040          49          59
2050          50          56
2060          52          64
2070          47          67
2080          50          66
2090          55          67
2100          55          69
2110          50          60
2120          54          62
2130          49          63
2140          51          71
2150          50          66
2160          51          59
2170          53          67
2180          52          64
2190          52          62
2200          56          74
2210          50          60
2220          52          66
2230          53          67
2240          51          65
2250          52          70
2260          54          68
2270          54          72
2280          52          70
2290          56          68
2300          58          66
2310          52          74
2320          54          64
2330          56          72
2340          51          71
2350          44          68
2360          54          62
2370          55          67
2380          51          67
2390          48          74
2400          51          67
2410          49          73
2420          52          70
2430          50          62
2440          50          68
2450          54          66
2460          50          70
2470          48          70
2480          52          66
2490          52          72
2500          57          65
2510          51          63
2520          57          63
2530          53          67
2540          50          64
2550          49          57
2560          48          60
2570          54          62
2580          53          65
2590          54          62
2600          54          62
2610          50          58
2620          47          53
2630          50          64
2640          54          56
2650          51          61
2660          51          69
2670          51          61
2680          58          68
2690          53          71
2700          53          63
2710          53          69
2720          53          67
2730          56          62
2740          51          69
2750          56          64
2760          53          63
2770          54          76
2780          51          67
2790          49          71
2800          52          66
2810          56          68
2820          55          69
2830          52          62
2840          56          68
2850          54          60
2860          49          61
2870          52          56
2880          46          62
2890          48          60
2900          48          64
2910          49          67
2920          46          62
2930          51          59
2940          54          58
2950          52          58
2960          51          65
2970          50          62
2980          51          59
2990          55          61
3000          52          66
3010          50          64
3020          45          59
3030          55          63
3040          49          61
3050          52          60
3060          46          66
3070          51          63
3080          50          66
3090          50          62
3100          51          63
3110          55          67
3120          52          62
3130          55          63
3140          49          59
3150          52          60
3160          50          64
3170          53          67
3180          53          59
3190          47          59
3200          50          62
3210          53          59
3220          51          63
3230          47          59
3240          53          61
3250          51          61
3260          46          58
3270          49          63
3280          49          63
3290          52          58
3300          49          55
3310          53          61
3320          48          54
3330          47          59
3340          53          57
3350          47          59
3360          50          64
3370          47          61
3380          48          58
3390          48          60
3400          51          63
3410          51          71
3420          49          61
3430          51          61
3440          51          61
3450          51          65
3460          47          61
3470          53          65
3480          48          64
3490          55          67
3500          50          68
3510          50          70
3520          52          70
3530          51          63
3540          52          70
3550          45          69
3560          49          71
3570          47          69
3580          50          64
3590          47          59
3600          51          59
3610          47          57
3620          53          63
3630          50          58
3640          50          68
3650          51          59
3660          52          66
3670          51          65
3680          51          69
3690          53          61
3700          54          66
3710          54          58
3720          52          64
3730          55          57
3740          52          64
3750          51          63
3760          49          59
3770          46          58
3780          45          67
3790          48          62
3800          46          54
3810          51          53
3820          47          63
3830          50          70
3840          50          62
3850          45          59
3860          47          55
3870          53          57
3880          50          56
3890          52          62
3900          48          60
3910          51          53
3920          50          62
3930          52          66
3940          54          64
3950          50          62
3960          52          66
3970          49          59
3980          50          62
3990          50          66
4000          47          55
4010          51          65
4020          52          60
4030          52          62
4040          53          65
4050          52          60
4060          51          57
4070          50          60
4080          49          69
4090          51          61
4100          49          55
4110          53          57
4120          51          61
4130          52          66
4140          53          63
4150          51          57
4160          55          59
4170          54          60
4180          52          72
4190          52          62
4200          51          61
4210          53          59
4220          52          60
4230          56          62
4240          47          65
4250          56          60
4260          50          62
4270          54          64
4280          53          63
4290          55          63
4300          54          64
4310          53          65
4320          52          62
4330          56          62
4340          56          62
4350          54          64
4360          54          68
4370          54          66
4380          55          63
4390          51          59
4400          54          62
4410          50          64
4420          56          60
4430          52          62
4440          55          59
4450          54          62
4460          51          63
4470          52          70
4480          54          64
4490          54          76
4500          50          60
4510          55          67
4520          50          62
4530          50          64
4540          54          62
4550          55          61
4560          52          68
4570          51          67
4580          55          61
4590          57          63
4600          56          62
4610          55          67
4620          58          64
4630          54          68
4640          58          68
4650          56          78
4660          57          67
4670          57          67
4680          54          66
4690          57          63
4700          58          68
4710          55          65
4720          54          60
4730          49          71
4740          56          62
4750          54          60
4760          55          63
4770          56          64
4780          59          65
4790          55          63
4800          59          63
4810          58          70
4820          59          63
4830          54          64
4840          58          66
4850          51          63
4860          53          65
4870          55          67
4880          52          60
4890          55          67
4900          56          66
4910          56          66
4920          58          62
4930          55          69
4940          55          61
4950          55          63
4960          56          62
4970          52          60
4980          51          63
4990          52          68
5000          54          62
5010          53          59
5020          55          57
5030          51          63
5040          55          63
5050          57          63
5060          54          60
5070          58          60
5080          53          59
5090          55          63
5100          57          61
5110          51          67
5120          50          64
5130          53          61
5140          55          63
5150          55          59
5160          53          63
5170          51          55
5180          55          61
5190          49          69
5200          53          71
5210          55          63
5220          53          65
5230          52          62
5240          53          63
5250          52          62
5260          54          64
5270          54          72
5280          54          60
5290          58          62
5300          55          61
5310          52          64
5320          52          62
5330          50          62
5340          55          59
5350          53          59
5360          52          58
5370          54          60
5380          52          58
5390          48          58
5400          53          65
5410          53          65
5420          51          55
5430          50          62
5440          49          59
5450          54          58
5460          54          62
5470          53          65
5480          52          64
5490          51          67
5500          53          65
5510          53          59
5520          49          59
5530          55          63
5540          53          63
5550          55          57
5560          53          65
5570          51          65
5580          51          61
5590          46          60
5600          47          67
5610          51          61
5620          50          66
5630          51          59
5640          52          64
5650          53          59
5660          51          57
5670          53          71
5680          51          61
5690          49          65
5700          52          72
5710          52          64
5720          55          69
5730          54          66
5740          50          62
5750          48          66
5760          54          68
5770          51          69
5780          53          63
5790          49          57
5800          48          70
5810          53          59
5820          52          62
5830          51          69
5840          50          60
5850          49          59
5860          46          56
5870          50          66
5880          52          62
5890          49          69
5900          53          61
5910          49          57
5920          52          62
5930          50          56
5940          56          64
5950          51          57
5960          52          60
5970          52          64
5980          50          64
5990          50          60
6000          48          56
6010          52          62
6020          52          62
6030          49          61
6040          52          56
6050          50          64
6060          52          60
6070          51          65
6080          52          62
6090          55          63
6100          46          68
6110          52          66
6120          51          65
6130          49          63
6140          56          62
6150          52          64
6160          49          61
6170          49          61
6180          54          64
6190          50          64
6200          50          66
6210          48          68
6220          53          63
6230          54          70
6240          52          64
6250          52          66
6260          53          63
6270          52          62
6280          51          59
6290          50          66
6300          51          67
6310          52          72
6320          55          63
6330          57          69
6340          55          67
6350          54          64
6360          54          62
6370          51          67
6380          49          65
6390          57          69
6400          52          68
6410          56          64
6420          52          74
6430          52          60
6440          51          69
6450          45          53
6460          49          61
6470          53          67
6480          51          65
6490          50          64
6500          51          67
6510          53          69
6520          53          65
6530          49          73
6540          54          64
6550          53          65
6560          50          68
6570          47          71
6580          55          65
6590          50          66
6600          51          65
6610          49          71
6620          49          65
6630          51          75
6640          49          57
6650          50          64
6660          50          60
6670          49          67
6680          44          70
6690          47          53
6700          45          61
6710          50          64
6720          46          60
6730          52          60
6740          49          59
6750          46          68
6760          50          62
6770          49          53
6780          53          57
6790          55          65
6800          55          67
6810          53          63
6820          52          60
6830          49          59
6840          47          61
6850          50          64
6860          55          61
6870          54          62
6880          47          55
6890          53          63
6900          49          65
6910          51          61
6920          49          63
6930          53          65
6940          53          57
6950          57          63
6960          52          62
6970          52          68
6980          50          58
6990          52          68
7000          51          67
7010          49          55
7020          49          57
7030          44          52
7040          48          50
7050          50          54
7060          56          62
7070          52          60
7080          53          63
7090          54          58
7100          51          63
7110          50          68
7120          52          66
7130          54          66
7140          52          68
7150          51          63
7160          52          66
7170          55          63
7180          53          63
7190          53          59
7200          55          61
7210          56          60
7220          50          72
7230          55          59
7240          57          61
7250          51          63
7260          49          59
7270          51          61
7280          53          63
7290          49          57
7300          54          62
7310          52          54
7320          55          67
7330          53          63
7340          50          66
7350          50          58
7360          52          68
7370          54          74
7380          55          73
7390          56          68
7400          55          67
7410          57          65
7420          54          62
7430          51          69
7440          53          71
7450          47          59
7460          52          62
7470          52          66
7480          50          58
7490          51          57
7500          56          62
7510          50          62
7520          53          61
7530          49          59
7540          53          63
7550          49          69
7560          52          64
7570          52          64
7580          50          60
7590          51          63
7600          53          63
7610          55          73
7620          54          60
7630          49          71
7640          49          67
7650          55          65
7660          56          58
7670          49          63
7680          50          62
7690          46          58
7700          54          64
7710          49          63
7720          51          61
7730          50          68
7740          51          61
7750          50          62
7760          52          66
7770          49          57
7780          52          62
7790          53          59
7800          52          70
7810          55          69
7820          52          62
7830          52          64
7840          53          73
7850          56          74
7860          50          64
7870          55          69
7880          56          64
7890          52          62
7900          50          68
7910          49          59
7920          57          69
7930          51          63
7940          52          66
7950          52          62
7960          50          66
7970          54          66
7980          53          61
7990          55          61
8000          57          61
8010          61          65
8020          58          60
8030          50          66
8040          55          65
8050          48          62
8060          52          62
8070          51          59
8080          52          62
8090          52          60
8100          47          69
8110          52          66
8120          53          65
8130          53          67
8140          58          66
8150          55          69
8160          58          68
8170          56          66
8180          56          70
8190          57          69
8200          59          63
8210          58          66
8220          56          66
8230          61          69
8240          59          67
8250          56          66
8260          57          63
8270          52          64
8280          56          66
8290          53          65
8300          60          68
8310          60          70
8320          55          63
8330          57          63
8340          58          74
8350          50          80
8360          53          67
8370          57          71
8380          54          70
8390          57          63
8400          55          67
8410          57          63
8420          54          66
8430          56          66
8440          56          64
8450          54          66
8460          57          69
8470          57          65
8480          52          60
8490          52          64
8500          56          68
8510          55          61
8520          61          67
8530          54          64
8540          55          59
8550          56          60
8560          58          64
8570          53          63
8580          56          62
8590          55          57
8600          52          56
8610          51          59
8620          56          64
8630          53          59
8640          57          67
8650          53          67
8660          55          63
8670          57          63
8680          53          59
8690          52          70
8700          57          71
8710          56          64
8720          52          62
8730          52          60
8740          54          66
8750          58          66
8760          56          72
8770          57          67
8780          52          72
8790          57          63
8800          60          64
8810          56          68
8820          55          71
8830          62          66
8840          55          57
8850          57          75
8860          64          68
8870          63          71
8880          58          68
8890          59          63
8900          63          71
8910          59          71
8920          62          66
8930          58          66
8940          53          75
8950          53          75
8960          56          78
8970          58          76
8980          54          66
8990          56          64
9000          58          70
9010          57          75
9020          63          73
9030          58          76
9040          58          72
9050          56          68
9060          59          67
9070          52          68
9080          55          67
9090          56          64
9100          55          63
9110          51          57
9120          52          66
9130          53          67
9140          57          63
9150          56          68
9160          56          66
9170          54          72
9180          59          63
9190          61          69
9200          55          71
9210          61          61
9220          57          63
9230          55          63
9240          52          62
9250          57          67
9260          57          75
9270          58          64
9280          60          72
9290          57          67
9300          51          73
9310          60          72
9320          58          76
9330          62          74
9340          55          73
9350          61          69
9360          58          70
9370          59          71
9380          56          74
9390          57          63
9400          52          68
9410          54          66
9420          52          66
9430          56          62
9440          52          62
9450          56          62
9460          53          63
9470          52          62
9480          52          58
9490          52          68
9500          52          72
9510          55          65
9520          54          64
9530          53          65
9540          53          57
9550          55          59
9560          50          60
9570          54          58
9580          52          64
9590          53          59
9600          53          63
9610          57          71
9620          56          60
9630          52          64
9640          51          63
9650          55          67
9660          55          65
9670          55          65
9680          53          67
9690          55          71
9700          56          62
9710          53          63
9720          57          73
9730          53          67
9740          55          65
9750          52          64
9760          52          64
9770          57          57
9780          57          61
9790          60          66
9800          50          64
9810          55          65
9820          54          60
9830          55          59
9840          53          69
9850          54          64
9860          51          59
9870          55          61
9880          50          54
9890          54          68
9900          52          58
9910          51          55
9920          55          61
9930          53          63
9940          51          67
9950          49          63
9960          49          71
9970          58          62
9980          53          61
9990          51          57
10000          51          63
