Time   Number   
ps   
0          20          28
10          20          24
20          21          23
30          21          23
40          22          22
50          21          23
60          21          27
70          19          25
80          20          22
90          22          24
100          21          23
110          21          23
120          22          22
130          21          25
140          23          23
150          23          29
160          20          22
170          22          24
180          24          26
190          23          23
200          22          28
210          22          24
220          23          23
230          21          27
240          22          24
250          21          27
260          24          26
270          23          23
280          22          24
290          23          23
300          21          21
310          20          28
320          22          28
330          24          24
340          21          29
350          23          27
360          20          26
370          22          28
380          23          25
390          23          29
400          23          27
410          25          25
420          21          23
430          24          28
440          24          28
450          23          23
460          24          26
470          23          25
480          25          25
490          21          27
500          23          25
510          26          28
520          21          25
530          23          27
540          23          27
550          25          29
560          26          30
570          26          30
580          23          31
590          25          31
600          24          26
610          23          25
620          24          28
630          25          29
640          24          30
650          25          25
660          25          29
670          22          26
680          25          25
690          24          28
700          26          28
710          24          26
720          22          24
730          22          22
740          23          25
750          22          26
760          24          24
770          23          29
780          21          23
790          24          26
800          23          27
810          22          24
820          25          27
830          24          26
840          23          25
850          23          25
860          22          24
870          23          25
880          23          27
890          23          29
900          23          25
910          24          28
920          22          26
930          20          26
940          21          27
950          23          27
960          22          26
970          20          24
980          22          24
990          23          25
1000          21          25
1010          22          24
1020          22          26
1030          22          24
1040          24          24
1050          23          27
1060          22          24
1070          22          24
1080          22          28
1090          21          27
1100          23          25
1110          21          29
1120          21          27
1130          20          24
1140          21          25
1150          21          25
1160          20          24
1170          22          22
1180          19          23
1190          20          24
1200          22          24
1210          21          23
1220          20          24
1230          21          21
1240          20          24
1250          21          23
1260          19          23
1270          19          19
1280          21          21
1290          19          25
1300          21          25
1310          21          25
1320          21          25
1330          21          25
1340          21          27
1350          19          25
1360          21          25
1370          23          25
1380          21          23
1390          19          25
1400          19          25
1410          20          22
1420          23          23
1430          22          22
1440          21          25
1450          22          24
1460          23          25
1470          22          28
1480          22          24
1490          22          26
1500          22          26
1510          21          23
1520          19          25
1530          20          26
1540          23          25
1550          20          20
1560          21          23
1570          18          26
1580          20          24
1590          22          28
1600          22          24
1610          18          22
1620          22          26
1630          20          24
1640          23          25
1650          21          23
1660          21          25
1670          23          25
1680          20          26
1690          19          23
1700          22          24
1710          21          23
1720          21          23
1730          20          22
1740          23          25
1750          22          26
1760          19          25
1770          22          22
1780          18          22
1790          22          26
1800          19          25
1810          20          26
1820          19          25
1830          20          22
1840          21          27
1850          20          24
1860          21          21
1870          21          23
1880          23          25
1890          23          27
1900          22          24
1910          20          22
1920          22          28
1930          21          23
1940          23          25
1950          22          26
1960          23          23
1970          22          22
1980          23          23
1990          22          22
2000          20          24
2010          21          25
2020          22          22
2030          19          21
2040          22          24
2050          21          25
2060          21          23
2070          20          24
2080          22          24
2090          23          23
2100          22          26
2110          21          23
2120          20          26
2130          22          22
2140          21          21
2150          21          21
2160          22          22
2170          21          21
2180          19          23
2190          20          22
2200          21          21
2210          21          21
2220          21          23
2230          21          21
2240          20          22
2250          20          24
2260          19          23
2270          19          23
2280          19          21
2290          22          24
2300          20          22
2310          18          22
2320          19          21
2330          19          21
2340          19          25
2350          19          25
2360          21          21
2370          20          24
2380          19          21
2390          18          26
2400          21          21
2410          18          22
2420          20          22
2430          20          22
2440          20          22
2450          19          21
2460          21          21
2470          19          21
2480          20          22
2490          20          22
2500          21          23
2510          18          24
2520          19          21
2530          22          24
2540          20          20
2550          23          23
2560          21          21
2570          20          24
2580          21          23
2590          21          21
2600          20          22
2610          21          23
2620          22          24
2630          18          20
2640          22          22
2650          20          22
2660          21          23
2670          20          22
2680          22          22
2690          18          24
2700          21          25
2710          20          26
2720          19          23
2730          21          23
2740          21          23
2750          19          23
2760          23          23
2770          21          25
2780          21          23
2790          20          24
2800          21          25
2810          21          21
2820          21          23
2830          21          21
2840          19          21
2850          21          21
2860          19          21
2870          19          21
2880          20          20
2890          18          20
2900          19          23
2910          19          25
2920          21          23
2930          22          22
2940          20          24
2950          19          21
2960          20          22
2970          20          26
2980          20          24
2990          20          22
3000          21          23
3010          20          26
3020          21          23
3030          19          23
3040          18          26
3050          18          22
3060          17          21
3070          21          21
3080          21          23
3090          20          22
3100          19          21
3110          19          21
3120          21          21
3130          18          20
3140          19          19
3150          17          21
3160          18          20
3170          19          19
3180          19          21
3190          20          22
3200          21          21
3210          21          21
3220          21          21
3230          19          19
3240          18          20
3250          19          19
3260          19          21
3270          18          18
3280          20          22
3290          22          22
3300          19          19
3310          19          23
3320          20          22
3330          19          19
3340          17          23
3350          19          21
3360          20          20
3370          20          22
3380          21          21
3390          21          21
3400          21          21
3410          17          21
3420          19          21
3430          20          20
3440          19          21
3450          20          20
3460          20          20
3470          18          20
3480          20          22
3490          21          21
3500          20          22
3510          18          18
3520          16          20
3530          17          19
3540          18          18
3550          19          19
3560          18          20
3570          18          22
3580          19          19
3590          19          21
3600          19          21
3610          22          22
3620          20          20
3630          20          26
3640          16          24
3650          19          21
3660          20          22
3670          19          21
3680          19          21
3690          19          19
3700          20          20
3710          18          20
3720          19          21
3730          22          22
3740          22          22
3750          22          26
3760          19          25
3770          22          26
3780          22          24
3790          19          21
3800          22          24
3810          22          22
3820          19          21
3830          22          22
3840          19          21
3850          21          23
3860          22          22
3870          21          25
3880          22          22
3890          19          21
3900          22          24
3910          20          20
3920          18          20
3930          21          21
3940          19          21
3950          19          19
3960          19          23
3970          20          20
3980          20          22
3990          21          21
4000          18          20
4010          19          19
4020          18          18
4030          18          20
4040          18          18
4050          19          19
4060          19          21
4070          18          20
4080          18          18
4090          16          18
4100          18          18
4110          17          19
4120          16          16
4130          18          20
4140          19          19
4150          17          19
4160          18          18
4170          18          20
4180          20          20
4190          19          19
4200          17          17
4210          19          19
4220          20          20
4230          18          22
4240          19          21
4250          18          20
4260          16          18
4270          16          16
4280          18          18
4290          16          18
4300          18          20
4310          19          19
4320          16          20
4330          17          17
4340          17          21
4350          17          21
4360          18          20
4370          20          20
4380          19          21
4390          21          21
4400          20          20
4410          17          19
4420          20          20
4430          19          19
4440          16          20
4450          20          20
4460          19          19
4470          18          18
4480          19          19
4490          18          20
4500          19          19
4510          17          19
4520          18          20
4530          17          17
4540          16          20
4550          18          20
4560          18          18
4570          18          18
4580          17          21
4590          17          17
4600          16          18
4610          18          22
4620          20          20
4630          20          20
4640          19          21
4650          20          20
4660          17          17
4670          21          21
4680          18          18
4690          19          19
4700          18          20
4710          18          22
4720          17          17
4730          20          20
4740          18          22
4750          20          20
4760          20          22
4770          19          19
4780          19          19
4790          18          18
4800          19          19
4810          19          19
4820          16          18
4830          18          20
4840          20          20
4850          19          21
4860          19          21
4870          19          19
4880          18          18
4890          20          22
4900          20          20
4910          19          21
4920          19          21
4930          19          21
4940          20          20
4950          18          20
4960          19          19
4970          17          19
4980          18          20
4990          19          19
5000          19          21
5010          18          18
5020          18          22
5030          19          19
5040          19          19
5050          19          23
5060          19          19
5070          19          21
5080          20          20
5090          20          22
5100          16          20
5110          20          22
5120          19          23
5130          19          21
5140          21          21
5150          19          21
5160          19          19
5170          18          18
5180          19          21
5190          18          20
5200          17          19
5210          18          18
5220          19          19
5230          16          20
5240          18          18
5250          17          21
5260          18          18
5270          17          23
5280          17          17
5290          17          17
5300          19          19
5310          19          19
5320          18          20
5330          19          21
5340          19          19
5350          17          21
5360          18          20
5370          19          19
5380          18          20
5390          17          17
5400          17          21
5410          18          20
5420          18          20
5430          20          20
5440          17          19
5450          18          20
5460          18          18
5470          18          18
5480          19          19
5490          17          17
5500          17          17
5510          18          18
5520          19          19
5530          19          21
5540          17          19
5550          20          20
5560          21          21
5570          19          21
5580          19          23
5590          21          23
5600          18          18
5610          21          23
5620          20          22
5630          20          20
5640          18          20
5650          20          20
5660          18          20
5670          19          21
5680          17          17
5690          18          22
5700          20          20
5710          18          20
5720          19          23
5730          19          21
5740          18          20
5750          20          20
5760          17          17
5770          21          21
5780          19          21
5790          18          20
5800          19          19
5810          20          22
5820          20          24
5830          20          22
5840          19          19
5850          19          19
5860          21          21
5870          20          22
5880          19          23
5890          20          22
5900          19          25
5910          17          23
5920          21          21
5930          21          21
5940          19          21
5950          21          23
5960          19          21
5970          21          23
5980          20          24
5990          21          21
6000          22          22
6010          21          21
6020          21          21
6030          19          23
6040          20          22
6050          21          21
6060          18          20
6070          20          26
6080          21          23
6090          20          22
6100          17          19
6110          19          19
6120          18          20
6130          19          23
6140          20          20
6150          20          20
6160          21          21
6170          22          24
6180          20          22
6190          21          21
6200          19          21
6210          17          21
6220          19          19
6230          18          20
6240          20          20
6250          18          20
6260          20          22
6270          20          20
6280          20          20
6290          20          24
6300          19          21
6310          18          24
6320          18          18
6330          22          24
6340          21          21
6350          19          21
6360          21          23
6370          21          21
6380          19          19
6390          20          22
6400          19          21
6410          20          24
6420          19          23
6430          20          20
6440          20          22
6450          19          21
6460          18          22
6470          21          23
6480          20          20
6490          19          21
6500          19          19
6510          20          20
6520          20          22
6530          21          21
6540          18          22
6550          21          21
6560          19          21
6570          20          20
6580          19          19
6590          21          21
6600          21          21
6610          19          23
6620          20          24
6630          19          19
6640          21          21
6650          21          23
6660          19          21
6670          20          20
6680          19          19
6690          18          24
6700          21          23
6710          19          21
6720          19          19
6730          18          20
6740          19          19
6750          22          22
6760          22          24
6770          22          22
6780          22          22
6790          21          23
6800          20          20
6810          20          20
6820          20          22
6830          22          22
6840          21          23
6850          20          22
6860          22          22
6870          22          22
6880          20          20
6890          19          19
6900          21          21
6910          21          21
6920          21          23
6930          21          21
6940          20          22
6950          20          22
6960          19          21
6970          19          21
6980          21          21
6990          22          22
7000          22          24
7010          20          20
7020          18          18
7030          20          20
7040          17          19
7050          19          19
7060          20          22
7070          18          22
7080          20          22
7090          20          20
7100          21          23
7110          21          23
7120          20          22
7130          18          20
7140          21          21
7150          20          24
7160          20          20
7170          19          21
7180          21          21
7190          22          22
7200          22          22
7210          16          22
7220          21          21
7230          19          21
7240          19          21
7250          18          18
7260          19          21
7270          21          23
7280          19          21
7290          18          26
7300          20          22
7310          21          21
7320          20          22
7330          19          21
7340          21          21
7350          19          21
7360          21          23
7370          20          26
7380          21          25
7390          21          25
7400          20          24
7410          18          24
7420          19          21
7430          19          23
7440          22          22
7450          21          21
7460          19          23
7470          19          21
7480          20          22
7490          18          22
7500          20          20
7510          21          21
7520          19          21
7530          19          21
7540          19          21
7550          18          20
7560          20          22
7570          20          22
7580          20          24
7590          20          24
7600          21          23
7610          20          24
7620          22          24
7630          20          28
7640          20          22
7650          17          25
7660          21          23
7670          19          23
7680          19          21
7690          21          23
7700          22          26
7710          20          20
7720          17          23
7730          20          22
7740          19          21
7750          18          24
7760          19          21
7770          19          21
7780          19          19
7790          19          23
7800          19          23
7810          21          27
7820          22          24
7830          22          24
7840          22          24
7850          19          25
7860          21          23
7870          19          21
7880          20          24
7890          20          20
7900          21          25
7910          22          26
7920          21          25
7930          20          24
7940          17          17
7950          18          20
7960          16          18
7970          20          20
7980          18          18
7990          19          19
8000          17          17
8010          19          19
8020          19          19
8030          18          22
8040          19          21
8050          18          18
8060          17          21
8070          19          19
8080          18          20
8090          18          18
8100          19          21
8110          20          20
8120          18          22
8130          19          21
8140          20          22
8150          20          20
8160          20          20
8170          19          21
8180          19          19
8190          20          22
8200          17          21
8210          21          23
8220          21          23
8230          21          23
8240          17          21
8250          21          23
8260          19          19
8270          20          20
8280          20          22
8290          20          24
8300          20          22
8310          19          19
8320          20          20
8330          20          20
8340          21          23
8350          19          21
8360          22          24
8370          22          22
8380          22          24
8390          20          20
8400          19          25
8410          22          22
8420          23          25
8430          22          26
8440          24          24
8450          20          26
8460          22          24
8470          22          22
8480          20          22
8490          25          25
8500          19          23
8510          22          22
8520          21          23
8530          21          23
8540          22          22
8550          19          21
8560          21          23
8570          19          23
8580          21          23
8590          20          24
8600          22          22
8610          19          23
8620          16          20
8630          16          18
8640          16          16
8650          15          17
8660          19          19
8670          18          20
8680          21          21
8690          21          21
8700          20          20
8710          19          19
8720          19          23
8730          21          21
8740          21          21
8750          21          21
8760          19          21
8770          21          21
8780          20          22
8790          19          21
8800          18          24
8810          20          22
8820          21          23
8830          22          24
8840          19          21
8850          22          24
8860          20          22
8870          22          22
8880          21          21
8890          21          21
8900          20          20
8910          19          23
8920          19          19
8930          21          21
8940          22          22
8950          18          20
8960          20          20
8970          19          19
8980          18          20
8990          16          16
9000          19          19
9010          19          21
9020          16          18
9030          18          18
9040          15          19
9050          19          23
9060          17          19
9070          15          19
9080          16          20
9090          17          23
9100          17          21
9110          17          19
9120          17          17
9130          18          20
9140          19          21
9150          20          20
9160          18          18
9170          19          21
9180          22          24
9190          21          23
9200          21          21
9210          21          21
9220          21          21
9230          21          21
9240          18          20
9250          17          17
9260          20          22
9270          21          23
9280          21          21
9290          20          20
9300          19          19
9310          21          21
9320          20          22
9330          20          20
9340          19          19
9350          19          21
9360          20          20
9370          20          20
9380          21          21
9390          20          22
9400          22          22
9410          21          23
9420          20          20
9430          20          22
9440          17          25
9450          22          22
9460          21          21
9470          19          19
9480          21          23
9490          21          25
9500          22          22
9510          22          22
9520          20          22
9530          20          22
9540          21          25
9550          21          23
9560          21          25
9570          21          23
9580          20          24
9590          22          22
9600          22          24
9610          20          22
9620          23          23
9630          19          21
9640          22          22
9650          19          19
9660          19          19
9670          18          22
9680          19          21
9690          22          22
9700          20          20
9710          19          21
9720          17          19
9730          19          21
9740          21          21
9750          21          23
9760          22          22
9770          19          21
9780          21          21
9790          20          22
9800          22          22
9810          18          20
9820          20          22
9830          19          21
9840          19          21
9850          20          22
9860          18          24
9870          21          21
9880          20          24
9890          20          20
9900          20          22
9910          21          21
9920          22          24
9930          22          24
9940          18          24
9950          22          22
9960          20          20
9970          22          24
9980          21          21
9990          21          23
10000          22          24
