Time   Number   
ps   
0          50          60
10          48          62
20          52          68
30          46          60
40          45          53
50          49          67
60          49          63
70          50          62
80          49          65
90          50          68
100          47          59
110          48          50
120          50          60
130          49          61
140          50          64
150          51          63
160          48          60
170          51          63
180          53          65
190          55          63
200          50          62
210          48          56
220          51          59
230          51          65
240          49          69
250          51          61
260          52          68
270          50          64
280          50          66
290          52          62
300          50          74
310          51          67
320          46          62
330          49          71
340          44          62
350          45          59
360          50          62
370          46          66
380          52          68
390          50          60
400          48          70
410          50          60
420          51          69
430          49          61
440          48          58
450          48          62
460          46          60
470          48          62
480          48          70
490          48          64
500          48          60
510          48          62
520          48          66
530          49          69
540          48          60
550          46          58
560          48          62
570          47          55
580          48          64
590          49          59
600          52          66
610          46          56
620          48          58
630          47          63
640          52          60
650          54          62
660          49          51
670          48          58
680          50          60
690          49          57
700          46          62
710          48          64
720          51          61
730          47          53
740          47          61
750          49          57
760          47          61
770          49          63
780          50          66
790          51          67
800          52          72
810          48          62
820          49          61
830          48          62
840          47          63
850          48          62
860          48          60
870          46          68
880          50          70
890          47          63
900          49          67
910          44          54
920          49          69
930          46          58
940          43          69
950          50          62
960          48          64
970          49          61
980          51          59
990          48          58
1000          49          59
1010          47          61
1020          45          59
1030          48          56
1040          42          52
1050          47          59
1060          45          65
1070          47          63
1080          47          55
1090          46          60
1100          47          61
1110          44          54
1120          50          62
1130          48          60
1140          51          63
1150          42          62
1160          48          60
1170          48          56
1180          44          60
1190          51          61
1200          50          62
1210          51          59
1220          45          61
1230          47          55
1240          49          61
1250          44          58
1260          50          68
1270          51          61
1280          46          62
1290          49          59
1300          48          66
1310          49          67
1320          51          63
1330          49          65
1340          51          61
1350          49          63
1360          52          66
1370          49          63
1380          51          65
1390          51          65
1400          50          58
1410          54          62
1420          47          59
1430          49          61
1440          49          63
1450          48          54
1460          46          62
1470          51          65
1480          53          63
1490          50          62
1500          48          60
1510          50          56
1520          46          60
1530          50          62
1540          48          68
1550          46          58
1560          46          66
1570          49          65
1580          50          68
1590          48          62
1600          49          63
1610          49          57
1620          47          55
1630          42          54
1640          47          57
1650          48          56
1660          47          57
1670          43          57
1680          47          55
1690          43          59
1700          45          59
1710          46          56
1720          48          68
1730          48          62
1740          49          63
1750          45          59
1760          49          59
1770          43          59
1780          45          61
1790          43          57
1800          50          56
1810          52          62
1820          51          61
1830          47          63
1840          47          61
1850          49          63
1860          46          64
1870          50          60
1880          43          55
1890          46          58
1900          48          58
1910          44          62
1920          48          62
1930          46          66
1940          47          59
1950          45          63
1960          44          54
1970          46          60
1980          44          64
1990          48          62
2000          47          65
2010          43          65
2020          46          72
2030          49          59
2040          49          63
2050          48          66
2060          47          63
2070          46          68
2080          45          65
2090          51          61
2100          48          74
2110          51          63
2120          47          63
2130          51          61
2140          47          61
2150          49          69
2160          55          71
2170          50          82
2180          44          58
2190          41          57
2200          49          65
2210          46          66
2220          49          67
2230          50          60
2240          50          62
2250          52          66
2260          50          64
2270          52          68
2280          54          64
2290          50          66
2300          46          62
2310          52          72
2320          48          66
2330          50          58
2340          46          66
2350          46          54
2360          51          67
2370          45          65
2380          47          69
2390          44          62
2400          49          63
2410          52          64
2420          51          69
2430          47          57
2440          51          63
2450          51          67
2460          49          69
2470          50          64
2480          48          70
2490          52          72
2500          54          70
2510          50          60
2520          50          66
2530          51          65
2540          57          63
2550          56          62
2560          51          67
2570          50          68
2580          51          63
2590          53          67
2600          50          66
2610          46          58
2620          52          62
2630          55          59
2640          47          59
2650          52          60
2660          54          62
2670          51          57
2680          46          62
2690          47          61
2700          52          72
2710          56          64
2720          56          66
2730          53          61
2740          51          69
2750          51          59
2760          52          64
2770          53          59
2780          53          63
2790          52          64
2800          53          63
2810          52          60
2820          51          63
2830          51          69
2840          49          61
2850          51          67
2860          56          62
2870          50          60
2880          52          62
2890          48          64
2900          48          66
2910          50          70
2920          52          64
2930          52          72
2940          51          69
2950          49          69
2960          56          62
2970          49          63
2980          54          64
2990          46          66
3000          52          62
3010          50          68
3020          50          64
3030          54          68
3040          51          65
3050          50          62
3060          50          60
3070          51          69
3080          53          65
3090          49          63
3100          51          59
3110          51          65
3120          55          63
3130          53          61
3140          47          65
3150          54          64
3160          54          60
3170          50          60
3180          55          65
3190          54          70
3200          53          71
3210          55          59
3220          51          67
3230          50          64
3240          49          77
3250          51          61
3260          53          63
3270          55          69
3280          53          69
3290          51          69
3300          55          67
3310          49          71
3320          55          65
3330          50          70
3340          52          62
3350          54          66
3360          55          65
3370          48          52
3380          51          65
3390          48          60
3400          51          61
3410          51          65
3420          52          66
3430          50          58
3440          50          60
3450          51          67
3460          51          69
3470          46          62
3480          51          65
3490          52          66
3500          53          65
3510          54          72
3520          53          69
3530          49          67
3540          48          60
3550          52          80
3560          54          62
3570          50          72
3580          50          72
3590          52          60
3600          53          71
3610          54          64
3620          53          57
3630          50          64
3640          56          62
3650          53          63
3660          53          63
3670          55          61
3680          54          60
3690          51          63
3700          52          60
3710          52          66
3720          50          66
3730          49          55
3740          49          59
3750          50          60
3760          45          61
3770          49          63
3780          45          61
3790          48          58
3800          51          65
3810          47          57
3820          47          59
3830          44          60
3840          47          59
3850          50          56
3860          49          61
3870          45          53
3880          49          55
3890          46          60
3900          43          59
3910          48          64
3920          53          63
3930          50          58
3940          51          63
3950          50          58
3960          47          65
3970          47          67
3980          51          55
3990          47          53
4000          49          65
4010          51          61
4020          50          62
4030          47          55
4040          50          64
4050          46          60
4060          46          56
4070          55          63
4080          53          59
4090          48          58
4100          46          54
4110          49          65
4120          46          60
4130          46          60
4140          52          64
4150          46          62
4160          48          70
4170          48          70
4180          49          65
4190          51          61
4200          50          58
4210          47          55
4220          50          66
4230          47          67
4240          47          59
4250          50          74
4260          50          64
4270          42          66
4280          49          65
4290          46          60
4300          52          64
4310          51          75
4320          52          72
4330          49          65
4340          52          64
4350          53          65
4360          52          70
4370          45          63
4380          47          67
4390          57          71
4400          54          66
4410          48          60
4420          51          65
4430          49          71
4440          54          70
4450          50          62
4460          48          74
4470          49          61
4480          53          71
4490          50          70
4500          52          64
4510          48          62
4520          46          62
4530          51          61
4540          48          68
4550          51          63
4560          51          61
4570          48          74
4580          51          65
4590          51          67
4600          53          65
4610          52          66
4620          54          76
4630          51          63
4640          50          64
4650          51          73
4660          55          67
4670          48          66
4680          50          62
4690          54          66
4700          52          72
4710          50          66
4720          52          72
4730          47          67
4740          51          61
4750          51          61
4760          52          70
4770          51          65
4780          49          71
4790          51          69
4800          51          69
4810          51          65
4820          47          69
4830          48          68
4840          51          61
4850          50          64
4860          48          62
4870          51          69
4880          49          67
4890          53          71
4900          51          71
4910          50          58
4920          47          61
4930          54          66
4940          56          70
4950          55          67
4960          50          64
4970          54          68
4980          54          64
4990          55          65
5000          49          67
5010          51          69
5020          51          61
5030          47          61
5040          47          59
5050          52          72
5060          52          66
5070          48          62
5080          49          57
5090          50          64
5100          43          65
5110          50          68
5120          48          64
5130          48          70
5140          56          66
5150          49          67
5160          50          64
5170          49          63
5180          47          67
5190          53          71
5200          56          70
5210          49          69
5220          53          75
5230          48          66
5240          47          67
5250          48          64
5260          54          70
5270          50          66
5280          53          65
5290          51          67
5300          49          57
5310          49          59
5320          50          66
5330          48          60
5340          54          58
5350          43          69
5360          55          67
5370          53          65
5380          48          66
5390          48          64
5400          48          68
5410          51          67
5420          48          64
5430          54          70
5440          51          69
5450          51          67
5460          52          72
5470          47          67
5480          51          65
5490          52          72
5500          50          62
5510          50          58
5520          52          70
5530          51          67
5540          50          62
5550          54          64
5560          50          74
5570          53          65
5580          50          68
5590          52          72
5600          50          68
5610          47          67
5620          47          67
5630          48          64
5640          55          65
5650          52          66
5660          51          71
5670          47          67
5680          50          60
5690          51          63
5700          51          65
5710          53          67
5720          54          66
5730          48          64
5740          52          70
5750          47          55
5760          47          67
5770          54          66
5780          51          65
5790          52          58
5800          53          63
5810          53          73
5820          48          62
5830          52          66
5840          51          71
5850          54          66
5860          55          67
5870          48          72
5880          55          61
5890          48          68
5900          55          67
5910          51          59
5920          51          63
5930          44          54
5940          46          66
5950          50          70
5960          50          68
5970          53          75
5980          49          67
5990          51          63
6000          55          61
6010          49          63
6020          47          69
6030          50          66
6040          50          64
6050          49          61
6060          47          65
6070          52          60
6080          45          55
6090          47          61
6100          51          57
6110          51          57
6120          50          62
6130          49          63
6140          50          62
6150          49          61
6160          52          60
6170          50          74
6180          50          72
6190          50          60
6200          47          73
6210          49          67
6220          47          63
6230          49          63
6240          44          62
6250          48          56
6260          46          58
6270          47          63
6280          47          57
6290          47          59
6300          47          61
6310          48          56
6320          48          56
6330          50          60
6340          47          59
6350          46          64
6360          45          57
6370          44          58
6380          47          63
6390          49          53
6400          45          59
6410          48          60
6420          43          59
6430          47          55
6440          44          56
6450          49          59
6460          47          69
6470          50          60
6480          49          63
6490          48          60
6500          47          61
6510          48          70
6520          52          68
6530          53          61
6540          45          59
6550          48          56
6560          48          66
6570          46          62
6580          46          60
6590          43          67
6600          43          57
6610          45          59
6620          46          62
6630          45          65
6640          47          65
6650          47          65
6660          47          61
6670          49          61
6680          48          58
6690          46          66
6700          44          58
6710          47          61
6720          47          67
6730          47          63
6740          51          69
6750          49          65
6760          45          61
6770          47          61
6780          46          64
6790          42          60
6800          44          68
6810          47          67
6820          44          62
6830          49          63
6840          48          64
6850          45          67
6860          48          64
6870          46          58
6880          48          58
6890          49          65
6900          43          61
6910          48          64
6920          47          61
6930          47          61
6940          48          58
6950          51          61
6960          48          60
6970          49          61
6980          52          66
6990          47          63
7000          47          67
7010          48          68
7020          46          62
7030          49          67
7040          46          68
7050          46          70
7060          48          68
7070          51          63
7080          48          60
7090          47          73
7100          47          61
7110          45          61
7120          48          56
7130          50          62
7140          47          63
7150          48          60
7160          43          57
7170          48          62
7180          49          65
7190          47          69
7200          47          61
7210          48          68
7220          50          66
7230          39          59
7240          43          59
7250          45          71
7260          45          61
7270          47          75
7280          49          67
7290          49          61
7300          44          66
7310          46          68
7320          46          62
7330          42          58
7340          46          66
7350          46          60
7360          46          64
7370          52          66
7380          48          64
7390          49          61
7400          51          65
7410          44          66
7420          47          57
7430          46          58
7440          44          68
7450          45          71
7460          50          60
7470          47          63
7480          46          60
7490          44          60
7500          52          64
7510          52          66
7520          54          68
7530          51          65
7540          51          65
7550          54          66
7560          46          72
7570          50          68
7580          48          64
7590          53          69
7600          49          69
7610          49          69
7620          50          72
7630          51          73
7640          48          68
7650          50          68
7660          51          63
7670          50          70
7680          55          71
7690          49          75
7700          50          64
7710          49          69
7720          50          78
7730          52          68
7740          51          75
7750          46          66
7760          51          63
7770          52          74
7780          50          78
7790          51          69
7800          51          61
7810          48          66
7820          54          70
7830          53          73
7840          53          73
7850          52          68
7860          51          77
7870          51          69
7880          48          70
7890          55          65
7900          51          67
7910          52          78
7920          48          76
7930          48          66
7940          50          70
7950          52          64
7960          49          65
7970          52          64
7980          52          66
7990          50          64
8000          49          75
8010          54          72
8020          53          69
8030          54          70
8040          44          66
8050          52          68
8060          47          73
8070          51          69
8080          47          63
8090          51          69
8100          54          74
8110          47          59
8120          48          70
8130          51          69
8140          49          71
8150          50          66
8160          50          66
8170          49          75
8180          49          71
8190          46          54
8200          50          68
8210          53          59
8220          49          75
8230          49          67
8240          52          68
8250          50          76
8260          51          69
8270          50          62
8280          48          70
8290          52          72
8300          48          62
8310          51          65
8320          47          65
8330          52          64
8340          45          63
8350          50          64
8360          51          59
8370          54          66
8380          52          68
8390          50          62
8400          47          71
8410          47          65
8420          47          59
8430          45          57
8440          53          65
8450          50          74
8460          46          66
8470          49          63
8480          47          61
8490          45          63
8500          49          61
8510          48          60
8520          48          60
8530          50          66
8540          48          62
8550          49          61
8560          49          67
8570          44          66
8580          45          65
8590          45          63
8600          48          64
8610          47          63
8620          49          67
8630          46          60
8640          46          56
8650          48          74
8660          44          62
8670          45          65
8680          47          67
8690          49          63
8700          45          67
8710          47          65
8720          47          57
8730          49          51
8740          48          58
8750          44          66
8760          45          53
8770          44          64
8780          48          60
8790          47          57
8800          49          59
8810          48          56
8820          47          65
8830          52          64
8840          52          56
8850          51          65
8860          50          60
8870          51          63
8880          48          58
8890          41          63
8900          46          60
8910          49          63
8920          46          60
8930          43          71
8940          45          61
8950          43          67
8960          47          57
8970          46          54
8980          45          57
8990          48          66
9000          46          62
9010          42          64
9020          48          56
9030          41          55
9040          46          60
9050          46          64
9060          47          59
9070          45          57
9080          52          60
9090          48          62
9100          46          64
9110          52          56
9120          46          58
9130          50          58
9140          43          59
9150          45          59
9160          49          65
9170          51          63
9180          49          63
9190          46          60
9200          44          60
9210          44          62
9220          47          69
9230          48          62
9240          49          53
9250          48          64
9260          46          56
9270          41          61
9280          47          57
9290          51          61
9300          43          63
9310          48          62
9320          45          63
9330          45          63
9340          44          52
9350          47          55
9360          45          59
9370          46          56
9380          48          60
9390          44          62
9400          48          66
9410          43          65
9420          46          58
9430          45          57
9440          46          62
9450          45          53
9460          51          63
9470          46          56
9480          45          57
9490          46          64
9500          41          65
9510          50          60
9520          52          62
9530          49          63
9540          49          63
9550          46          64
9560          50          62
9570          45          59
9580          51          61
9590          49          57
9600          42          56
9610          50          64
9620          45          69
9630          48          64
9640          47          65
9650          43          59
9660          52          64
9670          49          59
9680          48          56
9690          48          66
9700          48          60
9710          50          58
9720          51          59
9730          50          60
9740          49          63
9750          49          59
9760          48          62
9770          50          68
9780          56          60
9790          54          58
9800          48          62
9810          52          64
9820          51          63
9830          47          53
9840          51          65
9850          47          65
9860          49          57
9870          49          61
9880          48          66
9890          52          66
9900          49          65
9910          50          66
9920          47          61
9930          54          60
9940          51          57
9950          47          57
9960          51          63
9970          52          64
9980          47          67
9990          47          57
10000          48          64
