Time   C(t)   
ps   
0           1           1  1.3597e-10   0.0219556
10    0.785627    0.805851    0.215294   0.0127782
20    0.744436    0.768546     1.12229  0.00360082
30    0.713611    0.740629    0.579799  0.00285144
40    0.687407    0.716897    0.598128  0.00238533
50    0.665904    0.697423   -0.311884  0.00211573
60    0.645092    0.678574  -0.0426305  0.00198991
70    0.626106    0.661379     0.51732  0.00175361
80     0.61002    0.646811   -0.237491  0.00169742
90    0.592158    0.630634    0.225699  0.00161339
100    0.577752    0.617587   -0.296536  0.00149151
110    0.562327    0.603617   -0.780791  0.00147656
120    0.548221    0.590842   -0.839497  0.00136986
130     0.53493    0.578805   -0.839931  0.00140649
140    0.520091    0.565366    -1.76739  0.00130245
150    0.508881    0.555213   -0.589761  0.00107873
160    0.498517    0.545827     -2.0783  0.00110961
170    0.486689    0.535115   -0.687917  0.00111711
180    0.476175    0.525592     -1.0749  0.00101962
190    0.466296    0.516646    0.102553  0.000987691
200    0.456421    0.507702  -0.0909119  0.000987597
210    0.446544    0.498758   -0.419512  0.000956675
220    0.437287    0.490374   -0.477973  0.000914894
230    0.428247    0.482186    0.274971  0.000830323
240    0.420681    0.475334    0.718756  0.000823584
250    0.411775    0.467268   -0.537678  0.000831597
260    0.404049    0.460271   -0.267575  0.000764827
270    0.396478    0.453415   -0.345798  0.000720371
280    0.389641    0.447223    0.503962  0.000703652
290    0.382405    0.440669    0.831997  0.000741558
300     0.37481    0.433791    -1.25515  0.000716265
310     0.36808    0.427696    -1.23609  0.000637101
320    0.362068    0.422251   -0.328167  0.000578053
330    0.356519    0.417225   -0.811781  0.000515659
340    0.351755    0.412911   -0.889816  0.000486569
350    0.346788    0.408412    -1.06376  0.000575088
360    0.340253    0.402494    -1.56638  0.000623807
370    0.334311    0.397113    -1.35419  0.000520045
380    0.329852    0.393074   -0.813611  0.000443201
390    0.325447    0.389085    -1.16184  0.000435488
400    0.321143    0.385186   -0.235652  0.000506975
410    0.315308    0.379902    -1.33669  0.000526446
420    0.310614    0.375651   -0.912013  0.00050147
430    0.305279    0.370819   -0.351968  0.000522089
440    0.300172    0.366194    0.111694  0.000508995
450    0.295099    0.361599    0.323827  0.000494818
460    0.290276    0.357231    0.902749  0.000523239
470    0.284634    0.352122    0.612826  0.000477201
480    0.280732    0.348588    0.902183  0.000401604
490    0.276602    0.344847     1.13365  0.000483567
500     0.27106    0.339829    0.863052  0.000481226
510    0.266977    0.336131    0.592327  0.000506531
520     0.26093    0.330654    0.496095  0.000437088
530    0.258235    0.328214     1.44222  0.000264201
540    0.255646    0.325868     1.49977  0.000343022
550    0.251375    0.322001     1.46083  0.000372342
560    0.248199    0.319124     2.05929  0.000334541
570    0.244684    0.315941     1.53756  0.000341877
580    0.241361    0.312931     1.34382  0.000405714
590     0.23657    0.308592     2.50302  0.000377654
600    0.233808    0.306091     1.69133  0.000270982
610     0.23115    0.303684     2.07734  0.000260493
620    0.228598    0.301373     1.43912  0.00030661
630    0.225018     0.29813     1.16881  0.000263805
640    0.223322    0.296594     1.74821  0.000209876
650    0.220821    0.294329      2.5977  0.00028055
660    0.217711    0.291513     2.05655  0.000311237
670    0.214596    0.288691     2.15281  0.000218052
680     0.21335    0.287563     2.57728  0.00019291
690    0.210738    0.285197     2.40335  0.000262611
700    0.208098    0.282806     3.27256  0.000230709
710    0.206123    0.281018     1.45645  0.000246999
720    0.203158    0.278332     1.84255  0.000273297
730    0.200658    0.276068     1.70753  0.00022442
740     0.19867    0.274267    0.876589  0.000204637
750    0.196565    0.272361     2.01644  0.000181405
760    0.195041    0.270981     1.70723  0.000135579
770    0.193853    0.269905     2.38285  0.000201404
780    0.191013    0.267333     1.84201  0.00022096
790    0.189434    0.265903     1.12693  0.000211335
800    0.186787    0.263505    0.798555  0.000191336
810    0.185607    0.262437    0.276905  0.000157819
820     0.18363    0.260647    0.237566  0.000219468
830    0.181218    0.258462  -0.0137728  0.000218745
840    0.179255    0.256685  -0.0521299  0.000194181
850    0.177334    0.254945    0.160249  0.000202619
860    0.175203    0.253015    0.179257  0.000214481
870    0.173045     0.25106   0.0051036  0.000180647
880     0.17159    0.249743   -0.226586  0.000227983
890    0.168485     0.24693       1.203  0.000230681
900    0.166976    0.245564     1.14471  0.000193439
910    0.164616    0.243427    0.487642  0.000250051
920    0.161975    0.241035   -0.304639  0.000196619
930    0.160684    0.239865   -0.787838  0.000191378
940    0.158148    0.237568    0.100864  0.000172143
950    0.157241    0.236747    -0.49816  0.000114994
960    0.155848    0.235486   -0.324591  0.00016716
970    0.153898    0.233719    -0.26649  0.000200954
980    0.151829    0.231846    -0.17005  0.000181752
990    0.150263    0.230427   -0.344487  0.000191492
1000    0.147999    0.228377   -0.846487  0.000245144
1010     0.14536    0.225987  -0.0735537  0.000120388
1020    0.145591    0.226197  -0.0356873  0.000115003
1030     0.14306    0.223904    0.138391  0.000227883
1040    0.141034    0.222069   -0.228322  9.34206e-05
1050    0.141191    0.222212   -0.345015  8.55848e-05
1060    0.139322    0.220519   -0.190795  0.000191828
1070    0.137355    0.218737   -0.248953  0.000206248
1080    0.135197    0.216783   -0.190738  0.000102644
1090    0.135302    0.216878   -0.828535  0.000105369
1100     0.13309    0.214874   -0.384693  0.000145286
1110    0.132396    0.214246   -0.597449  5.65529e-05
1120    0.131959     0.21385   -0.848751  0.000116629
1130    0.130064    0.212134   -0.365646  0.000106215
1140    0.129834    0.211926    -0.98434  5.82643e-05
1150    0.128898    0.211078   -0.327459  0.000156159
1160    0.126711    0.209097   -0.617288  0.000111624
1170    0.126666    0.209056    -0.57878  6.8298e-05
1180    0.125345     0.20786   0.0783649  0.000125145
1190    0.124163     0.20679  -0.0960154  3.54651e-05
1200    0.124636    0.207218  -0.0191125  7.23694e-05
1210    0.122716    0.205479   -0.173484  0.000135301
1220     0.12193    0.204767   -0.134919  0.000116653
1230    0.120383    0.203366    0.425446  0.00010737
1240    0.119782    0.202822   -0.618231  6.24448e-05
1250    0.119134    0.202235   -0.966199  5.8987e-05
1260    0.118603    0.201754   -0.135599  8.06082e-05
1270    0.117521    0.200775    -0.56013  0.000101077
1280    0.116581    0.199923   -0.599392  0.000114456
1290    0.115232    0.198702   -0.464086  8.71576e-05
1300    0.114838    0.198344    -1.08235  8.0239e-05
1310    0.113628    0.197248   0.0190558  4.43839e-05
1320     0.11395     0.19754   -0.541781  7.34035e-05
1330     0.11216    0.195919    -1.35292  0.000133581
1340    0.111279    0.195121    -1.29508  9.7822e-05
1350    0.110203    0.194147   -0.966916  9.32019e-05
1360    0.109415    0.193433   -0.676937  0.000106717
1370    0.108069    0.192214    -1.00561  8.64033e-05
1380    0.107687    0.191868    -0.69636  8.90631e-05
1390    0.106287    0.190601   -0.580233  0.00010496
1400    0.105587    0.189967   -0.503273  8.94908e-05
1410    0.104498     0.18898   -0.561243  7.02482e-05
1420    0.104182    0.188694   -0.484453  8.38239e-05
1430    0.102821    0.187461   -0.967407  0.000144792
1440    0.101287    0.186071   -0.465218  0.000117115
1450    0.100479     0.18534    -0.23385  0.000174756
1460   0.0977914    0.182906    0.288272  0.000201913
1470   0.0964406    0.181683    0.597392  0.000118123
1480    0.095429    0.180766   0.0367817  8.16934e-05
1490   0.0948067    0.180203    0.616382  6.35251e-05
1500   0.0941585    0.179616      1.0412  1.70566e-05
1510   0.0944656    0.179894    0.325818  4.5393e-05
1520   0.0932506    0.178794     0.15189  0.000143785
1530   0.0915899     0.17729   0.0748367  0.000124418
1540   0.0907623     0.17654   -0.388995  8.16129e-05
1550   0.0899576    0.175811   -0.350562  7.68717e-05
1560   0.0892248    0.175148   -0.273225  0.000112897
1570   0.0876997    0.173766    -0.36959  0.000111872
1580   0.0869874    0.173121  -0.0221691  8.74218e-05
1590   0.0859513    0.172183    0.403041  5.04065e-05
1600   0.0859793    0.172208   -0.118703  6.92043e-05
1610   0.0845672    0.170929    0.228944  8.04726e-05
1620   0.0843698    0.170751  -0.0608089  0.000101902
1630   0.0825292    0.169084   -0.988133  0.00021418
1640   0.0800862    0.166871   -0.930087  0.000131075
1650   0.0799077    0.166709    -1.25874  7.53269e-05
1660   0.0785797    0.165507    -1.58718  9.29467e-05
1670   0.0780487    0.165026   -0.872571  5.19022e-05
1680   0.0775416    0.164567   -0.563564  9.21357e-05
1690    0.076206    0.163357   -0.524867  6.9721e-05
1700   0.0761472    0.163304   -0.776527  7.62548e-05
1710   0.0746809    0.161976   -0.737774  0.000156856
1720   0.0730101    0.160463   -0.969463  8.41688e-05
1730   0.0729975    0.160451    -1.43369  5.29535e-05
1740    0.071951    0.159503    -1.04718  0.000119941
1750   0.0705987    0.158279   -0.680408  7.59669e-05
1760   0.0704317    0.158127   -0.951096  4.45753e-05
1770   0.0697072    0.157471    -1.08638  7.63297e-05
1780   0.0689051    0.156745   -0.719595  0.000113305
1790   0.0674411    0.155419   -0.719369  0.000102101
1800   0.0668631    0.154895    -0.41023  4.00912e-05
1810   0.0666393    0.154693   -0.526263  4.14949e-05
1820   0.0660332    0.154144    -0.39107  2.11697e-05
1830   0.0662159    0.154309   -0.546027  5.82948e-05
1840   0.0648673    0.153088   -0.565035  8.51724e-05
1850   0.0645124    0.152767   -0.758349  7.39243e-05
1860   0.0633888    0.151749   -0.681087  6.63739e-05
1870    0.063185    0.151564    -1.12574  6.78761e-05
1880   0.0620313     0.15052   -0.700474  7.44088e-05
1890   0.0616968    0.150217    -1.06745  6.4915e-06
1900   0.0619014    0.150402   -0.449606  -1.53527e-05
1910   0.0620038    0.150495    -0.77815  4.13245e-05
1920   0.0610749    0.149653    -1.04882   0.0001059
1930   0.0598858    0.148576   -0.681672  0.000103559
1940   0.0590038    0.147778   -0.565771  0.000124549
1950   0.0573948    0.146321   -0.430352  0.000106672
1960   0.0568703    0.145845   -0.700832  4.47344e-05
1970   0.0565002     0.14551   0.0717613  1.10863e-05
1980   0.0566486    0.145645   -0.430729  2.28578e-05
1990    0.056043    0.145096   -0.353279  1.24561e-05
2000   0.0563995    0.145419   -0.797876  2.4276e-05
2010   0.0555575    0.144656   -0.140919  5.68917e-05
2020   0.0552616    0.144389   -0.933163  6.8827e-05
2030   0.0541809     0.14341   -0.720558  7.2876e-05
2040   0.0538041    0.143069   -0.739906  6.28196e-06
2050   0.0540553    0.143296   -0.605298  8.24405e-05
2060   0.0521553    0.141575    -1.04942  7.9882e-05
2070   0.0524577    0.141849   -0.431201  6.70517e-05
2080   0.0508143    0.140361   -0.179824  0.000100031
2090    0.050457    0.140037    0.283631  5.68628e-05
2100    0.049677    0.139331  -0.0448003  0.000105819
2110   0.0483407    0.138121   0.0711952  0.000149677
2120   0.0466835     0.13662    0.457539  7.19523e-05
2130   0.0469016    0.136817    0.457332  8.41739e-05
2140       0.045    0.135095   -0.354184  0.000130691
2150   0.0442878     0.13445    0.611778  5.40404e-05
2160   0.0439192    0.134116    0.804639  0.000134028
2170   0.0416072    0.132022    0.939851  0.00016355
2180   0.0406482    0.131154    0.997934  0.000120042
2190   0.0392064    0.129848    0.881901  5.62195e-05
2200   0.0395238    0.130135    0.263396  1.3685e-05
2210   0.0389327      0.1296    0.688248  1.50014e-05
2220   0.0392238    0.129864    0.572195  -1.03706e-05
2230   0.0391401    0.129788     0.26315  5.26614e-05
2240   0.0381705     0.12891    0.359703  5.27421e-05
2250   0.0380853    0.128833     1.13266  4.35233e-05
2260   0.0373001    0.128121    0.939153  5.97555e-05
2270   0.0368902     0.12775    0.977567  6.12741e-05
2280   0.0360746    0.127012    0.475473  0.000107345
2290   0.0347433    0.125806    0.359647  8.59516e-05
2300   0.0343556    0.125455    0.301262  4.83083e-05
2310   0.0337771    0.124931    0.475416  -7.18515e-06
2320   0.0344993    0.125585    0.513886  1.02799e-06
2330   0.0337565    0.124912    0.629957  3.35636e-05
2340    0.033828    0.124977    0.803922  -3.28757e-07
2350   0.0337631    0.124918    0.533423  -1.39669e-05
2360   0.0341073     0.12523    0.436549  4.8813e-05
2370   0.0327869    0.124034   0.0696482  3.79033e-05
2380   0.0333493    0.124543      0.0503  3.40128e-05
2390   0.0321066    0.123418    0.205087  4.63223e-05
2400   0.0324228    0.123704    0.919673  2.63881e-06
2410   0.0320538     0.12337     0.32046  -1.38998e-05
2420   0.0327008    0.123956   0.0498281  -2.07502e-05
2430   0.0324688    0.123746    -0.64573  6.59481e-05
2440   0.0313818    0.122762   -0.355788  -2.08542e-05
2450   0.0328859    0.124124   0.0302347  -3.31774e-05
2460   0.0320454    0.123363   -0.452643  -2.98303e-06
2470   0.0329456    0.124178   -0.202021  -1.53448e-05
2480   0.0323523     0.12364    0.300923  3.72179e-05
2490   0.0322012    0.123504   -0.201662  7.34624e-05
2500    0.030883     0.12231   -0.105015  4.29848e-05
2510   0.0313415    0.122725    0.203917  -1.52716e-05
2520   0.0311885    0.122586    0.145947  5.43666e-05
2530   0.0302542     0.12174    0.358572  4.74815e-05
2540   0.0302389    0.121726    0.397324  1.31223e-07
2550   0.0302516    0.121738  -0.0857043  8.5311e-06
2560   0.0300682    0.121572   0.0879213  5.34093e-05
2570   0.0291834    0.120771    0.513037  2.96407e-05
2580   0.0294754    0.121035    0.551564  3.96399e-05
2590   0.0283906    0.120053    0.203671  0.000124105
2600   0.0269933    0.118787    0.764094  6.09918e-05
2610   0.0271707    0.118948    0.686757  4.81466e-06
2620    0.026897      0.1187     1.07306  1.96332e-06
2630   0.0271315    0.118912     1.15023  2.00691e-06
2640   0.0268569    0.118664    0.280914  -8.54395e-07
2650   0.0271486    0.118928    0.918258  -3.48795e-05
2660   0.0275545    0.119295    0.956539  3.32482e-05
2670   0.0264836    0.118325    0.976378  7.16491e-05
2680   0.0261215    0.117997     1.01468  6.90412e-05
2690   0.0251028    0.117075     1.07276  3.06679e-05
2700   0.0255081    0.117442    0.570328  -2.91652e-05
2710   0.0256861    0.117603     0.93721  7.23307e-05
2720   0.0240615    0.116132    0.840732  6.38107e-05
2730   0.0244099    0.116447    0.763358  -1.0489e-05
2740   0.0242713    0.116322     1.16909  1.53115e-05
2750   0.0241036     0.11617     1.05322  3.54904e-05
2760   0.0235615    0.115679     1.20782  1.82753e-05
2770   0.0237381    0.115839     1.16928  -4.51013e-05
2780   0.0244635    0.116496      1.4783  -2.78523e-05
2790   0.0242952    0.116343     1.22698  1.6859e-05
2800   0.0241263    0.116191     1.13054  -9.17772e-06
2810   0.0244787     0.11651     1.09154  2.4198e-05
2820   0.0236424    0.115752    0.859684  7.06771e-05
2830   0.0230652     0.11523    0.743651  6.6526e-05
2840   0.0223119    0.114547    0.898381  3.4655e-05
2850   0.0223721    0.114602    0.666541  -1.33318e-05
2860   0.0225785    0.114789    0.453728   5.625e-06
2870   0.0222596      0.1145    0.820931  6.85114e-05
2880   0.0212083    0.113548    0.492387  6.86554e-05
2890   0.0208865    0.113256    0.646928  2.34193e-05
2900   0.0207399    0.113124     1.18791  2.93701e-05
2910   0.0202991    0.112724     1.05262  5.59205e-05
2920   0.0196215    0.112111     1.28425  1.62843e-05
2930   0.0199734    0.112429     1.20705  -3.22864e-05
2940   0.0202672    0.112696     1.36112  5.62669e-05
2950   0.0188481     0.11141    0.839883  7.55325e-05
2960   0.0187566    0.111327     1.12971  2.84306e-05
2970   0.0182794    0.110895    0.878297  4.33312e-05
2980   0.0178899    0.110542    0.743085  3.90003e-05
2990   0.0174994    0.110189    0.453445  2.57113e-05
3000   0.0173757    0.110077    0.859213  -2.4857e-05
3010   0.0179966    0.110639    0.395363  1.54193e-05
3020   0.0170673    0.109797    0.588751  7.66234e-05
3030   0.0164641    0.109251    0.627222  5.14274e-05
3040   0.0160388    0.108866    0.240595  3.65989e-05
3050   0.0157321    0.108588    0.337204  7.42311e-05
3060   0.0145541    0.107521     0.24084  1.7267e-05
3070   0.0153868    0.108276    0.569026  -1.71551e-05
3080   0.0148973    0.107832     0.56912  5.3545e-05
3090   0.0143159    0.107306    0.298715  2.65249e-05
3100   0.0143668    0.107352    0.337185  -2.7779e-05
3110   0.0148715    0.107809   0.0667993  -2.63135e-05
3120    0.014893    0.107828  -0.0106317  -3.68226e-06
3130   0.0149451    0.107875    0.414201  -1.88733e-05
3140   0.0152705     0.10817    0.723322  -3.56343e-05
3150   0.0156578    0.108521    0.182418  -5.24842e-05
3160   0.0163202    0.109121    0.259585  2.28165e-06
3170   0.0156122     0.10848   -0.145938  6.3278e-05
3180   0.0150546    0.107975    0.124599  -8.41133e-06
3190   0.0157804    0.108632    0.182569  -4.20441e-05
3200   0.0158955    0.108736  -0.0106128  -2.53346e-05
3210   0.0162871    0.109091  -0.0493285  -8.07829e-07
3220   0.0159116    0.108751   -0.377967  -1.31783e-05
3230   0.0165507     0.10933  -0.0497246  -2.39278e-05
3240   0.0163902    0.109184   0.0278011  -2.45273e-06
3250   0.0165997    0.109374    0.162711  3.74857e-06
3260   0.0163152    0.109116   0.0661389  -7.10711e-06
3270   0.0167418    0.109503    0.491104  -8.7861e-07
3280   0.0163328    0.109132    0.297885  6.73598e-05
3290   0.0153947    0.108283    0.298055  3.4875e-05
3300   0.0156353    0.108501     0.35576  2.57203e-05
3310   0.0148802    0.107817   0.0468095  4.5997e-05
3320   0.0147154    0.107667    0.510585  1.49524e-05
3330   0.0145812    0.107546    0.974227  8.73511e-06
3340   0.0145407    0.107509    0.819705  6.98549e-05
3350   0.0131841    0.106281    0.897174  7.6247e-05
3360   0.0130157    0.106128    0.626448  -1.92648e-05
3370   0.0135694     0.10663    0.858081  9.04691e-06
3380   0.0128348    0.105964    0.974152  5.46713e-05
3390    0.012476    0.105639    0.993576  7.52164e-06
3400   0.0126844    0.105828     1.37981  -8.21725e-06
3410   0.0126403    0.105788     1.37973  3.29035e-05
3420   0.0120263    0.105232     1.43764  8.21069e-05
3430   0.0109982    0.104301     1.03171  9.18456e-05
3440   0.0101894    0.103568     1.28291  6.6697e-05
3450  0.00966424    0.103093     1.24427  5.41876e-05
3460  0.00910562    0.102587     1.30207  3.83977e-05
3470  0.00889628    0.102397     1.30179  5.9314e-05
3480  0.00791934    0.101513     1.34066  5.62372e-05
3490  0.00777154    0.101379     1.47583  3.24304e-05
3500  0.00727073    0.100925     1.10878  7.26298e-05
3510  0.00631894    0.100063     1.18638  6.15706e-05
3520  0.00603932   0.0998099     1.12822  4.89315e-05
3530  0.00534031   0.0991768     1.37924  5.0662e-05
3540  0.00502608   0.0988922     1.51464  5.24612e-05
3550  0.00429109   0.0982266    0.819271  0.000101113
3560  0.00300382   0.0970607     1.26364  0.000111111
3570  0.00206887    0.096214     1.01251  4.65832e-05
3580  0.00207216    0.096217     1.22476  4.68016e-05
3590  0.00113284   0.0953663      1.0507  6.15229e-05
3600  0.000841697   0.0951026     1.24405  2.26411e-05
3610  0.000680018   0.0949562     1.08939  2.43588e-05
3620  0.000354521   0.0946614     1.12796  3.58708e-05
3630  -3.73985e-05   0.0943064      1.4179  2.4509e-05
3640  -0.000135658   0.0942174     1.01219  4.26525e-05
3650  -0.000890449   0.0935339     1.28267  2.13795e-05
3660  -0.000563248   0.0938302     1.10882  -1.46686e-05
3670  -0.000597077   0.0937996    0.973397  5.44771e-05
3680  -0.00165279   0.0928434     1.08941  1.82509e-05
3690  -0.000962095    0.093469    0.760698  -1.62716e-05
3700  -0.00132736   0.0931382    0.896004  -4.81508e-06
3710  -0.000865793   0.0935562     1.22417  3.67009e-05
3720  -0.00206138   0.0924734     1.24365  6.16064e-05
3730  -0.00209792   0.0924403     1.24348  -2.99698e-06
3740  -0.00200144   0.0925277     1.03093  2.69992e-05
3750  -0.0026379   0.0919513    0.779725  7.54342e-05
3760  -0.00351012   0.0911613    0.857005  8.73666e-05
3770  -0.00438524   0.0903688    0.741331  3.23786e-05
3780  -0.00415769   0.0905749    0.702634  2.25095e-05
3790  -0.00483543   0.0899611    0.721907  -2.28492e-05
3800  -0.00370071   0.0909887    0.509132  -5.98023e-05
3810  -0.00363938   0.0910443    0.760339  3.09402e-05
3820  -0.00431951   0.0904283    0.760302  6.47408e-05
3830  -0.0049342   0.0898716     1.08885  5.14287e-05
3840  -0.00534809   0.0894968    0.644457  5.88784e-06
3850  -0.00505195    0.089765    0.934267  1.95285e-05
3860  -0.00573866    0.089143    0.760377  2.46097e-05
3870  -0.00554415   0.0893192     1.14657  -9.27355e-06
3880  -0.00555319    0.089311    0.702351  5.20502e-05
3890  -0.00658515   0.0883764      0.8954  7.09198e-05
3900  -0.00697158   0.0880264     1.10782  3.18669e-05
3910  -0.00722249   0.0877992     1.16584  9.71162e-06
3920  -0.00716582   0.0878505     1.53282  2.69305e-05
3930  -0.0077611   0.0873114     1.45526  3.89962e-05
3940  -0.00794574   0.0871442     1.22359  1.28129e-06
3950  -0.00778673   0.0872882     1.26206  1.85614e-05
3960  -0.00831697    0.086808    0.856288  2.20187e-05
3970  -0.0082271   0.0868894    0.798149  6.54018e-05
3980   -0.009625   0.0856233    0.778952  9.66932e-05
3990   -0.010161   0.0851379     1.51298  6.75715e-05
4000  -0.0109764   0.0843994      1.1075  7.99482e-05
4010  -0.0117599   0.0836898    0.991595  4.18985e-05
4020  -0.0118144   0.0836405     1.49388  -6.75451e-06
4030  -0.0116248   0.0838122     1.39708  8.97367e-06
4040  -0.0119939   0.0834779     1.47447  6.3225e-05
4050  -0.0128893    0.082667    0.972152  4.76107e-05
4060  -0.0129461   0.0826156     1.20399  4.60863e-05
4070  -0.0138111   0.0818322     1.02997  8.66414e-05
4080  -0.0146789   0.0810462    0.836959  5.34472e-05
4090    -0.01488   0.0808641     1.45528  7.78493e-06
4100  -0.0148346   0.0809052     1.04917  4.29396e-06
4110  -0.0149659   0.0807863    0.933078  2.55505e-05
4120  -0.0153456   0.0804424    0.875222  3.2715e-05
4130  -0.0156202   0.0801937    0.662635  5.06098e-05
4140  -0.0163578   0.0795257    0.527423  7.56691e-05
4150  -0.0171336   0.0788231     0.83628  2.06399e-05
4160  -0.0167706   0.0791518     1.12609  5.11815e-05
4170  -0.0181572   0.0778961    0.739821  7.26771e-05
4180  -0.0182242   0.0778354    0.875089  -1.30093e-05
4190   -0.017897   0.0781317     1.16467  -5.83688e-06
4200  -0.0181074   0.0779411     1.04892  1.56825e-05
4210  -0.0182107   0.0778476     1.12605  -1.30878e-05
4220  -0.0178457   0.0781782     1.16465  1.5792e-05
4230  -0.0185265   0.0775616    0.758924  3.56491e-05
4240  -0.0185587   0.0775325     1.24193  5.75675e-05
4250  -0.0196779   0.0765189     0.83628  3.04532e-05
4260  -0.0191677   0.0769809     1.01002  3.25168e-05
4270  -0.0203282   0.0759299    0.527272  4.70533e-05
4280  -0.0201088   0.0761286    0.565856  -2.74529e-05
4290  -0.0197791   0.0764271    0.333846  -3.78182e-06
4300  -0.0200331   0.0761971     0.39174  -1.48286e-05
4310  -0.0194826   0.0766957    0.488161  -7.47601e-06
4320  -0.0198836   0.0763325    0.372335  3.09908e-05
4330  -0.0201024   0.0761344    0.352987  3.29562e-05
4340  -0.0205428   0.0757356    0.720303  7.24234e-06
4350  -0.0202472   0.0760032    0.739481  -5.30854e-08
4360  -0.0205417   0.0757365    0.546357  2.39483e-05
4370  -0.0207262   0.0755694    0.623561  -3.71196e-05
4380  -0.0197993   0.0764089    0.874637  -3.34399e-05
4390  -0.0200574   0.0761751    0.662164  4.63159e-05
4400  -0.0207256     0.07557    0.643023  2.59479e-05
4410  -0.0205763   0.0757051    0.314479  -3.36217e-05
4420  -0.0200532    0.076179    0.507641  -2.43585e-05
4430  -0.0200892   0.0761463    0.353005  -2.07486e-05
4440  -0.0196382   0.0765548   0.0438286  -3.57939e-05
4450  -0.0193733   0.0767947    0.198332  -5.47424e-05
4460  -0.0185434   0.0775463     0.23701  -9.68324e-06
4470  -0.0191796   0.0769701    0.217756  -4.18946e-06
4480  -0.0184596   0.0776222    0.140381  -3.24366e-05
4490  -0.0185309   0.0775576    0.391325  -2.50499e-05
4500  -0.0179586    0.078076    0.545998  -4.59584e-05
4510  -0.0176117   0.0783901    0.217416  2.41815e-05
4520  -0.0184422   0.0776379     0.58477  1.46436e-05
4530  -0.0179046   0.0781248    0.797017  -1.95178e-05
4540  -0.0180518   0.0779915    0.777744  -1.39159e-05
4550  -0.0176263   0.0783769     0.48801  -2.92277e-05
4560  -0.0174673   0.0785209    0.642514  1.66747e-05
4570  -0.0179598   0.0780749    0.623392  3.21902e-06
4580  -0.0175317   0.0784626    0.603949  -1.78601e-05
4590  -0.0176026   0.0783984    0.623241  4.37529e-05
4600  -0.0184067   0.0776701    0.777857  3.80492e-05
4610  -0.0183636   0.0777092    0.507226  -1.40031e-05
4620  -0.0181267   0.0779237     0.33328  -2.37356e-05
4630  -0.0178889   0.0781391    0.507019  3.83623e-05
4640  -0.0188939   0.0772289   0.0242916  6.56448e-05
4650  -0.0192017   0.0769501  -0.0722991  -3.15777e-05
4660  -0.0182624   0.0778008   0.0630071  -2.96198e-05
4670  -0.0186094   0.0774866   -0.555347  2.10558e-05
4680  -0.0186835   0.0774194   -0.478067  1.13487e-05
4690  -0.0188363    0.077281    -0.43954  5.85526e-05
4700  -0.0198545   0.0763589   -0.420022  3.70337e-05
4710   -0.019577   0.0766102    -0.32345  -3.7668e-05
4720  -0.0191012   0.0770411   -0.400692  2.34802e-05
4730  -0.0200466   0.0761849   -0.535584  -6.27199e-06
4740  -0.0189757   0.0771548   -0.477916  -5.76876e-05
4750  -0.0188929   0.0772298   -0.362128  1.63466e-06
4760  -0.0190084   0.0771251   -0.729236  7.59289e-06
4770  -0.0190447   0.0770923     -0.4009  5.15311e-05
4780   -0.020039   0.0761918   -0.400749  1.56537e-05
4790  -0.0193578   0.0768087   -0.401013  -1.8183e-05
4800  -0.0196754   0.0765211   -0.458813  1.57681e-05
4810  -0.0196731   0.0765231   -0.110996  -6.25551e-06
4820  -0.0195503   0.0766344   -0.207511  -2.2538e-07
4830  -0.0196686   0.0765272   -0.130099  -2.85092e-05
4840  -0.0189801   0.0771508   -0.149806  -5.88792e-05
4850  -0.0184911   0.0775937   0.0046601  -1.25219e-05
4860  -0.0187297   0.0773776   -0.458888  -1.8733e-05
4870  -0.0181164    0.077933   -0.574922  -4.31354e-05
4880  -0.0178669   0.0781589   -0.710247  1.78144e-05
4890  -0.0184727   0.0776103   -0.922569  4.63916e-05
4900  -0.0187948   0.0773186   -0.594157  1.79519e-05
4910  -0.0188317   0.0772852   -0.574997  6.52125e-05
4920   -0.020099   0.0761374   -0.497755  6.53471e-05
4930  -0.0201387   0.0761015   -0.516952  1.42635e-05
4940  -0.0203843   0.0758791   -0.285131  1.63645e-05
4950   -0.020466   0.0758051  -0.0533658  1.97934e-06
4960  -0.0204239   0.0758432   -0.227331  -6.28885e-06
4970  -0.0203402    0.075919  -0.0922325  4.14155e-05
4980  -0.0212522   0.0750931   -0.227218  6.01968e-05
4990  -0.0215441   0.0748287   -0.227425  7.8978e-05
