Time   Number   
ps   
0          29           1
10          29           2
20          29           0
30          29           1
40          29           1
50          29           1
60          29           0
70          29           0
80          28           2
90          29           1
100          29           1
110          29           2
120          29           2
130          30           1
140          30           1
150          30           1
160          29           1
170          29           1
180          29           1
190          29           1
200          28           2
210          29           2
220          29           1
230          29           0
240          30           0
250          30           0
260          30           0
270          30           0
280          29           1
290          29           1
300          30           0
310          29           1
320          30           1
330          28           5
340          29           2
350          29           1
360          29           1
370          29           0
380          29           1
390          29           2
400          29           1
410          29           2
420          29           1
430          29           1
440          29           3
450          30           1
460          29           2
470          29           0
480          30           0
490          29           1
500          29           2
510          29           1
520          29           0
530          29           1
540          29           1
550          29           0
560          29           1
570          29           0
580          29           1
590          29           1
600          29           1
610          29           1
620          29           1
630          29           1
640          29           0
650          29           1
660          29           0
670          29           0
680          29           1
690          29           0
700          29           1
710          29           0
720          29           1
730          29           2
740          29           1
750          29           0
760          29           1
770          29           1
780          29           0
790          29           1
800          29           0
810          29           1
820          29           1
830          29           1
840          29           0
850          29           1
860          30           1
870          29           2
880          29           1
890          29           0
900          29           0
910          29           1
920          29           0
930          29           2
940          29           3
950          29           1
960          30           1
970          29           2
980          29           1
990          29           0
1000          29           2
1010          29           1
1020          29           1
1030          29           1
1040          29           2
1050          29           1
1060          29           3
1070          29           1
1080          29           2
1090          29           2
1100          28           3
1110          29           1
1120          29           2
1130          29           1
1140          28           2
1150          29           1
1160          29           1
1170          29           0
1180          29           2
1190          29           1
1200          29           1
1210          29           1
1220          29           2
1230          29           0
1240          29           1
1250          29           2
1260          29           1
1270          29           2
1280          29           1
1290          29           2
1300          29           0
1310          29           0
1320          29           2
1330          29           2
1340          29           2
1350          29           1
1360          29           2
1370          29           2
1380          29           2
1390          29           1
1400          29           1
1410          29           2
1420          29           1
1430          29           2
1440          29           1
1450          29           2
1460          29           1
1470          29           1
1480          29           3
1490          29           2
1500          29           1
1510          29           0
1520          29           1
1530          29           3
1540          29           1
1550          30           1
1560          30           0
1570          29           0
1580          29           1
1590          29           1
1600          29           0
1610          30           0
1620          29           0
1630          29           1
1640          29           1
1650          29           1
1660          29           1
1670          29           0
1680          29           1
1690          29           2
1700          30           0
1710          30           1
1720          29           2
1730          29           3
1740          29           1
1750          30           0
1760          30           0
1770          30           0
1780          30           2
1790          30           1
1800          30           1
1810          30           1
1820          30           0
1830          30           0
1840          30           0
1850          30           1
1860          30           0
1870          30           0
1880          30           0
1890          30           0
1900          30           0
1910          30           1
1920          30           1
1930          30           0
1940          30           0
1950          30           1
1960          30           1
1970          30           0
1980          30           1
1990          29           2
2000          29           1
2010          30           1
2020          29           0
2030          29           1
2040          29           0
2050          29           1
2060          29           0
2070          29           0
2080          29           0
2090          29           0
2100          29           1
2110          29           1
2120          28           1
2130          30           0
2140          30           1
2150          30           0
2160          30           1
2170          30           2
2180          30           0
2190          30           0
2200          30           0
2210          30           0
2220          29           1
2230          30           0
2240          30           0
2250          30           1
2260          29           1
2270          29           1
2280          28           1
2290          29           1
2300          29           0
2310          29           0
2320          29           1
2330          29           2
2340          29           1
2350          29           1
2360          28           1
2370          30           0
2380          30           1
2390          30           0
2400          30           0
2410          30           0
2420          30           1
2430          30           1
2440          29           0
2450          29           0
2460          29           1
2470          30           1
2480          30           1
2490          30           0
2500          30           1
2510          30           0
2520          30           1
2530          30           0
2540          30           1
2550          30           1
2560          30           2
2570          30           1
2580          30           1
2590          29           3
2600          30           2
2610          30           0
2620          30           2
2630          30           1
2640          30           1
2650          30           2
2660          30           1
2670          30           0
2680          30           1
2690          30           2
2700          30           2
2710          30           1
2720          30           1
2730          30           2
2740          30           2
2750          30           2
2760          30           1
2770          30           1
2780          30           1
2790          30           1
2800          30           2
2810          30           2
2820          30           2
2830          30           2
2840          29           4
2850          30           1
2860          29           2
2870          29           1
2880          30           0
2890          30           1
2900          29           3
2910          29           3
2920          29           2
2930          30           2
2940          29           0
2950          30           1
2960          30           1
2970          29           3
2980          30           0
2990          30           0
3000          30           2
3010          29           1
3020          28           2
3030          30           0
3040          30           1
3050          30           1
3060          30           0
3070          30           1
3080          30           1
3090          30           1
3100          30           1
3110          30           2
3120          30           1
3130          30           1
3140          30           1
3150          30           1
3160          30           0
3170          30           1
3180          29           3
3190          30           1
3200          30           1
3210          30           1
3220          30           1
3230          30           0
3240          30           0
3250          30           0
3260          30           1
3270          30           1
3280          30           2
3290          30           2
3300          30           1
3310          30           1
3320          30           2
3330          30           1
3340          30           1
3350          30           3
3360          30           0
3370          30           0
3380          30           0
3390          30           0
3400          30           0
3410          30           1
3420          30           1
3430          30           1
3440          30           0
3450          30           0
3460          30           1
3470          30           1
3480          30           0
3490          30           1
3500          30           0
3510          30           0
3520          30           0
3530          30           0
3540          30           0
3550          30           0
3560          30           0
3570          30           0
3580          30           0
3590          30           0
3600          30           0
3610          30           0
3620          30           0
3630          30           0
3640          30           0
3650          30           0
3660          30           1
3670          30           0
3680          29           1
3690          30           1
3700          30           0
3710          30           0
3720          30           1
3730          30           2
3740          30           1
3750          30           1
3760          30           1
3770          30           1
3780          30           1
3790          30           1
3800          30           1
3810          30           1
3820          30           0
3830          30           1
3840          30           1
3850          29           2
3860          30           1
3870          30           1
3880          30           1
3890          30           1
3900          30           0
3910          30           1
3920          30           0
3930          30           1
3940          30           1
3950          29           1
3960          29           0
3970          30           0
3980          30           1
3990          30           1
4000          29           0
4010          30           0
4020          30           0
4030          30           1
4040          30           0
4050          30           0
4060          30           1
4070          30           0
4080          30           1
4090          30           1
4100          30           1
4110          30           0
4120          30           0
4130          30           0
4140          30           0
4150          30           0
4160          30           0
4170          29           1
4180          30           0
4190          30           0
4200          30           0
4210          30           1
4220          30           0
4230          30           0
4240          30           0
4250          30           0
4260          30           1
4270          30           0
4280          30           1
4290          30           0
4300          30           1
4310          30           2
4320          29           1
4330          30           1
4340          30           0
4350          30           0
4360          30           0
4370          30           1
4380          30           1
4390          30           1
4400          30           0
4410          29           2
4420          30           0
4430          30           0
4440          30           2
4450          30           1
4460          30           2
4470          30           0
4480          30           0
4490          30           0
4500          30           0
4510          30           0
4520          30           1
4530          30           0
4540          29           1
4550          30           0
4560          30           1
4570          30           1
4580          30           1
4590          29           2
4600          30           1
4610          30           1
4620          30           1
4630          30           1
4640          30           1
4650          30           0
4660          30           1
4670          30           0
4680          30           0
4690          30           0
4700          29           1
4710          30           1
4720          29           1
4730          30           1
4740          30           0
4750          30           1
4760          30           1
4770          30           1
4780          29           2
4790          30           0
4800          30           1
4810          30           1
4820          30           1
4830          30           1
4840          30           1
4850          30           1
4860          29           2
4870          30           0
4880          30           1
4890          30           0
4900          30           0
4910          30           1
4920          30           1
4930          30           0
4940          30           1
4950          30           1
4960          30           1
4970          30           0
4980          30           0
4990          30           1
5000          30           0
5010          30           0
5020          30           0
5030          30           0
5040          30           0
5050          30           1
5060          30           1
5070          30           0
5080          30           2
5090          30           0
5100          30           1
5110          30           1
5120          30           1
5130          30           1
5140          30           0
5150          30           1
5160          30           0
5170          30           0
5180          29           0
5190          30           0
5200          30           0
5210          30           1
5220          30           2
5230          30           1
5240          30           1
5250          30           0
5260          30           1
5270          30           1
5280          30           0
5290          30           1
5300          30           0
5310          30           0
5320          30           0
5330          30           0
5340          30           1
5350          30           1
5360          30           0
5370          30           0
5380          30           2
5390          30           2
5400          30           1
5410          30           0
5420          30           0
5430          30           1
5440          30           0
5450          30           2
5460          30           2
5470          30           1
5480          30           1
5490          30           1
5500          30           1
5510          30           0
5520          30           0
5530          29           1
5540          30           1
5550          30           0
5560          30           1
5570          30           1
5580          30           1
5590          30           0
5600          30           1
5610          30           1
5620          30           1
5630          30           1
5640          30           0
5650          30           2
5660          30           0
5670          30           0
5680          30           1
5690          30           0
5700          29           0
5710          29           1
5720          30           0
5730          30           0
5740          30           0
5750          30           0
5760          30           0
5770          30           0
5780          30           0
5790          30           1
5800          30           1
5810          30           0
5820          30           1
5830          30           1
5840          30           1
5850          30           1
5860          29           1
5870          30           1
5880          30           0
5890          30           0
5900          30           1
5910          30           1
5920          30           1
5930          30           1
5940          30           1
5950          30           0
5960          30           1
5970          30           1
5980          29           1
5990          30           1
6000          30           1
6010          30           0
6020          30           0
6030          30           0
6040          30           2
6050          30           0
6060          29           0
6070          30           1
6080          30           0
6090          30           0
6100          30           0
6110          30           0
6120          30           1
6130          30           0
6140          30           0
6150          30           1
6160          30           0
6170          30           1
6180          30           1
6190          30           0
6200          30           0
6210          30           1
6220          30           1
6230          30           0
6240          30           1
6250          30           0
6260          30           0
6270          30           0
6280          30           0
6290          30           0
6300          30           0
6310          30           0
6320          30           1
6330          30           0
6340          30           0
6350          30           0
6360          30           1
6370          30           0
6380          29           1
6390          30           0
6400          30           0
6410          30           1
6420          30           1
6430          30           1
6440          30           1
6450          30           0
6460          31           0
6470          31           0
6480          31           0
6490          30           0
6500          31           0
6510          31           0
6520          31           0
6530          31           1
6540          31           0
6550          30           0
6560          31           0
6570          30           0
6580          30           0
6590          30           0
6600          30           0
6610          30           0
6620          30           0
6630          30           0
6640          30           0
6650          30           1
6660          30           1
6670          30           1
6680          30           1
6690          30           0
6700          30           0
6710          30           1
6720          30           1
6730          30           0
6740          30           1
6750          28           3
6760          30           1
6770          30           1
6780          30           1
6790          30           1
6800          30           0
6810          30           1
6820          30           0
6830          30           1
6840          30           2
6850          30           1
6860          30           0
6870          30           1
6880          30           0
6890          30           0
6900          30           1
6910          30           1
6920          30           0
6930          30           0
6940          30           1
6950          30           0
6960          30           1
6970          30           1
6980          30           1
6990          30           1
7000          30           1
7010          29           2
7020          30           1
7030          30           1
7040          30           1
7050          30           0
7060          30           0
7070          30           1
7080          29           2
7090          30           1
7100          30           1
7110          30           1
7120          29           2
7130          30           1
7140          30           1
7150          30           1
7160          30           1
7170          30           2
7180          30           1
7190          30           0
7200          30           1
7210          30           1
7220          30           1
7230          30           1
7240          30           1
7250          30           1
7260          30           0
7270          30           1
7280          30           1
7290          30           1
7300          30           1
7310          30           0
7320          30           1
7330          30           0
7340          30           1
7350          30           1
7360          30           1
7370          30           0
7380          30           1
7390          30           1
7400          30           1
7410          30           1
7420          30           1
7430          30           1
7440          30           2
7450          30           2
7460          30           2
7470          30           1
7480          30           1
7490          30           2
7500          29           4
7510          30           1
7520          30           2
7530          30           1
7540          29           2
7550          30           1
7560          30           1
7570          30           1
7580          29           1
7590          30           1
7600          30           1
7610          30           1
7620          30           1
7630          29           2
7640          30           0
7650          30           0
7660          30           1
7670          30           1
7680          30           1
7690          30           1
7700          29           2
7710          30           1
7720          30           1
7730          30           0
7740          29           2
7750          30           1
7760          29           2
7770          30           1
7780          30           1
7790          30           1
7800          30           1
7810          30           1
7820          30           1
7830          30           1
7840          30           1
7850          30           1
7860          30           1
7870          30           1
7880          30           1
7890          30           1
7900          30           1
7910          30           1
7920          30           0
7930          30           0
7940          30           1
7950          30           0
7960          30           0
7970          30           1
7980          30           1
7990          30           0
8000          29           2
8010          30           1
8020          30           1
8030          30           1
8040          30           1
8050          30           1
8060          30           0
8070          30           1
8080          30           1
8090          30           0
8100          30           1
8110          30           1
8120          30           1
8130          30           1
8140          30           0
8150          29           2
8160          30           2
8170          30           1
8180          30           0
8190          30           1
8200          30           1
8210          30           1
8220          30           0
8230          30           1
8240          30           1
8250          30           1
8260          30           1
8270          30           1
8280          30           0
8290          30           0
8300          30           0
8310          30           0
8320          30           0
8330          30           0
8340          30           0
8350          30           0
8360          30           1
8370          30           0
8380          30           1
8390          30           1
8400          30           0
8410          30           1
8420          30           1
8430          30           0
8440          30           1
8450          30           1
8460          30           1
8470          30           0
8480          30           1
8490          30           0
8500          30           1
8510          30           1
8520          30           1
8530          30           1
8540          30           1
8550          30           1
8560          30           1
8570          30           1
8580          30           1
8590          30           0
8600          30           1
8610          30           1
8620          30           1
8630          30           1
8640          30           1
8650          30           1
8660          30           2
8670          30           0
8680          30           1
8690          30           0
8700          30           1
8710          30           1
8720          30           0
8730          30           1
8740          30           1
8750          29           0
8760          29           1
8770          29           0
8780          29           1
8790          29           1
8800          30           0
8810          30           1
8820          30           1
8830          30           1
8840          30           1
8850          30           1
8860          29           1
8870          30           1
8880          30           1
8890          30           1
8900          30           1
8910          30           1
8920          30           1
8930          30           1
8940          30           1
8950          30           1
8960          30           0
8970          30           0
8980          30           1
8990          30           0
9000          30           1
9010          30           0
9020          30           0
9030          30           1
9040          30           0
9050          30           0
9060          30           0
9070          30           0
9080          30           1
9090          30           1
9100          30           0
9110          30           1
9120          30           1
9130          30           1
9140          30           1
9150          30           1
9160          30           0
9170          30           1
9180          30           2
9190          30           1
9200          30           2
9210          30           2
9220          30           1
9230          30           3
9240          30           2
9250          30           1
9260          30           1
9270          31           1
9280          30           2
9290          30           1
9300          30           1
9310          31           0
9320          30           2
9330          31           2
9340          30           1
9350          30           2
9360          31           1
9370          30           2
9380          30           3
9390          30           1
9400          30           1
9410          30           2
9420          30           2
9430          30           0
9440          30           2
9450          30           0
9460          30           3
9470          30           1
9480          30           1
9490          31           1
9500          30           1
9510          30           2
9520          30           2
9530          30           2
9540          30           2
9550          30           0
9560          30           1
9570          30           1
9580          30           1
9590          30           1
9600          30           1
9610          30           1
9620          30           1
9630          29           2
9640          30           1
9650          30           1
9660          30           1
9670          30           1
9680          30           1
9690          30           1
9700          30           1
9710          30           0
9720          30           1
9730          30           1
9740          30           1
9750          30           2
9760          30           0
9770          30           1
9780          30           1
9790          30           1
9800          30           1
9810          30           0
9820          30           0
9830          30           0
9840          30           1
9850          30           1
9860          30           1
9870          30           2
9880          30           0
9890          30           1
9900          30           1
9910          30           1
9920          30           0
9930          30           0
9940          30           1
9950          30           1
9960          30           1
9970          30           1
9980          30           1
9990          30           1
10000          30           0
