Time   C(t)   
ps   
0           1           1  3.22603e-10   0.0216913
10    0.786157    0.871468    0.613702   0.0116167
20    0.767666    0.860353   -0.283782  0.00154212
30    0.755315     0.85293   -0.961604  0.00118561
40    0.743954    0.846101    0.593932  0.00128528
50    0.729609    0.837479    0.924881  0.00106163
60    0.722721    0.833339     1.14352  0.000722563
70    0.715158    0.828793    0.447343  0.00086655
80     0.70539    0.822922     1.14334  0.000863636
90    0.697885    0.818411    0.355699  0.000751263
100    0.690365    0.813891    0.428628  0.000716719
110    0.683551    0.809795    0.593145  0.000683558
120    0.676694    0.805673     1.03227  0.000573424
130    0.672083    0.802902    0.354036  0.000656161
140     0.66357    0.797786    0.775627  0.000753963
150    0.657003    0.793838    0.409376  0.000540876
160    0.652753    0.791284      1.1592  0.000592035
170    0.645163    0.786721    0.829769  0.000609791
180    0.640557    0.783953    0.957303  0.000565681
190    0.633849    0.779921    0.975214  0.000651726
200    0.627522    0.776119     1.23211  0.000522381
210    0.623401    0.773642    0.755696  0.000417113
220     0.61918    0.771104     2.29307  0.000594568
230     0.61151    0.766494     1.78073  0.000636756
240    0.606445     0.76345     0.75507  0.000525305
250    0.601004    0.760179     1.26736  0.000463751
260     0.59717    0.757875    0.955426  0.000440308
270    0.592198    0.754886     0.90064  0.000508478
280       0.587    0.751762    0.882337  0.00042372
290    0.583723    0.749793  -0.0152544  0.000521287
300    0.576575    0.745496     1.17602  0.000551385
310    0.572696    0.743164     1.43159  0.000352931
320    0.569516    0.741253    0.716764  0.000358307
330     0.56553    0.738857     1.90718  0.000420579
340    0.561105    0.736197     1.61403  0.000410604
350    0.557317    0.733921      1.0458  0.000442374
360    0.552257     0.73088     1.08246  0.000392261
370    0.549472    0.729206    0.935245  0.000396314
380    0.544331    0.726115     0.49637  0.000418675
390    0.541099    0.724173     1.04474  0.000396383
400    0.536403     0.72135    0.257296  0.00046227
410    0.531853    0.718616     0.66019  0.000478813
420    0.526827    0.715594     1.35589  0.000461137
430    0.522631    0.713072     1.94166  0.000448093
440    0.517865    0.710208     1.08103  0.000403863
450    0.514553    0.708217     1.24478  0.000336128
460    0.511142    0.706167    0.951313  0.000478914
470    0.504975     0.70246     1.59249  0.000448534
480    0.502172    0.700775    0.859813  0.000332266
490     0.49833    0.698466     1.75669  0.000378381
500    0.494604    0.696227     1.44499  0.00042623
510    0.489805    0.693342     2.19576  0.000452191
520     0.48556    0.690791     1.86615  0.000335319
530    0.483099    0.689311     1.04163  0.000365981
540    0.478241    0.686391     1.24326  0.000354066
550    0.476017    0.685055    0.509756  0.000331318
560    0.471614    0.682408    0.693202  0.000426537
570    0.467487    0.679927    0.894113  0.000384848
580    0.463917    0.677782    0.472791  0.000303498
590    0.461417    0.676279    0.710433  0.000389603
600    0.456125    0.673099    0.253041  0.000436264
610    0.452691    0.671035    0.545844  0.000321536
620    0.449695    0.669233    0.344022  0.00026032
630    0.447485    0.667905    0.929271  0.000332433
640    0.443046    0.665237    0.416378  0.000423697
650    0.439011    0.662812    0.141985  0.000332241
660    0.436401    0.661243     0.80086  0.000270821
670    0.433595    0.659556    0.763734  0.000220357
680    0.431994    0.658594    0.524965  0.000294438
690    0.427706    0.656017    0.269144  0.000405236
700    0.423889    0.653723    0.305877  0.000340492
710    0.420896    0.651924    0.177877  0.000238702
720    0.419115    0.650853     0.32359  0.000280987
730    0.415276    0.648546    0.580037  0.000320049
740    0.412714    0.647006    0.652607  0.000352955
750    0.408217    0.644303    0.689358  0.000400297
760    0.404708    0.642194    0.689376  0.000304544
770    0.402126    0.640642     1.01893  0.000334308
780    0.398022    0.638175     1.16509  0.000322022
790    0.395686    0.636771    0.670464  0.000313067
800    0.391761    0.634412    0.102624  0.000292668
810    0.389833    0.633253     1.34752  0.000264221
820    0.386476    0.631235    0.834391  0.00024848
830    0.384863    0.630266     1.47486  0.000249194
840    0.381493     0.62824     1.65796  0.000376369
850    0.377336    0.625741     1.76789  0.000316934
860    0.375154     0.62443     1.89575  0.000250998
870    0.372316    0.622724     1.54759  0.000300398
880    0.369146    0.620819    0.741675  0.000312471
890    0.366066    0.618968     1.56573  0.000277223
900    0.363601    0.617486     1.98648  0.000346576
910    0.359135    0.614801     1.38269  0.000357091
920     0.35646    0.613193      1.8953  0.000225121
930    0.354632    0.612095     1.58337  0.000260122
940    0.351257    0.610066      1.7115  0.000314866
950    0.348335     0.60831     2.04093  0.000251386
960    0.346229    0.607045     1.72923  0.000225647
970    0.343822    0.605597     1.78403  0.000245932
980    0.341311    0.604088     2.04057  0.000272866
990    0.338365    0.602317     2.18734  0.000235449
1000    0.336602    0.601258     1.54546  0.000254256
1010     0.33328    0.599261     1.85726  0.000286187
1020    0.330878    0.597817     1.43598  0.000306796
1030    0.327144    0.595573     1.69262  0.000300771
1040    0.324863    0.594202     1.71069  0.000123644
1050    0.324671    0.594086      1.9843  0.000232202
1060    0.320219     0.59141      1.0693  0.000322448
1070    0.318222     0.59021     1.50823  0.000156543
1080    0.317088    0.589529     2.58832  0.000215374
1090    0.313914    0.587621     2.35042  0.000344452
1100    0.310199    0.585388     1.63633  0.00025146
1110    0.308885    0.584598     1.80074  0.000171775
1120    0.306763    0.583323     1.72719  0.000172131
1130    0.305443    0.582529     2.05673  0.000226273
1140    0.302238    0.580603     2.05648  0.000288881
1150    0.299665    0.579056     2.53278  0.000218889
1160     0.29786    0.577972     1.72689  0.000271635
1170    0.294232    0.575791     1.80053  0.000248548
1180    0.292889    0.574984     1.45221  0.000112478
1190    0.291983    0.574439     1.46999  0.000214173
1200    0.288606    0.572409     2.09264  0.000289018
1210    0.286202    0.570965    0.810544  0.000264297
1220     0.28332    0.569232      1.3234  0.000263152
1230    0.280939    0.567801     1.34192  0.000221339
1240    0.278893    0.566571     1.63476  0.000204882
1250    0.276842    0.565338     1.45097  0.000222364
1260    0.274446    0.563898     1.02992  0.000313181
1270    0.270578    0.561573     1.32317  0.000269458
1280    0.269056    0.560659     1.19487  0.000131826
1290    0.267941    0.559989    0.919722  0.000215945
1300    0.264738    0.558063     1.83549  0.000265992
1310    0.262622    0.556791     1.94515  0.000227273
1320    0.260192    0.555331     1.99997  0.000196865
1330    0.258684    0.554425     2.71406  0.000195634
1340    0.256279    0.552979     2.67749  0.000137587
1350    0.255933    0.552771     2.29228  9.66772e-05
1360    0.254346    0.551817     2.36544  0.000200251
1370    0.251928    0.550363     2.18222  0.000283539
1380    0.248675    0.548408     2.73158  0.000253031
1390    0.246867    0.547322     2.36537  0.000155115
1400    0.245573    0.546544     2.76778  0.000157257
1410    0.243722    0.545431     2.07169  0.000214788
1420    0.241277    0.543962     2.45635  0.000166643
1430    0.240389    0.543428      2.4926  0.000182772
1440    0.237622    0.541765     2.14469  0.000202234
1450    0.236344    0.540997     2.73047  7.55943e-05
1460     0.23611    0.540856     2.32767  0.000152581
1470    0.233293    0.539163     2.95001  0.000238385
1480    0.231342     0.53799      2.5839  0.000198778
1490    0.229317    0.536773     3.40787  0.000179961
1500    0.227743    0.535827     2.73044  0.000150608
1510    0.226305    0.534963     2.14402  0.000145734
1520    0.224828    0.534075     2.40004  0.000100425
1530    0.224296    0.533755     2.23522  0.000185122
1540    0.221126     0.53185     3.11436  0.000234701
1550    0.219602    0.530934     2.52831  0.000138421
1560    0.218357    0.530186     2.61951  0.000172281
1570    0.216157    0.528863     2.47267  0.000165543
1580    0.215046    0.528196     2.30822  0.000162493
1590    0.212907     0.52691     2.32616  0.000130934
1600    0.212428    0.526622     2.43565  0.000133086
1610    0.210245     0.52531     2.30784  0.000143964
1620    0.209548    0.524891     2.38102  0.000119554
1630    0.207854    0.523873       2.747  0.000107303
1640    0.207402    0.523601     2.50866  6.12892e-05
1650    0.206628    0.523136     2.85633  0.000125653
1660    0.204889    0.522091     2.52674  0.00015984
1670    0.203432    0.521214     2.21527  0.000153092
1680    0.201827     0.52025     3.00272  0.000173109
1690    0.199969    0.519133     1.97752  0.000141262
1700    0.199002    0.518552     2.14209  6.09227e-05
1710    0.198751    0.518401     2.34306  9.52385e-05
1720    0.197097    0.517407     2.10484  0.000129555
1730     0.19616    0.516844     2.45264  0.000120903
1740    0.194679    0.515954     1.50046  0.000110332
1750    0.193953    0.515517     1.39025  9.62161e-05
1760    0.192755    0.514797      1.7563  8.92244e-05
1770    0.192169    0.514445     1.92093  0.000131087
1780    0.190133    0.513221    0.950535  0.000169365
1790    0.188781    0.512409     1.64645  9.36128e-05
1800    0.188261    0.512096     1.68279  8.66316e-05
1810    0.187049    0.511367     1.38978  0.00017409
1820    0.184779    0.510003     1.42664  0.000178087
1830    0.183487    0.509227     1.35355  0.000109331
1840    0.182593    0.508689     1.44457  0.000160728
1850    0.180272    0.507294    0.877088  8.97601e-05
1860    0.180797     0.50761     1.86564  5.35592e-05
1870    0.179201    0.506651     1.44416  0.000161645
1880    0.177565    0.505667      1.3345  0.000160193
1890    0.175997    0.504725     1.64575  7.24509e-05
1900    0.176115    0.504796     1.91984  0.000104005
1910    0.173917    0.503475     1.86512  0.000244037
1920    0.171235    0.501862     2.43321  0.000135858
1930      0.1712    0.501841     2.30462  0.000147405
1940    0.168287     0.50009     2.04834  0.000145753
1950    0.168285    0.500089     2.08468  0.000101915
1960    0.166248    0.498865     1.93812  0.000122403
1970    0.165837    0.498618     1.71807  0.000163616
1980    0.162976    0.496898     1.88307  0.000202878
1990    0.161779    0.496179     1.66293  0.000225818
2000     0.15846    0.494184     1.82845  0.000192732
2010    0.157925    0.493862     1.75509  0.000113229
2020    0.156195    0.492822     1.69978  0.000137689
2030    0.155171    0.492207     2.04753  0.000108161
2040    0.154032    0.491522     2.28528  0.000209495
2050    0.150981    0.489689     2.52355  0.000183692
2060    0.150358    0.489314     2.81648  0.00017866
2070    0.147408    0.487541     2.70698  0.000160165
2080    0.147155    0.487389     2.26721  4.9796e-05
2090    0.146412    0.486942     3.25536  0.000110143
2100    0.144952    0.486065     2.41314  0.000149991
2110    0.143412    0.485139     2.66969  8.61727e-05
2120    0.143228    0.485029     2.65082  0.000184754
2130    0.139717    0.482918     2.63307  0.000154724
2140    0.140134    0.483169     2.57782  4.5453e-05
2150    0.138808    0.482372     2.68762  8.53248e-05
2160    0.138427    0.482143     2.33935  5.89915e-05
2170    0.137628    0.481663     2.74234  0.000127611
2180    0.135875    0.480609     2.76068  0.000169808
2190    0.134232    0.479621     2.68741  0.000170223
2200    0.132471    0.478563     2.54119  0.000138181
2210    0.131468     0.47796      1.9366  0.000107996
2220    0.130311    0.477264     2.08282  0.000129309
2230    0.128882    0.476406     2.35762  3.57024e-05
2240    0.129597    0.476835     2.22878  8.19981e-05
2250    0.127242     0.47542     2.52196  0.000185814
2260     0.12588    0.474602     2.81484  0.000224871
2270    0.122745    0.472717     2.24769  0.000188698
2280    0.122107    0.472333     2.55875  9.47852e-05
2290    0.120849    0.471577     2.68675  0.000104662
2300    0.120013    0.471075     2.22878  0.000170736
2310    0.117434    0.469525     2.13716  0.000124585
2320    0.117522    0.469577     2.55807  4.1692e-05
2330    0.116601    0.469024     2.06353  0.000136884
2340    0.114784    0.467932     1.91669  0.000172194
2350    0.113157    0.466954      1.9171  0.000125941
2360    0.112265    0.466418      1.8988  0.000110709
2370    0.110943    0.465623     1.95353  0.000165622
2380    0.108953    0.464427     1.89916  0.000162102
2390    0.107701    0.463674     1.93548  8.81858e-05
2400    0.107189    0.463367     1.84367  7.47535e-05
2410    0.106205    0.462776     2.86896  0.000108309
2420    0.105023    0.462065     1.91671  8.30341e-05
2430    0.104545    0.461777     1.87998  7.14615e-05
2440    0.103594    0.461206     1.45847  9.92276e-05
2450     0.10256    0.460585     1.67819  0.000125133
2460    0.101091    0.459701     1.60496  0.000119502
2470     0.10017    0.459148     1.62312  0.000143614
2480   0.0982186    0.457975      1.5684  0.00013994
2490   0.0973714    0.457466     1.78806  6.6999e-05
2500   0.0968786     0.45717      1.8061  0.000114891
2510   0.0950736    0.456085     1.91612  0.000158851
2520   0.0937016     0.45526     2.52049  5.97127e-05
2530   0.0938793    0.455367     1.43985  5.4013e-05
2540   0.0926213    0.454611      1.9894  2.41145e-05
2550    0.093397    0.455077     2.46456  0.000102285
2560   0.0905756    0.453381     2.24556  0.000150372
2570   0.0903896    0.453269     1.98908  9.28339e-05
2580    0.088719    0.452265     2.20856  0.000135143
2590   0.0876867    0.451645     1.82369  7.72305e-05
2600   0.0871744    0.451337     2.46465  5.01759e-06
2610   0.0875863    0.451584      2.6289  0.000136125
2620   0.0844519      0.4497     1.87876  0.000182661
2630   0.0839331    0.449389     1.96999  6.40757e-05
2640   0.0831703     0.44893     1.78683  0.000114841
2650   0.0816363    0.448008     1.71367  0.00016376
2660   0.0798951    0.446962     2.06172  9.31591e-05
2670   0.0797731    0.446888     1.95176  0.000111802
2680   0.0776591    0.445618     1.87856  5.29595e-05
2690   0.0787139    0.446252     1.21903  1.25594e-05
2700   0.0774079    0.445467     1.73172  0.000157309
2710   0.0755677    0.444361     1.25556  0.000145457
2720   0.0744988    0.443718     1.49354  0.000123407
2730   0.0730996    0.442877     1.36517  0.000144209
2740   0.0716146    0.441984      1.0541  0.000156917
2750   0.0699612    0.440991    0.926044  8.74668e-05
2760   0.0698653    0.440933     1.03551  8.16409e-05
2770   0.0683284    0.440009     1.05397  9.82709e-05
2780   0.0678998    0.439752     1.34669  6.56005e-05
2790   0.0670164    0.439221     1.69469  0.000133936
2800   0.0652211    0.438142     1.10854  0.000183883
2810   0.0633388     0.43701    0.925615  0.000138805
2820    0.062445    0.436473     1.29185  5.83714e-05
2830   0.0621713    0.436308    0.888542  8.34951e-05
2840   0.0607751    0.435469      1.0901  0.000100284
2850   0.0601656    0.435103     1.63935  0.000152723
2860   0.0577207    0.433633     1.62101  0.00016137
2870   0.0569382    0.433163     1.18131  5.5379e-05
2880   0.0566131    0.432968     1.69379  9.95278e-05
2890   0.0549477    0.431967     1.36418  0.000126945
2900   0.0540742    0.431442     1.56606  -1.32585e-05
2910   0.0552129    0.432126    0.997737  5.74924e-06
2920   0.0539592    0.431372      1.7116  0.000176071
2930   0.0516914    0.430009    0.906256  0.000149098
2940   0.0509772     0.42958     1.82181  5.67773e-05
2950   0.0505559    0.429327     1.32715  -1.91066e-05
2960   0.0513594     0.42981     1.29013  5.07407e-05
2970   0.0495411    0.428717     1.63822  5.91945e-05
2980   0.0501755    0.429098     1.67429  3.61981e-05
2990   0.0488171    0.428282     1.58284  0.000150916
3000   0.0471572    0.427284     1.47324  0.000119413
3010   0.0464288    0.426846     1.21672  5.58799e-05
3020   0.0460396    0.426612     1.54617  5.60459e-05
3030   0.0453079    0.426173    0.850003  0.000126731
3040   0.0435049    0.425089     1.16145  0.000182668
3050   0.0416546    0.423977     1.07006  0.000123161
3060   0.0410417    0.423608      1.2345  6.78021e-05
3070   0.0402985    0.423162     1.06968  4.64791e-05
3080   0.0401121     0.42305    0.318467  0.000128482
3090   0.0377289    0.421617    0.904628  0.00010497
3100   0.0380127    0.421788     1.23379  0.000129221
3110   0.0351445    0.420064       1.619  0.000135865
3120   0.0352955    0.420154     1.36204  8.88178e-05
3130   0.0333681    0.418996     1.16081  0.000101943
3140   0.0332566    0.418929     1.21529  5.67874e-05
3150   0.0322324    0.418313     1.30716  2.49892e-06
3160   0.0332066    0.418899     1.47127  2.44269e-05
3170   0.0317438     0.41802     1.06847  0.000203183
3180    0.029143    0.416456      1.2337  0.000111938
3190   0.0295051    0.416674    0.702394  -2.74863e-05
3200   0.0296927    0.416787     1.06798  6.88186e-05
3210   0.0281287    0.415847    0.848662  0.000106169
3220   0.0275693    0.415511    0.848608  0.000113158
3230   0.0258655    0.414486     1.21491  0.000148605
3240   0.0245972    0.413724    0.903466  4.10721e-05
3250   0.0250441    0.413993     0.70168  0.000114175
3260   0.0223137    0.412352    0.372662  9.66173e-05
3270   0.0231117    0.412831     1.08634  -3.78764e-05
3280   0.0230712    0.412807    0.756536  5.50519e-05
3290   0.0220107     0.41217    0.884554  9.0645e-05
3300   0.0212583    0.411717    0.554893  9.76313e-05
3310   0.0200581    0.410996    0.939805  1.10421e-05
3320   0.0210375    0.411585    0.298571  6.69865e-05
3330   0.0187183    0.410191    0.408518  0.000122795
3340   0.0185816    0.410108  -0.0679479  2.93655e-05
3350    0.018131    0.409838    0.151803  0.000114561
3360   0.0162904    0.408731    0.426786  6.09423e-05
3370   0.0169122    0.409105     0.24316  4.55915e-05
3380   0.0153785    0.408183    0.169909  9.28341e-05
3390   0.0150555    0.407989     0.42616  0.000108976
3400    0.013199    0.406873     0.24316  0.000115972
3410   0.0127361    0.406595    0.023195  2.59963e-05
3420   0.0126791    0.406561   0.0784451  4.4223e-05
3430   0.0118516    0.406063    0.242838  0.00013049
3440   0.0100693    0.404992    0.133195  8.08226e-05
3450   0.0102352    0.405092   0.0412124  6.75691e-05
3460  0.00871792     0.40418   0.0046049  7.22051e-05
3470  0.00879105    0.404224    0.242426  2.00712e-05
3480  0.00831649    0.403938   -0.233914  7.49372e-05
3490  0.00729231    0.403323   -0.362003  0.00010487
3500  0.00621909    0.402678   0.0959798  5.24736e-05
3510  0.00624284    0.402692     0.68148  2.9782e-05
3520  0.00562345     0.40232    0.516551  7.81055e-05
3530  0.00468073    0.401753    0.516872  9.44183e-05
3540  0.00373508    0.401185    0.296926  0.000108557
3550  0.00250959    0.400448   -0.160592  6.73039e-05
3560    0.002389    0.400376   -0.325646  7.68436e-05
3570  0.000972718    0.399524   -0.270324  0.000153449
3580  -0.00067998    0.398531    0.425498  5.87582e-05
3590  -0.000202447    0.398818   -0.435539  4.2852e-05
3600  -0.00153702    0.398016  0.00399704  5.44842e-05
3610  -0.00129213    0.398163   -0.325861  -3.54766e-06
3620  -0.00146607    0.398059   -0.564094  6.8826e-05
3630  -0.00266865    0.397336   -0.380754  0.000106395
3640  -0.00359397     0.39678   -0.270932  4.34867e-05
3650  -0.00353839    0.396813   -0.289504  -1.73144e-05
3660  -0.00324768    0.396988   -0.509523  7.43149e-05
3670  -0.00502468     0.39592   0.0402104  0.000112072
3680  -0.00548913     0.39564    -0.54579  2.76425e-05
3690  -0.00557753    0.395587   -0.509541  0.000131655
3700  -0.00812223    0.394058   -0.087986  9.87543e-05
3710  -0.00755262      0.3944   -0.656076  -9.01988e-05
3720  -0.00631825    0.395142   -0.491577  5.66956e-05
3730  -0.00868653    0.393719   -0.692809  0.000199167
3740  -0.0103016    0.392748   -0.674362  5.22777e-05
3750  -0.00973209     0.39309   -0.656238  -7.13349e-05
3760  -0.0088749    0.393605    -0.83981  1.20511e-05
3770  -0.00997311    0.392945   -0.253845  8.36637e-05
3780  -0.0105482      0.3926    -1.02297  6.95921e-05
3790  -0.0113649    0.392109   -0.693417  0.000153784
3800  -0.0136238    0.390751    -1.04099  0.000185403
3810   -0.015073     0.38988   -0.656363  5.36859e-05
3820  -0.0146976    0.390106   -0.675095  9.66853e-07
3830  -0.0150923    0.389868   -0.949757  5.88599e-05
3840  -0.0158748    0.389398   -0.290738  7.35266e-05
3850  -0.0165629    0.388984   -0.858382  0.000124651
3860  -0.0183678      0.3879   -0.510274  0.000103135
3870  -0.0186256    0.387745   -0.382417  2.33883e-05
3880  -0.0188356    0.387618   -0.419256  0.000140339
3890  -0.0214324    0.386058   -0.510113  0.00013816
3900  -0.0215988    0.385958   -0.437077  -7.61593e-05
3910  -0.0199092    0.386973    -0.82215  -1.26412e-05
3920  -0.0213459     0.38611   -0.419078  0.000116978
3930  -0.0222487    0.385567   -0.327703  0.000112486
3940  -0.0235957    0.384757   -0.510435  0.000115251
3950  -0.0245538    0.384181   -0.840149  -3.20876e-05
3960  -0.0229539    0.385143    -0.29131  7.49696e-06
3970  -0.0247037    0.384091   -0.620685  6.40636e-05
3980  -0.0242352    0.384373   -0.291185  2.58815e-06
3990  -0.0247555     0.38406   -0.346096  5.95392e-05
4000   -0.025426    0.383657   -0.401132  3.48866e-05
4010  -0.0254532    0.383641    -0.54765  -4.74015e-06
4020  -0.0253312    0.383714   0.0379934  6.75195e-05
4030  -0.0268036    0.382829   -0.364596  2.51733e-05
4040  -0.0258346    0.383412  -0.0352926  7.97296e-06
4050   -0.026963    0.382733    0.331119  0.000160582
4060  -0.0290463    0.381481   -0.218007  7.07251e-05
4070  -0.0283775    0.381883   -0.255025  -6.67889e-06
4080  -0.0289127    0.381561   -0.126864  7.62411e-05
4090  -0.0299024    0.380967   -0.511329  8.40257e-05
4100  -0.0305932    0.380551   -0.309758  4.64641e-05
4110  -0.0308316    0.380408  -0.0534887  3.14678e-05
4120  -0.0312226    0.380173   -0.163668  3.15744e-05
4130  -0.0314631    0.380029   -0.145311  2.15438e-05
4140  -0.0316534    0.379914    0.147493  1.90645e-05
4150  -0.0318444    0.379799   0.0556889  4.46072e-05
4160  -0.0325456    0.379378    0.330654  2.94076e-05
4170  -0.0324326    0.379446    0.385225  1.93523e-05
4180  -0.0329326    0.379145   0.0555458  3.98474e-05
4190  -0.0332295    0.378967    0.238724  6.56577e-05
4200  -0.0342458    0.378356    0.110635  5.04011e-05
4210  -0.0342376    0.378361    0.201921  4.80905e-05
4220  -0.0352076    0.377778    0.604814  0.000182254
4230  -0.0378826     0.37617    0.184064  6.13539e-05
4240  -0.0364347     0.37704     0.01876  -1.05189e-05
4250  -0.0376723    0.376296     0.11051  7.47215e-05
4260  -0.0379291    0.376142    0.165367  2.05398e-05
4270  -0.0380831     0.37605    0.220081  6.22537e-05
4280  -0.0391742    0.375394      0.9161  3.89522e-05
4290  -0.0388621    0.375581    0.476457  7.31077e-05
4300  -0.0406363    0.374515    0.201956  6.01094e-05
4310  -0.0400643    0.374859    0.329867  2.38914e-05
4320  -0.0411142    0.374228    0.604671  6.05531e-05
4330  -0.0412753    0.374131    0.348135  3.98053e-05
4340  -0.0419103    0.373749    0.457921  5.83444e-05
4350  -0.0424422    0.373429    0.110063  2.16354e-05
4360   -0.042343    0.373489    0.439599  4.55443e-05
4370  -0.0433531    0.372882    0.622706  0.000106499
4380   -0.044473    0.372209    0.494527  1.40494e-05
4390  -0.0436341    0.372713    0.585831  4.34868e-05
4400  -0.0453427    0.371686    0.768974  8.86716e-05
4410  -0.0454075    0.371647    0.878867  -4.1496e-05
4420  -0.0445128    0.372185    0.585903  6.50529e-06
4430  -0.0455376    0.371569    0.787242  5.71815e-05
4440  -0.0456564    0.371498     1.15331  -1.21973e-05
4450  -0.0452937    0.371716    0.731884  3.61335e-05
4460  -0.0463791    0.371063    0.713688  2.53517e-05
4470  -0.0458007    0.371411    0.750313  3.90813e-05
4480  -0.0471607    0.370593     1.09824  0.000106549
4490  -0.0479317     0.37013    0.585527  2.85424e-05
4500  -0.0477315     0.37025     0.89667  -1.73293e-05
4510  -0.0475851    0.370338    0.438794  -6.52261e-06
4520  -0.0476011    0.370329    0.695098  -3.86238e-06
4530  -0.0475079    0.370385    0.511794  2.06538e-05
4540  -0.0480142     0.37008    0.695063  4.52492e-05
4550  -0.0484129    0.369841    0.695009  6.73063e-05
4560  -0.0493603    0.369271     0.58533  3.18967e-05
4570  -0.0490508    0.369457    0.237169  -1.45426e-05
4580  -0.0490694    0.369446    0.328705  4.63109e-06
4590  -0.0491434    0.369402    0.584883  -3.66839e-05
4600  -0.0483358    0.369887    0.291722  4.64842e-06
4610  -0.0492364    0.369346    0.163633  5.42883e-05
4620  -0.0494215    0.369234    0.292026  -5.34827e-05
4630  -0.0481667    0.369989    0.493061  -2.85696e-05
4640  -0.0488501    0.369578    0.566401  1.84152e-05
4650   -0.048535    0.369767    0.529758  -6.49784e-06
4660  -0.0487202    0.369656    0.456597  4.36751e-05
4670  -0.0494085    0.369242    0.346848  3.81911e-05
4680   -0.049484    0.369197    0.401383  3.56054e-05
4690  -0.0501206    0.368814    0.236758  5.8146e-05
4700  -0.0506469    0.368498     0.38324  4.14712e-05
4710  -0.0509501    0.368316    0.236793  -3.41386e-06
4720  -0.0505786    0.368539    0.383168  -0.000119096
4730  -0.0485682    0.369747    0.529239  -2.60757e-05
4740  -0.0500571    0.368852    0.383043  3.86795e-05
4750  -0.0493417    0.369282    0.364454  2.20025e-05
4760  -0.0504972    0.368588    0.144775  -6.54235e-06
4770  -0.0492109    0.369361    0.199399  3.92746e-05
4780  -0.0512827    0.368116   -0.203119  0.000170456
4790    -0.05262    0.367312   0.0533998  -1.76465e-05
4800  -0.0509297    0.368328   -0.166905  -5.1829e-05
4810  -0.0515834    0.367935   -0.221798  7.12408e-05
4820  -0.0523546    0.367472   -0.276512  7.72601e-05
4830  -0.0531286    0.367006   -0.203297  4.58566e-05
4840  -0.0532717     0.36692  -0.0935118  -4.92308e-05
4850   -0.052144    0.367598    0.198988  1.14661e-05
4860   -0.053501    0.366782    0.382435  1.12826e-05
4870  -0.0523697    0.367462   0.0709172  -6.68848e-05
4880  -0.0521633    0.367586   0.0707197  9.87146e-05
4890   -0.054344    0.366276  -0.0754223  0.000128023
4900  -0.0547238    0.366047  -0.0387438  -3.79037e-05
4910  -0.0535859    0.366731   0.0524341  -7.30256e-05
4920  -0.0532633    0.366925   -0.167316  3.51718e-05
4930  -0.0542893    0.366309   -0.148905  8.22183e-05
4940  -0.0549076    0.365937  -0.00240542  -8.23746e-05
4950  -0.0526418    0.367299    0.107023  -4.4057e-05
4960  -0.0540265    0.366467    0.217203  6.77748e-05
4970  -0.0539973    0.366484    0.235505  1.48701e-05
4980  -0.0543239    0.366288  -0.0391917  2.08497e-05
4990  -0.0544143    0.366233   0.0156839  2.68294e-05
