Time   C(t)   
ps   
0           1           1  2.14282e-10   0.0253569
10    0.751074    0.761397   -0.778106   0.0143741
20    0.712518     0.72444    -2.59407  0.00339131
30    0.683248    0.696383    -5.36272  0.00294324
40    0.653653    0.668016     -2.1661  0.00265711
50    0.630105    0.645445     -2.0809  0.00219766
60      0.6097    0.625886    -4.93484  0.00179434
70    0.594219    0.611047    -3.46898  0.00154526
80    0.578795    0.596262    -4.33461   0.0015617
90    0.562985    0.581108     -4.2489  0.00159597
100    0.546875    0.565667    -3.81562  0.00143893
110    0.534206    0.553523    -3.12724  0.00134397
120    0.519996    0.539902    -1.65809  0.00126185
130    0.508969    0.529333    -4.07807   0.0010145
140    0.499706    0.520453    -3.30381  0.00111503
150    0.486669    0.507957    -3.04355  0.00094258
160    0.480854    0.502384   -0.539965  0.000743318
170    0.471802    0.493707    -1.83651  0.000888164
180    0.463091    0.485357    -2.18341  0.000710444
190    0.457593    0.480087   -0.369641  0.000788425
200    0.447323    0.470242    -1.92416  0.000807807
210    0.441437    0.464601     -1.1477  0.000535069
220    0.436621    0.459985    -4.86736  0.000824608
230    0.424945    0.448793    -2.10073  0.000762808
240    0.421365    0.445361    -2.10403  0.000647376
250    0.411998    0.436382    -3.22578  0.000648414
260    0.408397    0.432931    -4.35183  0.000455484
270    0.402888    0.427651    -2.62302  0.000605786
280    0.396281    0.421318    -3.66159  0.000629643
290    0.390295     0.41558    -3.74789  0.000485742
300    0.386566    0.412006    -5.91066  0.000327832
310    0.383738    0.409295    -4.70041  0.000537765
320    0.375811    0.401696    -7.03334  0.00061602
330    0.371418    0.397486    -6.42931  0.000271094
340    0.370389    0.396499    -5.04807  0.000399576
350    0.363427    0.389826    -5.04689  0.000573654
360    0.358916    0.385502    -6.60318  0.000282377
370    0.357779    0.384412    -6.43201  0.00033347
380    0.352247    0.379109    -2.71556  0.000530933
390     0.34716    0.374234    -2.97514  0.000486217
400    0.342522    0.369788    -2.71531  0.000400016
410     0.33916    0.366565    -2.63044  0.000451472
420    0.333493    0.361133    -3.49312  0.000346483
430     0.33223    0.359923    -0.21012  0.00022309
440    0.329031    0.356856   -0.383482  0.000357151
450    0.325087    0.353076   -0.815159   0.0004917
460    0.319197     0.34743    -1.93919  0.00028937
470      0.3193    0.347529    -2.63272  0.000128415
480    0.316629    0.344968    -2.71894  0.000290573
490    0.313489    0.341959   -0.472991  0.000420932
500     0.30821    0.336899    0.908846  0.000477363
510    0.303941    0.332807    -1.59685  0.000473787
520    0.298734    0.327816     -1.8566  0.000442204
530    0.295097     0.32433   -0.559799  0.000378051
540    0.291173    0.320569    -3.49819  0.000406788
550    0.286961    0.316532    -3.15289  0.000319032
560    0.284793    0.314453    -2.63483  0.000296471
570    0.281032    0.310848    -2.54878  0.000320372
580    0.278385    0.308311    -2.37635  0.000204152
590    0.276949    0.306934    -3.06938  0.000331117
600    0.271763    0.301963    -4.01878  0.000209714
610    0.272755    0.302914     -2.2914  0.000158854
620    0.268586    0.298918    -3.24283  0.000403255
630     0.26469    0.295183     -2.2067  0.000277139
640    0.263043    0.293605     -2.2083  0.000357889
650    0.257532    0.288322    -1.08259  0.000471579
660    0.253611    0.284565   -0.737551  0.000312233
670    0.251287    0.282337    -1.42965  6.26236e-05
680    0.252359    0.283364    -2.55435  5.82233e-05
690    0.250123    0.281221    -4.28325  0.000152847
700    0.249302    0.280434    -4.02427  0.000157983
710    0.246963    0.278192    -2.81486  0.000385968
720    0.241583    0.273035    -3.76435   0.0002774
730    0.241415    0.272874    -4.28452  0.00011663
740     0.23925    0.270799    -2.12276  0.000283367
750    0.235748    0.267442   -0.567395  0.00023625
760    0.234525     0.26627     -4.6299  0.000117642
770    0.233395    0.265186    -3.33588  0.000289812
780    0.228729    0.260714   -0.828241  0.000352387
790    0.226347    0.258431    -2.73008  0.000185784
800    0.225013    0.257152    -2.64378  0.000229361
810     0.22176    0.254034     -1.3474  0.000277712
820    0.219459    0.251828   -0.570012  0.000196756
830    0.217825    0.250262    -2.03942  0.000197229
840    0.215514    0.248047    -2.04009  0.000375647
850    0.210312    0.243061    -3.85479  0.000400394
860    0.207506    0.240372    -2.81714  0.00036765
870    0.202959    0.236013    -2.03975  0.00045526
880    0.198401    0.231644    -2.03925  0.000175957
890     0.19944    0.232639    -2.99143  0.000215346
900    0.194094    0.227516    -2.47253  0.000249376
910    0.194452    0.227859    -3.16505  6.59861e-05
920    0.192775    0.226251    -4.20202  0.000197082
930    0.190511    0.224081    -4.72075  0.000197486
940    0.188825    0.222465    -4.89471  0.000212543
950     0.18626    0.220006    -5.32588  0.000232447
960    0.184176    0.218009    -6.45016  0.000125726
970    0.183745    0.217596    -5.15387  8.9556e-06
980    0.183997    0.217837    -5.67395  3.8325e-05
990    0.182979    0.216861    -5.76068  0.000116613
1000    0.181664    0.215601     -5.4153  0.000146245
1010    0.180054    0.214057    -6.01975  0.00024951
1020    0.176674    0.210818    -7.92041  0.000279415
1030    0.174465    0.208701    -6.62386  0.000186743
1040    0.172939    0.207238    -6.01992  0.000133087
1050    0.171804    0.206149    -6.45278  5.4609e-05
1060    0.171847    0.206191    -5.58942  0.000143545
1070    0.168933    0.203398    -4.89673  0.00017825
1080    0.168282    0.202774    -4.81102  0.000198545
1090    0.164962    0.199591     -5.3301  0.000188946
1100    0.164503    0.199152    -5.41665  6.57223e-05
1110    0.163647    0.198331    -5.67792  0.000115426
1120    0.162195    0.196939    -2.99776  0.000244704
1130    0.158753     0.19364    -4.38027  0.000274961
1140    0.156696    0.191668    -4.98464  0.000350285
1150    0.151748    0.186925    -4.81178  0.000191543
1160    0.152865    0.187996    -5.07305  3.77491e-05
1170    0.150993    0.186202    -4.98683  0.000252306
1180    0.147819    0.183159    -4.29541  0.000272793
1190    0.145537    0.180972    -6.45581  0.000203424
1200     0.14375    0.179259     -4.8144  0.000168855
1210     0.14216    0.177735    -5.67834  0.000174268
1220    0.140265    0.175918    -5.50565  0.000124443
1230    0.139671    0.175349     -5.2465  0.00010972
1240     0.13807    0.173815    -4.29625  0.000185389
1250    0.135963    0.171795     -6.2838  0.000140446
1260    0.135261    0.171123    -4.64281  0.000176155
1270     0.13244    0.168418    -5.33322  0.000156243
1280    0.132137    0.168127    -6.02574  8.09252e-05
1290    0.130821    0.166867    -6.80271  9.11735e-05
1300    0.130313     0.16638    -7.06305  0.000142092
1310     0.12798    0.164143    -5.67986  0.000162604
1320    0.127061    0.163262    -4.38365  0.000127513
1330    0.125429    0.161698    -6.54448  0.000122681
1340    0.124607     0.16091    -3.26063  0.00018409
1350    0.121748    0.158169    -5.16214  0.000123253
1360    0.122142    0.158548    -5.76819  -4.4629e-05
1370     0.12264    0.159025    -4.38475  0.000169786
1380    0.118747    0.155293    -4.38441  0.000215951
1390    0.118321    0.154885    -5.16247  3.23594e-05
1400    0.118099    0.154672    -4.81744  6.31969e-05
1410    0.117057    0.153673    -5.85415  0.000181315
1420    0.114473    0.151196    -6.54617  0.000227885
1430      0.1125    0.149305    -5.59542  0.000182163
1440     0.11083    0.147704    -6.20046  0.000100219
1450    0.110495    0.147383     -6.2865  7.47517e-05
1460    0.109335    0.146271    -5.68231  0.00011617
1470    0.108172    0.145156    -6.28743  0.000121614
1480    0.106903     0.14394    -4.38627  0.000111546
1490    0.105941    0.143018     -5.2503  3.4127e-05
1500     0.10622    0.143286    -4.47324  6.53967e-05
1510    0.104633    0.141764    -4.30014  9.65957e-05
1520    0.104288    0.141434    -4.47333  3.45174e-05
1530    0.103943    0.141103    -3.60913  8.14371e-05
1540    0.102659    0.139873    -4.81896  7.11534e-05
1550    0.102519    0.139739    -5.94223  0.000123557
1560    0.100188    0.137504    -4.81887  7.67156e-05
1570    0.100985    0.138268    -4.04174  -8.50137e-05
1580    0.101889    0.139134    -3.09082  -3.80922e-05
1590    0.101747    0.138998    -2.22654  -5.92113e-05
1600    0.103073    0.140269     -2.3136  5.6183e-05
1610    0.100623    0.137921    -2.65897  0.00010863
1620      0.1009    0.138186    -2.14108  -5.40126e-05
1630    0.101704    0.138956    -4.04241  -6.7126e-06
1640    0.101034    0.138315    -4.81997  3.00944e-05
1650    0.101102     0.13838    -2.65931  9.09418e-06
1660    0.100853    0.138141    -2.22755  -1.20472e-05
1670    0.101343     0.13861    -1.88158  -4.37804e-05
1680    0.101728     0.13898    -2.05486  -1.508e-06
1690    0.101373    0.138639    -2.05537  8.86187e-05
1700   0.0999557    0.137281     -2.7462  8.87714e-05
1710   0.0995974    0.136938    -1.27739  0.000115636
1720    0.097643    0.135064    -2.83217  0.000137112
1730   0.0968551    0.134309    -2.39964  0.000105532
1740   0.0955324    0.133041    -3.78317  1.5036e-05
1750   0.0965544    0.134021    -3.09267  4.19296e-05
1760   0.0946938    0.132237    -3.00629  0.000170243
1770   0.0931496    0.130757    -4.12973  0.000165325
1780   0.0913873    0.129068    -1.70906  9.06397e-05
1790   0.0913368     0.12902    -2.74688  -3.12179e-07
1800   0.0913935    0.129074    -2.91999  2.65684e-05
1810   0.0908054     0.12851    -2.57436  0.000145007
1820   0.0884934    0.126294    -3.26587  0.00017759
1830   0.0872536    0.125106     -3.0936  0.000113342
1840   0.0862266    0.124121    -3.00713  9.20266e-05
1850   0.0854131    0.123342    -3.61124  7.0633e-05
1860   0.0848139    0.122767    -1.36403  0.000108728
1870   0.0832385    0.121257    -2.66074  0.000190266
1880   0.0810086     0.11912    -3.09208  0.000136405
1890   0.0805104    0.118642    -1.27764  3.90116e-05
1900   0.0802283    0.118372    -1.36453  0.000120756
1910   0.0780953    0.116327    -2.40116  9.91423e-05
1920   0.0782455    0.116471    -1.71016  5.58827e-05
1930   0.0769776    0.115256    -1.27806  0.000154259
1940   0.0751603    0.113514    -2.05621  9.99179e-05
1950   0.0749793     0.11334    -1.88352  0.000122168
1960   0.0727169    0.111172    -1.88352  0.000155241
1970   0.0718745    0.110364    -1.36538  2.9457e-05
1980   0.0721278    0.110607    -2.31714  7.61189e-06
1990   0.0717222    0.110218    -2.48991  9.01394e-05
2000    0.070325    0.108879    -2.31697  0.000139896
2010   0.0689243    0.107537    -2.48958  -8.71643e-06
2020   0.0704993    0.109046    -3.00806  -5.27442e-05
2030   0.0699792    0.108548    -3.00814  0.000157171
2040   0.0673559    0.106033    -2.48865  0.000113129
2050   0.0677166    0.106379    -1.79857  -1.94781e-05
2060   0.0677455    0.106407    -1.88521  4.70772e-05
2070   0.0667751    0.105476    -2.66319  0.000119399
2080   0.0653575    0.104118    -2.40387  0.000153068
2090   0.0637137    0.102542    -2.40277  3.64084e-05
2100   0.0646293     0.10342   -0.934293  -8.0521e-05
2110   0.0653241    0.104086    -3.18218  -1.36923e-05
2120   0.0649032    0.103682    -2.57664  7.57109e-05
2130   0.0638099    0.102634    -1.79925  0.000193491
2140   0.0610334   0.0999729    -1.10782  9.85334e-05
2150   0.0618392    0.100745    -2.23168  -2.07275e-06
2160   0.0610748    0.100013   -0.935305  0.000177752
2170   0.0582842   0.0973377    -1.36656  8.79977e-05
2180   0.0593149   0.0983256    -1.36732  -6.37364e-05
2190   0.0595589   0.0985596    -1.62698  2.63628e-05
2200   0.0587876   0.0978202    -1.54018  5.46198e-05
2210   0.0584665   0.0975125    -2.05917  -6.40489e-05
2220   0.0600686   0.0990481    -1.54127  -7.42432e-06
2230    0.058615   0.0976548   -0.589762  7.1788e-05
2240   0.0586328   0.0976719   -0.676316  4.93441e-05
2250   0.0576281   0.0967088    -1.54034  0.000117663
2260   0.0562796   0.0954162   0.0152769  8.94681e-05
2270   0.0558388   0.0949937   -0.244471  4.2161e-06
2280   0.0561953   0.0953354     1.65661  -2.4276e-05
2290   0.0563243   0.0954591     1.48325  6.71316e-05
2300   0.0548526   0.0940484     1.74249  0.000175983
2310   0.0528046   0.0920854     1.39652  0.000147739
2320   0.0518978   0.0912162     3.03878  5.63573e-05
2330   0.0516775    0.091005    0.186108  -4.691e-05
2340    0.052836   0.0921155      2.0008  4.51412e-05
2350   0.0507747   0.0901396    0.618881  6.80998e-05
2360    0.051474     0.09081     1.48274  -7.83056e-07
2370   0.0507903   0.0901546     1.39585  3.95693e-05
2380   0.0506827   0.0900514     2.25971  0.000138061
2390   0.0480291   0.0875079     1.13635  0.000109291
2400   0.0484968   0.0879562     1.30853  6.33806e-05
2410   0.0467615   0.0862929    0.704844  6.34029e-05
2420   0.0472288   0.0867408     1.13601  -5.84226e-05
2430     0.04793   0.0874129     1.65399  4.62668e-05
2440   0.0463034   0.0858538     1.39576  0.000168696
2450    0.044556   0.0841789     1.65526  2.31555e-05
2460   0.0458403   0.0854099     1.22223  7.60414e-05
2470   0.0430352   0.0827211    0.531651   0.0001755
2480   0.0423303   0.0820455    0.704169  2.32086e-07
2490   0.0430306   0.0827167   -0.246666  -6.42447e-05
2500   0.0436152   0.0832771     0.35812  -1.73997e-05
2510   0.0433786   0.0830502     1.91399  1.19291e-05
2520   0.0433766   0.0830484     1.65441  2.9658e-05
2530   0.0427854   0.0824817    0.876857  8.28134e-05
2540   0.0417204   0.0814608     1.82811  0.000136192
2550   0.0400616   0.0798708     1.05005  0.00015427
2560    0.038635   0.0785033    0.618628  0.000142849
2570   0.0372046   0.0771323     0.18653  0.000137301
2580   0.0358889   0.0758712    0.877364  7.23228e-05
2590   0.0357581   0.0757458    0.963665  -2.85465e-05
2600   0.0364599   0.0764185     2.25996  -3.45226e-05
2610   0.0364486   0.0764076     2.43206  3.69253e-05
2620   0.0357214   0.0757106     1.39526  0.000132555
2630   0.0337975   0.0738665     1.30845  0.000180688
2640   0.0321076   0.0722467     1.65408  9.73372e-05
2650   0.0318507   0.0720005     2.95029  1.37251e-05
2660   0.0318331   0.0719836     3.29558  3.17979e-05
2670   0.0312148   0.0713909     2.34508  0.000110032
2680   0.0296325   0.0698742     2.86339  6.8108e-05
2690   0.0298526   0.0700852     3.81355  -9.98508e-06
2700   0.0298322   0.0700656     3.29499  0.000110757
2710   0.0276375   0.0679619     2.95029  7.46256e-05
2720   0.0283397    0.068635     3.55507  -2.79208e-05
2730   0.0281959   0.0684972     3.29541  8.33143e-06
2740    0.028173   0.0684753     2.43037  9.94515e-05
2750   0.0262069   0.0665906     3.55448  0.000136078
2760   0.0254515   0.0658666     2.86297  -1.56986e-05
2770   0.0265208   0.0668916     1.56583  2.09733e-05
2780    0.025032   0.0654645     3.72734  0.000155194
2790   0.0234169   0.0639164     2.69037  2.74386e-06
2800   0.0249771   0.0654119     3.98624  -3.98914e-05
2810   0.0242148   0.0646812     2.60297  -5.24284e-05
2820   0.0260257    0.066417     2.17062  2.12912e-05
2830   0.0237889    0.064273     2.08406  0.000205539
2840   0.0219149   0.0624767     2.77507  2.14113e-05
2850   0.0233607   0.0638625     3.12027  -2.96244e-06
2860   0.0219742   0.0625335     2.77481  1.53534e-05
2870   0.0230537   0.0635682     2.51507  5.26728e-05
2880   0.0209207   0.0615237     1.47877  4.64036e-05
2890   0.0221256   0.0626786     1.13264  2.81652e-05
2900   0.0203574   0.0609838     1.82415  6.5294e-05
2910   0.0208197   0.0614269     1.99683  3.45432e-05
2920   0.0196665   0.0603215     2.25608  6.56634e-05
2930   0.0195064   0.0601681     2.77473  9.71017e-05
2940   0.0177245     0.05846     1.90977  0.000190935
2950   0.0156877   0.0565077     2.42868  7.26355e-05
2960   0.0162718   0.0570676     1.47827  2.29274e-05
2970   0.0152292   0.0560682      1.4781  7.93233e-05
2980   0.0146853   0.0555469     1.73675  2.93399e-05
2990   0.0146424   0.0555057     1.04541  9.86429e-05
3000   0.0127125   0.0536559    0.786673  7.98952e-05
3010   0.0130445   0.0539741     1.47784  7.39795e-05
3020   0.0112329   0.0522376     1.90969  4.24549e-05
3030   0.0121954   0.0531602     1.21835  4.82132e-06
3040   0.0111364   0.0521452     2.34145  9.33768e-05
3050   0.0103278   0.0513701     2.60052  6.1945e-05
3060  0.00989755   0.0509577     2.51439  -1.38008e-06
3070   0.0103554   0.0513966     1.56296  4.32156e-05
3080  0.00903324   0.0501292     2.60035  1.77252e-05
3090   0.0100009   0.0510568     1.82254  4.9847e-05
3100   0.0080363   0.0491736     1.04524  3.70005e-05
3110  0.00926093   0.0503475     2.51431  6.93353e-05
3120  0.00664959   0.0478444     2.34137  1.15787e-05
3130  0.00902936   0.0501255     1.64977  -2.6529e-05
3140  0.00718017    0.048353     1.73616  6.30668e-05
3150  0.00776802   0.0489165     1.99557  -5.24325e-05
3160  0.00822882   0.0493582     1.99557  -3.32555e-05
3170  0.00843313    0.049554     2.34103  1.82714e-05
3180  0.00786339   0.0490079      2.3412  0.000115244
3190  0.00612826   0.0473447     1.99548  -7.51815e-06
3200  0.00801376    0.049152     1.90893  8.35038e-05
3210  0.00445818   0.0457439     2.34153  0.000174259
3220  0.00452857   0.0458114     1.04448  -5.4643e-07
3230  0.00446911   0.0457544    0.525911  -7.07083e-06
3240  0.00466999   0.0459469     1.30355  3.85866e-05
3250  0.00369738   0.0450146     1.21759  4.51463e-05
3260  0.00376706   0.0450814    0.699021  7.15244e-05
3270  0.00226689   0.0436435    0.526587  4.54139e-05
3280  0.00285879   0.0442108     1.21776  -6.78577e-06
3290  0.00240261   0.0437736    0.180452  -3.3169e-05
3300  0.00352217   0.0448467    0.439103  -1.34066e-05
3310  0.00267074   0.0440306    0.352296  3.9132e-05
3320  0.00273953   0.0440965     0.69843  2.61159e-05
3330  0.00214842   0.0435299   -0.424923  1.29244e-05
3340  0.00248104   0.0438487    0.611707  -1.34501e-05
3350  0.00241742   0.0437878  0.00649933  5.27854e-05
3360  0.00142533   0.0428368   -0.252405  6.39168e-06
3370  0.00228959   0.0436652   -0.425852  1.98523e-05
3380  0.00102828   0.0424562   0.0929695  6.42879e-06
3390  0.00216101    0.043542    -1.28988  -8.67603e-05
3400  0.00276349   0.0441195   -0.512238  -2.02545e-05
3410   0.0025661   0.0439303    -1.29013  3.98411e-05
3420  0.00196667   0.0433557   -0.252996  3.32314e-05
3430  0.00190148   0.0432932   -0.252996  -4.71622e-05
3440  0.00290991   0.0442598   0.0925476  -3.37815e-05
3450  0.00257711   0.0439408    0.524477  -3.28012e-07
3460  0.00291647   0.0442661    0.264981  -5.4217e-05
3470  0.00366145   0.0449802    0.178595  6.4218e-06
3480  0.00278804    0.044143    0.610525  3.33698e-05
3490  0.00299405   0.0443405    0.611032  -3.12075e-07
3500  0.00279428    0.044149   -0.166357  -2.74796e-05
3510  0.00354364   0.0448673   -0.426528  -3.13832e-07
3520  0.00280055    0.044155   -0.253418  -7.23447e-06
3530  0.00368833    0.045006    0.351368  -8.89145e-05
3540  0.00457885   0.0458595  0.00506466  2.00235e-05
3550  0.00328786   0.0446221    0.610525  4.72619e-05
3560  0.00363361   0.0449535    -0.59989  6.45522e-06
3570  0.00315876   0.0444984  -0.0805614  5.44152e-05
3580   0.0025453   0.0439103  -0.0804774  -3.4717e-05
3590   0.0038531   0.0451639    0.178174  -0.000151621
3600  0.00557773    0.046817  0.00498008  -2.80434e-05
3610  0.00441397   0.0457015     0.61044  4.06505e-05
3620  0.00476472   0.0460377     0.26439  4.08967e-05
3630  0.00359603   0.0449175   0.0916188  4.09052e-05
3640  0.00394661   0.0452535   0.0914507  8.27539e-05
3650  0.00194095    0.043331    0.696911  9.67185e-05
3660  0.00201224   0.0433994  -0.0812371  1.37247e-05
3670  0.00166646   0.0430679    0.437501  1.37355e-05
3680  0.00173753   0.0431361    0.696574  6.26525e-05
3690  0.000413411   0.0418669  0.00497983  7.67174e-05
3700  0.000203184   0.0416653   -0.599721  4.20525e-05
3710  -0.000427639   0.0410607   -0.254515  1.41102e-05
3720  -7.90196e-05   0.0413948    0.350439  1.9102e-07
3730  -0.00043146    0.041057   -0.168383  1.41998e-05
3740  -0.000363015   0.0411226  0.00455765  7.06326e-05
3750  -0.00184411    0.039703   -0.255022  0.000134237
3760  -0.00304775   0.0385492   0.0907747  9.93573e-05
3770  -0.00383126   0.0377982   -0.168552  7.84753e-05
3780  -0.00461725   0.0370448   -0.255528  4.3276e-05
3790  -0.00469678   0.0369686    0.608921  7.89794e-05
3800  -0.00619684   0.0355307    0.263294  0.000143135
3810  -0.00755948   0.0342246     1.12732  0.000115112
3820  -0.00849908    0.033324    0.868079  7.27051e-05
3830  -0.00901358   0.0328308    0.954634  4.43867e-05
3840  -0.00938682    0.032473     1.47303  1.59079e-05
3850  -0.00933173   0.0325258     1.38606  8.05284e-05
3860  -0.0109974   0.0309293     1.47286  6.62854e-05
3870  -0.0106574   0.0312551     1.04068  9.11551e-06
3880  -0.0111797   0.0307545    0.608668  5.95152e-05
3890  -0.0118477   0.0301142     1.47303  5.24814e-05
3900  -0.0122293   0.0297484     1.55942  9.3007e-06
3910  -0.0120338   0.0299359    0.954465  8.17894e-05
3920  -0.0138651   0.0281805     1.81875  5.28814e-05
3930  -0.0130914   0.0289221    0.867657  -2.66461e-05
3940  -0.0133322   0.0286913    0.867826  6.05074e-05
3950  -0.0143015   0.0277621    0.867657  0.000104384
3960  -0.0154199   0.0266902     1.90454  -4.80427e-06
3970  -0.0142055   0.0278542     1.99084  -1.194e-05
3980  -0.0151811   0.0269191      1.6453  2.49194e-06
3990  -0.0142553   0.0278065     1.99101  3.20096e-05
4000  -0.0158213   0.0263054     2.16429  9.85642e-06
4010  -0.0144524   0.0276175     1.73168  -8.55752e-05
4020  -0.0141098    0.027946     1.90446  -3.43247e-05
4030  -0.0137659   0.0282755     1.29908  3.94305e-05
4040  -0.0148984   0.0271901     1.90479  -4.9355e-05
4050  -0.0127788   0.0292217    0.953368  -5.66599e-05
4060  -0.0137652   0.0282763     1.81824  5.42544e-05
4070  -0.0138639   0.0281816     1.47219  -4.21675e-05
4080  -0.0129218   0.0290846     1.90454  -3.47732e-05
4090  -0.0131684   0.0288482     2.07731  4.70928e-05
4100  -0.0138637   0.0281818     1.81824  1.73144e-05
4110  -0.0135147   0.0285163     1.90471  9.97484e-06
4120  -0.0140632   0.0279906     2.25059  -5.06747e-06
4130  -0.0134134   0.0286135     1.99076  1.00416e-05
4140   -0.014264   0.0277981     1.73202  9.94857e-06
4150  -0.0136124   0.0284227      1.9911  1.01131e-05
4160  -0.0144663   0.0276042     1.81824  1.00181e-05
4170  -0.0138127   0.0282307     2.33672  -1.25141e-05
4180   -0.014216   0.0278441     2.50966  4.79755e-05
4190  -0.0147722    0.027311      2.1637  -2.01888e-05
4200  -0.0138122   0.0282312     3.02815  -3.53382e-05
4210  -0.0140655   0.0279884     2.16353  4.82232e-05
4220  -0.0147767   0.0273067     1.90479  -2.03191e-05
4230  -0.0136591    0.028378     2.07697  2.69874e-06
4240  -0.0148306    0.027255     2.94151  7.14197e-05
4250  -0.0150875   0.0270088     2.16344  -4.95417e-06
4260  -0.0147316     0.02735     2.07689  4.1184e-05
4270  -0.0159112   0.0262193     2.24975  4.88905e-05
4280  -0.0157094   0.0264127     1.99059  3.37614e-05
4290  -0.0165864    0.025572     2.24949  0.000134198
4300  -0.0183933     0.02384     1.81756  7.26879e-05
4310  -0.0180401   0.0241786     2.07655  7.31337e-05
4320   -0.019856    0.022438     2.85512  6.54346e-05
4330  -0.0193488   0.0229242     2.76831  -8.19217e-05
4340  -0.0182176   0.0240085     2.33613  -5.09875e-05
4350  -0.0183291   0.0239016       2.941  2.67838e-05
4360  -0.0187533    0.023495     1.99084  -1.22484e-05
4370  -0.0180841   0.0241364     2.42243  -4.36166e-06
4380   -0.018666   0.0235787     2.68184  -4.48823e-06
4390  -0.0179944   0.0242225     2.59512  -7.51502e-05
4400   -0.017163   0.0250193     2.50899  -3.6025e-05
4410  -0.0172739   0.0249131     2.07681  2.68834e-05
4420  -0.0177007    0.024504     1.90395  2.69514e-05
4430  -0.0178129   0.0243964     2.33622  1.12387e-05
4440  -0.0179255   0.0242885     2.76865  -5.21829e-05
4450  -0.0167692   0.0253968      1.8174  -6.02038e-05
4460  -0.0167214   0.0254426     2.16336  -3.66362e-05
4470  -0.0160365   0.0260991     1.90378  -8.45679e-05
4480    -0.01503   0.0270639     1.99008  1.10386e-05
4490  -0.0162573   0.0258875     2.24949  3.48913e-05
4500  -0.0157279    0.026395     1.64471  -4.50173e-05
4510  -0.0153569   0.0267505     1.81714  -2.91267e-05
4520  -0.0151453   0.0269534     1.12563  -3.7298e-05
4530   -0.014611   0.0274656     1.64437  -2.93422e-05
4540  -0.0145585   0.0275159     1.55815  -2.9493e-05
4550  -0.0140211   0.0280309     1.29857  -2.14614e-05
4560  -0.0141292   0.0279273     1.21185  3.51561e-05
4570  -0.0147242    0.027357    0.952354  2.71152e-05
4580  -0.0146715   0.0274075     1.55782  -3.78279e-05
4590  -0.0139677   0.0280822    0.952102  1.91649e-05
4600  -0.0150548   0.0270401     1.03908  -1.36038e-05
4610  -0.0136956    0.028343     1.03874  -9.52617e-05
4620  -0.0131496   0.0288663     1.47118  2.69222e-06
4630  -0.0137494   0.0282914    0.952692  2.72379e-05
4640  -0.0136944   0.0283441    0.779583  -1.37465e-05
4650  -0.0134745   0.0285549    0.866138  1.91961e-05
4660  -0.0140783   0.0279761    0.952692  -1.38493e-05
4670  -0.0131975   0.0288204    0.865884  -3.0314e-05
4680   -0.013472   0.0285573    0.952607  -1.39533e-05
4690  -0.0129185   0.0290879    0.692944  2.76072e-05
4700  -0.0140242    0.028028     1.03874  2.58442e-06
4710  -0.0129701   0.0290383    0.606558  -5.55674e-05
4720  -0.0129128   0.0290933     1.38454  5.27328e-05
4730  -0.0140248   0.0280274     1.12538  6.11905e-05
4740  -0.0141366   0.0279202    0.433702  1.95895e-05
4750  -0.0144166   0.0276519    0.693282  1.96466e-05
4760  -0.0145296   0.0275436     1.03899  1.97373e-05
4770  -0.0148113   0.0272735    0.865969  -3.08061e-05
4780  -0.0139134   0.0281342     1.12513  -5.61638e-05
4790  -0.0136881   0.0283502    0.865969  1.12879e-05
4800  -0.0141392   0.0279178    0.865969  2.82345e-05
4810  -0.0142527   0.0278089    0.693197  -2.26213e-05
4820  -0.0136868   0.0283514    0.952439  1.14194e-05
4830  -0.0144811     0.02759    0.866222  7.95916e-05
4840  -0.0152786   0.0268256     1.03916  -1.41383e-05
4850  -0.0141984    0.027861    0.865884  -6.54038e-05
4860  -0.0139705   0.0280794    0.606643  6.29924e-05
4870  -0.0154582   0.0266534    0.174713  8.02683e-05
4880  -0.0155759   0.0265406     0.52051  -6.57516e-05
4890  -0.0141432   0.0279139     0.26093  2.91019e-05
4900  -0.0161579   0.0259827    0.434208  8.94249e-05
4910  -0.0159317   0.0261996    0.607318  -6.60031e-05
4920  -0.0148379   0.0272481    0.261014  -2.27597e-05
4930  -0.0154765   0.0266359    0.520257  -1.43196e-05
4940  -0.0145515   0.0275226    0.261183  -0.000118838
4950  -0.0130997   0.0289141     0.43387  -1.44319e-05
4960  -0.0142628   0.0277992     0.43387  6.40246e-05
4970  -0.0143802   0.0276867  0.00177254  2.05337e-05
4980  -0.0146735   0.0274056    0.174967  3.02405e-06
4990  -0.0144407   0.0276288    0.693281  -1.44856e-05
