Time   C(t)   
ps   
0           1           1  1.19462e-09    0.041811
10    0.581219     0.86992    0.310898   0.0218181
20    0.563638     0.86446     1.21893  0.00182517
30    0.544715    0.858582   -0.418003  0.00118115
40    0.540015    0.857122    0.587094  0.000616887
50    0.532377     0.85475   -0.616026  0.000639704
60    0.527221    0.853148   -0.814357  0.000903574
70    0.514306    0.849136  -0.0830091  0.000648665
80    0.514248    0.849118   -0.853819  0.00040333
90    0.506239    0.846631    -1.24759  0.000820437
100    0.497839    0.844022    0.173851  0.000615036
110    0.493939     0.84281   -0.556361  0.00023362
120    0.493167     0.84257   -0.359975  0.000381896
130    0.486301    0.840438   -0.419583  0.000693692
140    0.479293    0.838261    0.251252  0.000764519
150     0.47101    0.835688   -0.438938  0.000501253
160    0.469268    0.835147   -0.518093  0.000158551
170    0.467839    0.834703   -0.044684  0.000360949
180    0.462049    0.832905     1.04072  0.000162371
190    0.464592    0.833695   0.0527861  0.000378528
200    0.454478    0.830553   -0.340736  0.000384784
210    0.456896    0.831304  -0.0258681  0.000221272
220    0.450053    0.829179   -0.281899  0.000421348
230    0.448469    0.828687   -0.676269  6.10203e-06
240    0.449931    0.829141    -1.09121  8.27253e-05
250    0.446815    0.828173   0.0717756  0.000334209
260    0.443247    0.827064   -0.322209  0.000357141
270    0.439672    0.825954    -1.32842  8.66115e-05
280    0.441514    0.826526    0.150468  -2.47449e-05
290    0.440167    0.826108    0.149987  0.000368376
300    0.434147    0.824238   -0.618049  0.000554618
310    0.429075    0.822662   -0.657858  0.000321881
320    0.427709    0.822238   -0.677637  0.000329155
330    0.422491    0.820618    -1.05248  0.000233275
340    0.423044    0.820789   -0.974267  0.000134392
350    0.419804    0.819783  -0.0472274  0.000372636
360    0.415591    0.818474    -1.60541  0.000176866
370    0.416266    0.818684   -0.639081  8.72537e-05
380    0.413846    0.817932    -1.03353  0.000313121
390    0.410004    0.816739   -0.461434  0.000394455
400    0.405957    0.815482     -1.1123  0.000100994
410    0.407984    0.816111    -1.13296  0.000266644
420    0.400624    0.813825   -0.106179  0.000334795
430    0.401288    0.814031     -1.9021  0.000141233
440    0.397799    0.812948    -1.62615  0.000255083
450    0.396186    0.812447   -0.797834  0.000200288
460    0.393793    0.811704   -0.146682  0.000356835
470     0.38905     0.81023   0.0905334  0.000357573
480    0.386642    0.809482    -1.64607  0.000338787
490    0.382274    0.808125  -0.0083238  -3.59997e-05
500    0.387362    0.809706   -0.897404  -7.14332e-05
510    0.383703    0.808569   -0.147222  0.000435022
520    0.378662    0.807003   -0.383088  0.00011483
530    0.381406    0.807856   -0.561929  -0.0001697
540    0.382056    0.808058    -1.41157  0.000322217
550    0.374962    0.805854     -0.4041  0.000368395
560    0.374688    0.805769    0.108424  8.33675e-05
570    0.373294    0.805336    0.147578  0.000264563
580    0.369396    0.804125   -0.286504  0.00011338
590    0.371027    0.804632   -0.444506  8.09982e-05
600    0.367776    0.803622   -0.957146  0.000246131
610    0.366104    0.803103   -0.997418  -1.78754e-05
620    0.368134    0.803733   -0.485317  0.000256982
630    0.360964    0.801506    0.285185  0.000446007
640    0.359214    0.800963    0.186308  0.000224936
650    0.356466    0.800109   0.0681529  0.000301637
660    0.353181    0.799089  -0.0110212  0.000358802
670     0.34929     0.79788    0.719421  0.000159971
680    0.349982    0.798095   -0.189227  0.000203876
690    0.345212    0.796614  0.00904654  0.000247331
700    0.345035    0.796558   -0.149514  5.11482e-05
710    0.344189    0.796296   -0.169294  9.80765e-05
720    0.343074    0.795949    0.146133  0.000155127
730    0.341087    0.795332   -0.741618  0.000141942
740    0.340235    0.795067  -0.0511389  0.000148956
750    0.338108    0.794407   -0.367085  0.000236528
760    0.335504    0.793598    -0.34721  -4.82649e-06
770    0.338204    0.794437    0.579637  8.84533e-06
780    0.335327    0.793543     -1.6894  8.52048e-06
790    0.338034    0.794384   -0.860948  0.000103335
800    0.333261    0.792901   -0.702888  0.000302288
810    0.331988    0.792506   -0.742293  0.000184716
820    0.329566    0.791754   -0.170237  0.000107317
830    0.329842    0.791839     -1.2953  1.98022e-05
840     0.32917    0.791631    -1.03921  0.000229877
850    0.325244    0.790411     -1.3744  0.000301397
860    0.323142    0.789758  -0.0124661  -0.000156431
870    0.328373    0.791383   -0.841805  5.7894e-05
880    0.321984    0.789399   -0.801899  0.000326352
890    0.321846    0.789356    -1.94663  0.000105925
900    0.319866    0.788741   -0.526205  5.48527e-05
910    0.320749    0.789015    -1.23643  6.1886e-05
920    0.318628    0.788356   -0.941048  0.000253376
930    0.315681    0.787441   -0.723169  0.000206053
940    0.314507    0.787076    0.243198  -8.13439e-05
950    0.317308    0.787946   -0.270348  4.56035e-05
960    0.313595    0.786793    -1.04017  0.000151835
970    0.314271    0.787003    0.144148  0.00027623
980     0.30807    0.785077    -1.09874  0.000224888
990    0.309773    0.785606    0.420478  -0.000201555
1000    0.312101    0.786329   -0.862278  5.33566e-05
1010    0.308706    0.785274   -0.488112  0.000191279
1020    0.308276    0.785141    -1.07958  0.000108869
1030    0.306529    0.784598    -0.72444  0.000292531
1040    0.302425    0.783323    -1.11916  0.000144035
1050    0.303648    0.783703   -0.350158  0.000314714
1060    0.296131    0.781368   -0.980626  0.000158542
1070    0.300477    0.782718   -0.902954  -0.000160336
1080    0.299338    0.782364    0.064145  -1.12548e-05
1090    0.300702    0.782788    -1.23851  0.000183958
1100    0.295659    0.781221   -0.942281  8.63045e-05
1110    0.298976    0.782252  -0.0155497  0.00012546
1120    0.293149    0.780442    -1.31714  0.000261587
1130    0.293745    0.780627   -0.863685  -1.40086e-05
1140     0.29343    0.780529   -0.469122  -8.76278e-05
1150    0.295497    0.781171  0.00397877  8.76278e-05
1160    0.291677    0.779985   -0.153464  0.000224447
1170    0.291008    0.779777   -0.962407  -6.87987e-06
1180    0.291815    0.780027   -0.173629  5.30303e-05
1190    0.289948    0.779448    -0.66701  9.52661e-05
1200    0.289909    0.779436   -0.687079  0.000123905
1210     0.28747    0.778678    0.141701  0.00026888
1220    0.284532    0.777765    -1.04131  0.000255199
1230    0.282366    0.777092    -1.00208  7.88778e-05
1240    0.282954    0.777275   -0.943013  8.98346e-05
1250    0.280569    0.776534   -0.253074  0.000196259
1260    0.279029    0.776056    -1.25936  -4.47214e-05
1270    0.281463    0.776812   -0.588587  -0.000154907
1280    0.282127    0.777018   -0.174823  0.000339584
1290    0.274672    0.774703    -1.21965  0.000218739
1300    0.277752     0.77566    -1.35855  -3.00035e-05
1310    0.275272    0.774889    0.181009  -3.39642e-05
1320    0.278432    0.775871   -0.312892  -0.000148208
1330    0.278236     0.77581   -0.826381  0.00021657
1340      0.2741    0.774525    -1.22042  0.000137943
1350    0.275477    0.774953    -1.10234  7.7562e-05
1360    0.272549    0.774043   -0.766754  7.74771e-05
1370    0.273927    0.774471   -0.234778  0.000164279
1380    0.269263    0.773023   -0.885429  0.00014271
1390    0.271073    0.773585   -0.452041  -8.37892e-05
1400    0.270939    0.773543   -0.392857  0.000201209
1410    0.267049    0.772335   -0.333751  0.000429101
1420    0.262357    0.770878    -1.02346  0.000230943
1430     0.26243      0.7709   -0.865669  8.69557e-05
1440    0.260618    0.770337    -1.67455  -3.72529e-08
1450    0.262431      0.7709    -1.20242  5.09664e-05
1460    0.259599    0.770021    -0.68914  9.08703e-05
1470    0.260614    0.770336    -1.34097  -0.000119817
1480    0.261995    0.770765   -0.373945  0.000248012
1490    0.255653    0.768795  -0.0972294  0.000364903
1500    0.254697    0.768498    -1.37981  1.16378e-05
1510    0.255421    0.768723    -1.30122  -9.42767e-05
1520    0.256582    0.769084   -0.769413  4.48272e-05
1530    0.254524    0.768444   0.0796077  0.000242591
1540    0.251731    0.767577   -0.117547  7.42048e-05
1550     0.25304    0.767983    0.296331  0.000276834
1560    0.246194    0.765857   -0.157164  0.000357966
1570    0.245881     0.76576   -0.374273  0.000108755
1580    0.244019    0.765181   -0.867172  2.03401e-05
1590    0.245474    0.765633   -0.256214  0.000109196
1600    0.241835    0.764503    0.927647  -1.75536e-06
1610    0.245509    0.765644    0.394495  -0.000153082
1620    0.244897    0.765454   0.0785093  0.000517113
1630    0.235167    0.762432    0.513806  0.00028402
1640    0.239216     0.76369   0.0390286  -3.40328e-05
1650    0.235847    0.762643    0.709998  3.62486e-05
1660    0.238491    0.763464  -0.0403198  -8.04961e-06
1670    0.236008    0.762693    0.611391  0.000192891
1680    0.234633    0.762266     1.41989  0.000167388
1690    0.232661    0.761653     1.02525  0.000208779
1700    0.230458    0.760969    0.354243  8.21017e-05
1710    0.231019    0.761143    0.452503  0.000172358
1720    0.227011    0.759898   0.0583643  9.75393e-05
1730    0.229068    0.760537  -0.0409748  -6.33538e-05
1740    0.228278    0.760292   -0.633175  0.000244519
1750    0.224177    0.759018    0.551071  0.000241267
1760    0.223452    0.758793    0.353357  5.73471e-05
1770     0.22303    0.758662  -0.0814388  3.10577e-05
1780    0.222831      0.7586  -0.00199402  0.000152113
1790    0.219988    0.757717    0.944574  0.000299804
1800    0.216835    0.756738    0.728256  0.000372493
1810    0.212538    0.755403   0.0571307  0.000229254
1820     0.21225    0.755314    0.984402  -5.46604e-05
1830    0.213632    0.755743    -1.24594  4.78864e-05
1840    0.211292    0.755016   0.0370245  0.000340773
1850    0.206816    0.753626   0.0573235  -5.16176e-06
1860    0.211396    0.755048   -0.496011  4.88073e-05
1870     0.20584    0.753322   0.0372362  0.00031173
1880    0.205161    0.753112   -0.121151  0.00024782
1890    0.200884    0.751783   0.0962848  0.00014106
1900     0.20234    0.752235    -0.18097  -6.14442e-05
1910    0.202112    0.752165   -0.772804  8.41446e-05
1920    0.200657    0.751713    0.135092  0.000287955
1930    0.196353    0.750376  -0.0423236  0.000307796
1940    0.194501      0.7498    0.293441  0.00013917
1950     0.19357    0.749511   -0.950412  -0.000192229
1960    0.198346    0.750995   -0.240886  -1.08138e-05
1970    0.193786    0.749578     0.17411  0.000282486
1980    0.192696     0.74924    0.371826  1.23486e-05
1990    0.193539    0.749502    0.292034  0.00023739
2000    0.187948    0.747765   0.0560138  0.00041232
2010    0.185293     0.74694   0.0757158  0.00023077
2020    0.183333    0.746331      1.1218  3.68431e-05
2030    0.184556    0.746711     1.53562  0.000224236
2040    0.178848    0.744938    0.450769  0.000107306
2050     0.18241    0.746045    0.292073  8.46826e-05
2060    0.177154    0.744412    0.529616  0.000127359
2070    0.179863    0.745254   0.0156847  -4.01825e-05
2080    0.177958    0.744662  -0.0632197  0.000320173
2090    0.173459    0.743265    0.825282  0.000195155
2100    0.174055     0.74345    0.213034  0.00010557
2110    0.171348    0.742609   -0.240231  0.000196162
2120    0.170132    0.742231    0.331516  0.00014153
2130    0.168517    0.741729    0.824569  7.48195e-05
2140    0.168635    0.741766    0.173263  -0.000221243
2150    0.172942    0.743104    0.487996  -0.000189878
2160    0.172433    0.742946    0.428562  0.000272757
2170    0.167487    0.741409    0.271215  0.000344639
2180     0.16554    0.740805     0.76477  -2.75269e-05
2190    0.168037     0.74158    0.468081  1.23002e-05
2200    0.165294    0.740728    0.803788  6.77764e-05
2210    0.166682    0.741159  -0.0454258  -1.1494e-05
2220    0.165524      0.7408    0.586159  0.000235759
2230    0.161967    0.739695    0.369185  0.000268228
2240    0.160159    0.739133    0.547025  0.000136963
2250    0.159227    0.738844     1.15794  0.000113389
2260    0.157891    0.738429     1.02001  9.75966e-05
2270    0.157275    0.738238  -0.0455031  0.000109878
2280    0.155694    0.737746   0.0332287  8.19191e-05
2290    0.155637    0.737729     1.09845  0.000271605
2300    0.150262    0.736059    0.211338  0.00027196
2310    0.150198    0.736039   -0.104705  -0.000118743
2320    0.152637    0.736797    0.112076  8.33489e-05
2330    0.148531    0.735521    0.466848  0.000184322
2340     0.14895    0.735652    0.801726  3.10197e-05
2350    0.147911    0.735329    0.111535  0.000112267
2360    0.146705    0.734954   -0.677281  -5.40242e-06
2370    0.148019    0.735362   -0.283547  0.000173835
2380    0.143228    0.733874     0.42702  0.000243301
2390    0.143153    0.733851    0.407068  7.40737e-06
2400     0.14308    0.733828    0.150112  8.09409e-05
2410    0.141534    0.733348    0.821332  0.000269379
2420    0.137692    0.732155   -0.125506  0.000265867
2430    0.136216    0.731696   -0.421866  2.05323e-05
2440    0.137282    0.732027   -0.994267  -8.18901e-05
2450    0.137854    0.732205   -0.836093  9.88439e-05
2460    0.135305    0.731413    0.544713  0.000127666
2470    0.135301    0.731412  -0.0869492  -6.15306e-05
2480    0.136536    0.731796  -0.0871803  0.000128347
2490    0.132734    0.730615    -1.11329  0.000206947
2500    0.132397     0.73051   -0.264865  -0.000115269
2510    0.135039    0.731331   -0.166856  0.000324193
2520    0.125913    0.728496   -0.205239  0.000232871
2530    0.130382    0.729884   -0.482591  -2.74979e-05
2540    0.126463    0.728667    0.129446  0.00017588
2550    0.126864    0.728792    0.366026  -2.67699e-06
2560    0.126516    0.728683   -0.541524  -3.61338e-05
2570    0.127587    0.729016    0.385477  -3.18736e-05
2580    0.127154    0.728881    0.464267  0.000219103
2590    0.123205    0.727655    0.208139  0.000282265
2600    0.121508    0.727128     0.70127  0.000144687
2610    0.120311    0.726756   -0.877154  5.68673e-05
2620    0.120371    0.726775     0.40518  -5.657e-05
2630    0.121443    0.727107   -0.324935  6.97147e-05
2640    0.118977    0.726342   -0.522631  0.000145714
2650    0.118528    0.726202   -0.641325  0.000116776
2660    0.116641    0.725616    0.404833  6.89849e-06
2670     0.11839    0.726159   -0.425007  -1.38171e-06
2680    0.116669    0.725625     1.03549  9.17535e-05
2690    0.116555    0.725589    -0.05007  0.000274809
2700    0.111173    0.723917   -0.384851  0.000194368
2710    0.112668    0.724382    0.108491  7.61338e-05
2720     0.10965    0.723445    -0.40463  4.61791e-05
2730    0.111744    0.724095   -0.503795  -9.43635e-05
2740    0.111537    0.724031   -0.503969  0.000149014
2750    0.108764    0.723169   -0.957485  0.000286381
2760     0.10581    0.722252   -0.898242  0.000325757
2770    0.102249    0.721146    -1.19428  9.89396e-05
2780    0.103831    0.721637   -0.287477  0.000172732
2790   0.0987943    0.720073   -0.641325  4.75906e-06
2800    0.103736    0.721607    0.126614  -3.33991e-05
2810   0.0994622     0.72028   -0.859745  0.000259545
2820   0.0985448    0.719995   -0.386276  -2.92156e-05
2830    0.100047    0.720462   -0.840119  -7.67667e-05
2840     0.10008    0.720472  -0.0316191  0.000109379
2850    0.097859    0.719782   0.0669866  0.000226808
2860    0.095544    0.719063     0.81665  0.000127436
2870   0.0953103     0.71899  -0.0519579  0.000141012
2880   0.0927237    0.718187    0.303798  0.000128165
2890    0.092747    0.718194    0.343125  9.80955e-05
2900   0.0907618    0.717578    0.244383  0.000373816
2910   0.0852706    0.715872   -0.208977  0.000164347
2920   0.0874749    0.716557   0.0663898  -0.000137366
2930   0.0880179    0.716725     0.75683  -0.000124625
2940   0.0899674    0.717331     1.24929  3.78605e-05
2950   0.0872607     0.71649    0.125303  0.000240279
2960   0.0851618    0.715838    0.282863  0.000236623
2970   0.0825283     0.71502    0.914235  0.000153312
2980   0.0820956    0.714886    0.776359  -0.000102739
2990   0.0845831    0.715658    0.479517  -0.000142653
3000   0.0849486    0.715772     1.34732  0.000282735
3010   0.0789284    0.713902    0.499624  0.000216369
3020   0.0806212    0.714428     2.13684  0.000146481
3030   0.0759987    0.712992     1.78207  0.000231068
3040   0.0759999    0.712992    0.242572  6.68939e-05
3050   0.0746609    0.712576     1.54474  0.000129595
3060    0.073408    0.712187     1.36727  -7.59609e-05
3070   0.0761801    0.713048     1.50518   9.894e-05
3080   0.0714292    0.711573     2.17594  0.000291706
3090    0.070346    0.711236     2.84734  -8.37632e-06
3100   0.0715967    0.711625     1.66253  9.84408e-06
3110   0.0701491    0.711175     1.22833  0.000280193
3120   0.0659929    0.709884     1.91929  5.94962e-05
3130   0.0689592    0.710805     2.39193  1.41039e-06
3140   0.0659647    0.709875     2.74761  0.000345138
3150   0.0620564    0.708661     3.04368  0.000296138
3160   0.0600419    0.708036     2.47194  0.000292656
3170   0.0562033    0.706843     3.02473  -0.000197736
3180   0.0639966    0.709264     2.21444  -0.000129221
3190   0.0587877    0.707646     2.88603  0.00041681
3200   0.0556604    0.706675     3.02435  0.000148698
3210   0.0558137    0.706722      2.1754  2.12425e-05
3220   0.0552356    0.706543     2.47111  -1.07363e-05
3230   0.0560285    0.706789     2.13559  2.59919e-05
3240   0.0547157    0.706381      2.3719  -6.29425e-06
3250   0.0561543    0.706828     2.25394  -4.2888e-05
3260   0.0555735    0.706648      1.9377  4.89615e-05
3270   0.0551751    0.706524     2.62805  7.68626e-05
3280   0.0540362     0.70617     2.84543  0.000271173
3290   0.0497517    0.704839     2.62897  0.000114368
3300   0.0517489     0.70546     1.54314  -0.000223219
3310    0.054216    0.706226     2.07523  6.86016e-05
3320   0.0503768    0.705033     2.33173  0.000547297
3330   0.0432701    0.702826     2.39178  0.000325172
3340   0.0438734    0.703013     2.76639  -0.00027029
3350   0.0486759    0.704505     2.25265  2.81507e-05
3360   0.0433104    0.702838     2.82522  0.000195875
3370   0.0447584    0.703288     2.48969  0.000192305
3380   0.0394643    0.701644     2.41104  0.000351941
3390   0.0377196    0.701102     2.11495  7.60375e-05
3400   0.0379435    0.701171     1.85814  2.9302e-05
3410   0.0371336     0.70092     2.62743  0.000232018
3420   0.0333032     0.69973     2.25261  0.000312795
3430   0.0308777    0.698977     2.35137  0.000200384
3440   0.0292955    0.698485     2.25288  0.000267287
3450   0.0255319    0.697316     2.96378  3.07892e-05
3460   0.0286797    0.698294     3.57414  4.57376e-05
3470   0.0246172    0.697032     1.99635  0.00016899
3480   0.0252999    0.697244     2.96227  -1.60326e-05
3490   0.0249378    0.697132     3.33725  0.000203397
3500    0.021232    0.695981     3.73214  2.21828e-05
3510   0.0244942    0.696994     2.48865  -5.85944e-05
3520   0.0224039    0.696345      2.7453  0.000233294
3530   0.0198283    0.695545     3.96858  0.000147527
3540   0.0194533    0.695428     2.64625  -3.94436e-05
3550   0.0206171     0.69579     2.64584  -5.86808e-05
3560   0.0206269    0.695793     2.44869  0.00022084
3570   0.0162004    0.694418     1.95558  0.000182509
3580   0.0169768    0.694659     2.48796  7.22093e-05
3590   0.0147562    0.693969     2.78457  -5.38451e-05
3600   0.0180537    0.694993     2.36926  7.2689e-05
3610   0.0133024    0.693518      2.7836  0.000198686
3620   0.0140799    0.693759     2.31004  0.000258134
3630  0.00813971    0.691914     2.72515  0.000175544
3640   0.0105691    0.692669     2.64527  -4.79636e-05
3650  0.00909898    0.692212     3.17795  0.000113034
3660  0.00830838    0.691966     2.74437  0.000201651
3670  0.00506597    0.690959     2.62564  0.000280586
3680  0.00269667    0.690223     3.33609  8.98634e-05
3690   0.0032687    0.690401     3.45471  -0.000150828
3700  0.00571322     0.69116     2.90112  8.05566e-05
3710  0.00165757    0.689901     3.05957  0.00023836
3720  0.000946031     0.68968     2.82282  0.000199818
3730  -0.00233879    0.688659     2.50691  5.64836e-05
3740  -0.000183641    0.689329     2.74337  5.2214e-05
3750  -0.00338307    0.688335     3.15779  0.000186194
3760  -0.00390751    0.688172     2.80223  8.73784e-05
3770  -0.00513064    0.687792     2.90128  0.000192325
3780   -0.007754    0.686977     3.33513  0.000372646
3790  -0.0125836    0.685477     2.25041  6.85441e-05
3800  -0.00912488    0.686551     2.80223  4.43944e-05
3810  -0.0134714    0.685201     2.62485  0.000365038
3820  -0.0164256    0.684284      2.2695  0.00012001
3830  -0.0158716    0.684456     2.86118  -0.000292166
3840  -0.0105823    0.686099     1.77575  0.000166198
3850  -0.0191956    0.683423     2.32868  0.000231298
3860  -0.0152083    0.684662      2.1899  8.63518e-05
3870  -0.0209226    0.682887     1.77623  0.000207474
3880  -0.0193578    0.683373     1.81508  -7.55195e-05
3890  -0.0194123    0.683356     2.18973  -6.57328e-05
3900  -0.0180431    0.683781     2.70289  0.000163349
3910  -0.0226792    0.682341     2.52551  0.000316364
3920  -0.0243704    0.681816     2.88028  7.75439e-05
3930  -0.0242301    0.681859     2.78173  4.7292e-05
3940  -0.0253162    0.681522      3.4919  0.000303584
3950  -0.0303018    0.679973     1.95319  7.8369e-05
3960  -0.0268836    0.681035     2.42621  -0.000244711
3970  -0.0254076    0.681494     2.26817  -7.05781e-05
3980   -0.025472    0.681474     2.87955  7.36581e-05
3990  -0.0268807    0.681036     2.30786  0.000244385
4000  -0.0303597    0.679955     2.64243  0.000348477
4010  -0.0338503    0.678871      2.2486  0.000142231
4020  -0.0332044    0.679072     1.91307  -0.000189398
4030  -0.0300623    0.680048     2.46498  4.42889e-05
4040  -0.0340901    0.678797     1.47895  0.000116834
4050   -0.032399    0.679322     2.58302  0.000284827
4060  -0.0397867    0.677027     2.38644  0.00038959
4070  -0.0401908    0.676902     1.71562  -0.000132406
4080  -0.0371385     0.67785     2.40541  -0.000227067
4090  -0.0356495    0.678312     2.54313  0.000329317
4100  -0.0437249    0.675804     1.36058  0.000155884
4110  -0.0387671    0.677344     1.97085  -8.15466e-07
4120  -0.0437086    0.675809     2.14913  0.000357688
4130  -0.0459209    0.675122     1.30059  -0.000180734
4140  -0.0400939    0.676932     2.18772  -0.00025492
4150  -0.0408225    0.676706      2.1286  0.000301339
4160  -0.0461207     0.67506     1.91209  0.000371159
4170  -0.0482457      0.6744     2.28654  8.49221e-05
4180  -0.0478191    0.674532     2.28681  1.06595e-05
4190  -0.0484589    0.674334     2.10901  -0.000160489
4200  -0.0446093    0.675529     1.59572  0.000214306
4210   -0.052745    0.673002     3.07603  0.000230108
4220  -0.0492115      0.6741     2.32533  -6.90622e-05
4230  -0.0513637    0.673431     2.48366  -0.000231336
4240  -0.0445847    0.675537     2.54198  -6.41786e-05
4250  -0.0500802     0.67383     2.42372  0.00022627
4260  -0.0491102    0.674131     2.81813  0.000335918
4270  -0.0567985    0.671743     2.54255  4.35499e-05
4280  -0.0499812    0.673861     2.73871  2.86592e-05
4290  -0.0573717    0.671565     3.05518  0.000392056
4300  -0.0578223    0.671425     2.77881  0.000110607
4310  -0.0595839    0.670878     3.07453  0.000269273
4320  -0.0632077    0.669752     2.28525  0.000160653
4330  -0.0627969     0.66988     2.54174  2.4572e-05
4340  -0.0636992      0.6696      2.3839  -4.68506e-05
4350  -0.0618599    0.670171     1.81115  0.000140216
4360  -0.0665035    0.668729     2.99507  0.000454229
4370  -0.0709445    0.667349     2.42334  3.26186e-06
4380  -0.0665687    0.668708     2.79774  1.50349e-05
4390  -0.0712452    0.667256     2.65982  0.000418672
4400  -0.0749422    0.666108     2.66015  2.63277e-05
4410  -0.0717717    0.667092      2.5408  -0.00010082
4420  -0.0729258    0.666734     2.89636  8.77716e-05
4430  -0.0735272    0.666547     3.44848  0.000116038
4440  -0.0752465    0.666013     2.34393  2.69033e-05
4450  -0.0740652     0.66638     2.56002  6.08396e-05
4460  -0.0764633    0.665635     2.50118  0.000133682
4470  -0.0767389    0.665549     1.83004  0.000134334
4480    -0.07915    0.664801     2.71814  0.000106472
4490  -0.0788683    0.664888     2.79701  0.000146616
4500  -0.0820823     0.66389      2.3236  0.000327628
4510  -0.0854209    0.662853     2.54043  -9.00459e-05
4520  -0.0802814    0.664449     1.79025  -1.02181e-05
4530  -0.0852165    0.662916     3.03322  0.000375102
4540  -0.0877835    0.662119     2.00755  4.65915e-05
4550  -0.0861483    0.662627     2.24404  0.000149811
4560  -0.0907797    0.661188     1.98743  0.000361133
4570   -0.093371    0.660383     2.08611  -3.79086e-05
4580  -0.0900215    0.661424     1.33583  2.55696e-05
4590  -0.0938824    0.660224     2.12563  0.000202994
4600  -0.0940814    0.660163     1.75027  0.000267402
4610  -0.0992304    0.658563     3.32885  0.000371744
4620   -0.101516    0.657853     2.73721  -0.00019267
4630   -0.095377     0.65976     2.77574  5.04773e-05
4640   -0.102526     0.65754     2.50076  0.00031031
4650   -0.101583    0.657832     2.75666  0.000114656
4660   -0.104819    0.656827     1.86894  0.00022533
4670    -0.10609    0.656433     2.40148  9.2243e-05
4680   -0.106664    0.656254     2.06593  6.92926e-05
4690   -0.107476    0.656002     2.61847  6.95899e-05
4700   -0.108056    0.655822     2.16428  0.000245719
4710    -0.11239    0.654476     2.73688  1.72317e-05
4720     -0.1084    0.655715     2.93365  -9.96403e-05
4730   -0.110397    0.655095     3.56518  0.000200106
4740   -0.112402    0.654472      3.2296  0.000124058
4750   -0.112878    0.654324     3.38772  -4.69465e-05
4760   -0.111463    0.654764     3.46601  -0.000147729
4770   -0.109924    0.655242     3.95872  -8.29361e-05
4780   -0.109805    0.655279     3.86026  0.000196422
4790   -0.113852    0.654022     3.05138  9.53227e-05
4800   -0.111711    0.654687     3.30807  -0.000118868
4810   -0.111475     0.65476     2.83479  -0.00012546
4820   -0.109202    0.655466     2.69609  -0.000149763
4830    -0.10848     0.65569     3.14937  0.000138038
4840   -0.111963    0.654608     2.59704  -5.4536e-05
4850   -0.107389    0.656029      3.0109  1.84406e-05
4860   -0.112332    0.654494     2.81418  0.000380322
4870   -0.114995    0.653666     2.91318  -0.000145013
4880   -0.109431    0.655395      2.7936  -0.000363234
4890   -0.107731    0.655923     3.56325  3.02326e-05
4900   -0.110036    0.655207     3.16851  0.000249298
4910   -0.112717    0.654374     3.70147  0.000128175
4920   -0.112599    0.654411     3.48436  -7.90313e-05
4930   -0.111136    0.654865     3.10946  0.00012308
4940   -0.115061    0.653646     3.62234  0.00034416
4950   -0.118019    0.652727      3.4256  0.00017941
4960   -0.118649    0.652532     3.80029  -0.000115692
4970   -0.115705    0.653446     3.60265  -7.86472e-05
4980   -0.117076     0.65302     3.54362  -4.22165e-05
4990   -0.114861    0.653708     3.87883  -5.78575e-06
