Time   C(t)   
ps   
0           1           1  -6.43382e-11   0.0189157
10    0.810665    0.985377   0.0588063    0.010226
20    0.795479    0.984204   -0.166703  0.00153639
30    0.779937    0.983004   -0.141576  0.00142816
40    0.766916    0.981998     -0.1164  0.00111224
50    0.757692    0.981286  -0.0662672  0.000907111
60    0.748774    0.980597  -0.0660467  0.00100485
70    0.737595    0.979734    0.109821  0.000623029
80    0.736313    0.979635    0.109576  0.000464475
90    0.728306    0.979016    0.184933  0.000529417
100    0.725725    0.978817    0.260267  0.000226083
110    0.723784    0.978667    0.184786  0.000178197
120    0.722161    0.978542    0.234796  0.000307271
130    0.717639    0.978192   0.0592228  0.000146785
140    0.719225    0.978315   0.0843502  0.000244179
150    0.712755    0.977815    0.159757  0.000389269
160     0.71144    0.977714   0.0843502  0.000228903
170    0.708177    0.977462    0.159732  0.000180936
180    0.707821    0.977434    0.209963  0.000278291
190    0.702611    0.977032  -0.0411399  0.000586221
200    0.696097    0.976529   -0.191341  0.000684577
210     0.68892    0.975974   0.0595413  0.000296658
220    0.690164     0.97607  0.00926204  5.48065e-06
230     0.68881    0.975966    0.134531  0.000135288
240    0.687458    0.975861   0.0590758   0.0004774
250    0.679262    0.975228   0.0845706  0.000298858
260    0.681481      0.9754    0.284855  -7.51674e-05
270    0.680765    0.975344  -0.0663897  0.00012047
280    0.679071    0.975214   0.0339974  0.000480142
290    0.671163    0.974603      0.1096  0.000268143
300    0.673709    0.974799  0.00872291  0.000138336
310    0.668396    0.974389   -0.141625  0.000367662
320    0.666355    0.974231  -0.0413849  0.000516105
330    0.658074    0.973592   -0.141429  0.000385603
340    0.658643    0.973636   -0.217056  0.000238857
350    0.653297    0.973223  -0.0414094  0.000436577
360    0.649912    0.972961    0.159389  0.000140998
370    0.650477    0.973005   0.0338013  -7.10189e-06
380    0.650054    0.972972   0.0337524  0.000306654
390    0.644344    0.972531    0.384997  7.59006e-05
400    0.648536    0.972855    0.535468  0.000126103
410    0.641822    0.972337    0.410149  0.000539684
420    0.637742    0.972022    0.335134  0.000358516
430    0.634651    0.971783    0.485703  2.74748e-05
440    0.637193    0.971979    0.309737  0.000343466
450    0.627782    0.971252    0.310154  0.000293842
460    0.631316    0.971525    0.159242  0.000411418
470    0.619554    0.970617  -0.0410174  0.000727949
480    0.616757    0.970401   0.0340953  0.000246611
490    0.614621    0.970236  -0.0161595   0.0001136
500    0.614485    0.970225  -0.0164045  0.000381204
510    0.606997    0.969647    0.234625  0.00061574
520     0.60217    0.969274    0.259776  0.000365961
530    0.599678    0.969082    0.335061  0.000199342
540    0.598183    0.968966    0.284732  9.93252e-05
550    0.597692    0.968928    0.435276  0.000216821
560    0.593847    0.968631    0.259728  0.000503063
570     0.58763    0.968151    0.109453  0.000150532
580    0.590836    0.968399    0.259776  -3.44217e-05
590    0.588319    0.968204     0.20962  0.000201696
600    0.586802    0.968087    0.109306  5.04732e-05
610    0.587309    0.968126    0.259507  0.000101253
620    0.584777    0.967931    0.335012  0.000202814
630    0.583253    0.967813    0.359894  0.000440511
640    0.575967     0.96725    0.310031  0.000440976
650    0.574433    0.967132    0.335036  8.49366e-07
660     0.57595    0.967249    0.259458  0.000324211
670    0.567949    0.966631    0.435399  0.00078367
680    0.560277    0.966039    0.234845  0.000274163
690    0.562466    0.966208    0.184419  -0.000167969
700    0.563636    0.966298    0.259605  5.3677e-05
710    0.561392    0.966125    0.334914  0.000309816
720     0.55744     0.96582    0.209522  0.000276169
730    0.555869    0.965698     0.36009  -9.99033e-05
740    0.559438    0.965974    0.359698  0.000157204
750    0.552725    0.965455    0.410075  0.000723591
760    0.544966    0.964856    0.335061  0.000570589
770    0.541313    0.964574    0.360213  0.000262395
780    0.539718    0.964451    0.159316  0.000159636
790     0.53812    0.964327    0.234502  0.000142655
800    0.536865     0.96423    0.284512  0.000246614
810    0.533188    0.963947    0.259605  0.000333434
820    0.530196    0.963715    0.309762  0.000334203
830    0.526504     0.96343    0.360066  0.000248387
840    0.525228    0.963332    0.284757  -1.1307e-05
850     0.52673    0.963448    0.384899  0.000249311
860    0.520242    0.962947     0.28483  0.000249737
870    0.521735    0.963062    0.259433  4.16368e-05
880    0.519409    0.962882    0.309688  0.000320238
890    0.515331    0.962567    0.259703  0.000181514
900    0.515779    0.962602    0.159071  0.000112173
910    0.513087    0.962394   0.0337034  0.000391817
920    0.507943    0.961997    0.109208  0.000322589
930    0.506635    0.961896    0.108988  0.000498547
940    0.497972    0.961227     0.18459  0.00049932
950    0.496649    0.961124    0.234649  0.00014995
960    0.494973    0.960995    0.159218  0.000167701
970    0.493295    0.960865    0.134041  -6.05047e-05
980    0.496183    0.961088    0.208983  0.000186068
990    0.489574    0.960578    0.410002  0.000432681
1000    0.487529     0.96042   0.0836641  0.000151688
1010     0.48654    0.960344    0.359747  0.000293264
1020    0.481664    0.959967    0.410051  0.000169861
1030    0.483143    0.960081    0.434982  0.000312442
1040    0.475415    0.959485    0.334914  0.000578539
1050    0.471572    0.959188    0.334914  2.99051e-05
1060    0.474817    0.959438    0.234159  0.000119236
1070    0.469187    0.959004    0.284389  0.000367892
1080    0.467459     0.95887    0.284512  0.000475666
1090    0.459674    0.958269    0.234698  8.42735e-05
1100    0.465774     0.95874     0.30937  -3.97071e-05
1110    0.460468     0.95833    0.183978  0.000495617
1120    0.455861    0.957974    0.284512  0.000371674
1130    0.453035    0.957756     0.20913  0.000229324
1140    0.451275     0.95762    0.309443  0.000176035
1150    0.449514    0.957484    0.234061  0.000122668
1160    0.448822    0.957431     0.35938  0.000320584
1170    0.443102    0.956989    0.384703  0.000231101
1180      0.4442    0.957074    0.334375  3.4073e-05
1190    0.442421    0.956936    0.284169  -2.02209e-05
1200    0.444604    0.957105    0.484723  8.82104e-05
1210    0.440657      0.9568    0.409438  0.000684309
1220    0.430918    0.956048   0.0587082  0.000341846
1230     0.43382    0.956272    0.334497  -1.88693e-05
1240    0.431295    0.956077     0.23384  0.000416009
1250    0.425499    0.955629    0.309321  0.000217131
1260    0.426953    0.955742    0.284046  -1.82897e-05
1270    0.425865    0.955658    0.334252  0.000181746
1280    0.423318    0.955461    0.384384  0.000182286
1290     0.42222    0.955376    0.459718  0.000346668
1300    0.416384    0.954925    0.484943  0.000511436
1310    0.411991    0.954586    0.484845  0.000384909
1320    0.408686    0.954331    0.585355  0.000257455
1330    0.406842    0.954188    0.434517  0.000258265
1340    0.403521    0.953932    0.384384  0.000203934
1350    0.402763    0.953873    0.233841  7.58231e-05
1360    0.402004    0.953815    0.509727  -7.08461e-05
1370     0.40418    0.953983    0.308757  0.000223421
1380    0.397536     0.95347     0.55986  0.000610296
1390    0.391974     0.95304    0.534904  0.000445955
1400    0.388617    0.952781     0.61009  0.000133127
1410    0.389311    0.952834    0.660247  0.000300287
1420    0.382611    0.952317    0.810938  0.000115338
1430    0.387005    0.952656    0.735237  0.000171483
1440    0.379182    0.952052    0.785884  0.000431097
1450    0.378383     0.95199    0.710404  -6.87629e-05
1460    0.380557    0.952158    0.835624   7.976e-05
1470    0.376788    0.951867    0.835747  0.000470726
1480    0.371142    0.951431    0.610188  -8.7592e-05
1490    0.378539    0.952002    0.659855  6.28978e-06
1500    0.371016    0.951421    0.635046  0.000491487
1510     0.36871    0.951243    0.710257  0.000361796
1520    0.363781    0.950863    0.710355  8.15734e-05
1530    0.367078    0.951117    0.860629  0.000100943
1540    0.361762    0.950707    0.659953  0.000682572
1550    0.353427    0.950063    0.735507  0.000289559
1560     0.35597    0.950259     0.91081  -1.01864e-05
1570    0.353631    0.950079    0.760267  0.000290564
1580    0.350159    0.949811    0.885805  0.000517687
1590    0.343277    0.949279    0.886002  0.000330192
1600    0.343555    0.949301    0.885879  -6.58303e-05
1610    0.344593    0.949381    0.785271  -9.3773e-06
1620    0.343743    0.949315     0.81035  0.000502369
1630    0.334546    0.948605    0.785688  0.000256567
1640    0.338612    0.948919     0.73509  -6.51747e-05
1650    0.335849    0.948705    0.760364  0.000409721
1660    0.330417    0.948286    0.760536  0.000201079
1670    0.331828    0.948395    0.659855  0.000240244
1680    0.325612    0.947915    0.735384  0.000431252
1690    0.323203    0.947729    0.710306  0.000336829
1700    0.318876    0.947394    0.810668  0.00026112
1710     0.31798    0.947325    0.911006  0.000146903
1720    0.315938    0.947168    0.735286  -6.36682e-05
1730    0.319254    0.947424    0.835428  7.07299e-05
1740    0.314523    0.947058    0.835747  0.000205013
1750    0.315154    0.947107    0.835379  9.06035e-05
1760    0.312711    0.946918     0.65983  -0.000121549
1770    0.317585    0.947295    0.759825  0.000225928
1780    0.308192    0.946569    0.785296  0.000669953
1790    0.304185     0.94626    0.810374  0.000188461
1800    0.304423    0.946278    0.785149  0.000130887
1810    0.301568    0.946058    0.709865  0.000131042
1820    0.301802    0.946076    0.960698  0.000558977
1830    0.290388    0.945194    0.810619  0.000559477
1840    0.290613    0.945212    0.835722  -0.000119814
1850    0.292784    0.945379    0.785222  0.000191857
1860    0.286776    0.944915    0.885757  0.000191818
1870    0.288948    0.945083    0.860384  7.55534e-05
1880    0.285265    0.944799    0.885462  0.000290678
1890    0.283135    0.944634    0.960747  3.70443e-05
1900    0.284524    0.944741     1.16152  -2.16067e-06
1910    0.283178    0.944637     1.16132  0.000252862
1920    0.279466    0.944351    0.935644  0.000332081
1930    0.276536    0.944124     1.03603  0.000510047
1940    0.269266    0.943563     1.03623  0.000294499
1950    0.270646    0.943669    0.935693  -7.9374e-05
1960    0.270853    0.943685    0.910467  0.00019695
1970    0.266707    0.943365    0.960747  0.000276594
1980    0.265321    0.943258     1.06104   1.968e-05
1990    0.266314    0.943335    0.960428  5.95406e-05
2000     0.26413    0.943166     1.06094  0.000139068
2010    0.263532     0.94312     1.11095  0.000238855
2020    0.259353    0.942797     1.03583  0.000298974
2030    0.257553    0.942658     0.93557  0.000120354
2040    0.256946    0.942611      1.1612  4.09812e-05
2050    0.256733    0.942595    0.985629  0.00014123
2060    0.254122    0.942393    0.835085  0.000201194
2070    0.252709    0.942284    0.759948  2.16082e-05
2080    0.253689     0.94236    0.784708  0.000342809
2090    0.245853    0.941755    0.860286  0.000443215
2100    0.244825    0.941675    0.734796  0.000103144
2110     0.24379    0.941595    0.809909  2.29977e-05
2120    0.244365     0.94164     1.01046  0.00032533
2130    0.237284    0.941093     0.86009  0.000628357
2140    0.231798    0.940669    0.759923  0.000266484
2150    0.231954    0.940681    0.784855  0.000105497
2160    0.229688    0.940506    0.885291  0.000206867
2170    0.227817    0.940362    0.859992  0.000288749
2180    0.223913     0.94006    0.910541  0.000126952
2190    0.225277    0.940166    0.809933  -9.61602e-05
2200    0.225836    0.940209    0.859992  0.000168241
2210    0.221913    0.939906    0.759678  0.00027042
2220    0.220428    0.939791    0.759678  0.000168935
2230    0.218534    0.939645    0.634139  0.000148909
2240     0.21745    0.939561    0.659169  0.000579273
2250    0.206949     0.93875    0.634409  0.000416203
2260    0.209126    0.938918    0.583934  -1.2695e-05
2270    0.207202     0.93877     0.60911  0.000336327
2280    0.202399    0.938399    0.684468  0.000357435
2290    0.200054    0.938217    0.659365  0.000276054
2300    0.196878    0.937972    0.734772  4.98161e-05
2310    0.199057     0.93814    0.659095  0.000298203
2320    0.190914    0.937512     0.65961  0.000443098
2330    0.190195    0.937456    0.408556  5.12436e-05
2340    0.189889    0.937432    0.584032  0.000176036
2350    0.186675    0.937184    0.559051  -0.000135364
2360    0.192596    0.937641    0.533556  5.18225e-05
2370    0.185638    0.937104    0.508723  0.000217903
2380    0.188238    0.937305    0.433095  0.000219215
2390    0.181254    0.936765    0.483497  0.000406904
2400      0.1801    0.936676    0.458174  0.000324635
2410    0.174761    0.936264    0.558635  0.000430056
2420    0.171499    0.936012    0.508502  7.49372e-05
2430    0.173263    0.936148    0.608644  0.000285276
2440    0.165794    0.935571    0.508674  0.000516684
2450    0.162929     0.93535    0.533605  0.000286897
2460    0.160056    0.935128    0.558757  5.60284e-05
2470    0.161808    0.935264    0.533532  0.000267294
2480     0.15471    0.934715    0.508698  0.00043623
2490    0.153084     0.93459    0.533728  -0.000175688
2500    0.158223    0.934987     0.38289  -0.000217825
2510     0.15744    0.934926    0.357689  0.000184409
2520    0.154535    0.934702    0.407846  0.000311824
2530    0.151204    0.934445    0.307606  0.000312635
2540    0.148283    0.934219    0.407944  0.000185952
2550    0.147485    0.934157    0.407944  3.7121e-05
2560     0.14754    0.934162    0.583615  1.57051e-05
2570    0.147171    0.934133    0.458027  0.000272696
2580    0.142086     0.93374     0.48335  0.00018765
2590    0.143418    0.933843     0.48313  3.80859e-05
2600    0.141325    0.933682    0.558414  0.000317226
2610    0.137073    0.933353    0.458198  0.000318037
2620    0.134964     0.93319    0.533458  0.000318808
2630    0.130697    0.932861    0.483252  3.93972e-05
2640    0.134176    0.933129    0.483081  -6.77593e-05
2650    0.132052    0.932965    0.382816  0.000212501
2660    0.129926    0.932801    0.483203  0.000126528
2670    0.129521     0.93277    0.307606  0.000148754
2680    0.126951    0.932571    0.408042  0.000344083
2690     0.12264    0.932238    0.508502  -0.000328648
2700    0.133524    0.933079    0.307238  8.50465e-05
2710    0.120939    0.932107    0.458248  0.000737327
2720    0.118777     0.93194    0.408164  0.000107311
2730    0.118793    0.931941    0.533409  -0.000110668
2740    0.120991    0.932111      0.4581  -0.000176576
2750    0.122324    0.932214    0.458076  -0.000264787
2760    0.126286     0.93252    0.482934  -6.77209e-05
2770    0.123679    0.932319    0.457953  0.000173219
2780    0.122822    0.932253    0.482983  -4.63046e-05
2790    0.124605     0.93239    0.483032  -0.000178312
2800    0.126388    0.932528    0.608326  1.96796e-05
2810    0.124211     0.93236    0.508061  0.000262432
2820     0.12114    0.932123    0.483154  0.000307502
2830    0.118061    0.931885    0.408017  -6.82995e-05
2840    0.122506    0.932228    0.432777  -1.31167e-06
2850    0.118087    0.931887    0.407895  8.68216e-05
2860    0.120769    0.932094    0.432703  6.54053e-05
2870    0.116779    0.931786    0.432826  0.000287861
2880    0.115012    0.931649    0.407625  0.000132471
2890     0.11413    0.931581    0.583223  8.84421e-05
2900    0.113243    0.931513     0.60835  -4.53789e-05
2910    0.115037    0.931651    0.507767  -0.000180087
2920    0.116845    0.931791    0.658213   0.0001109
2930    0.112819     0.93148    0.608105  0.000313213
2940     0.11058    0.931307    0.633331  0.00031441
2950    0.106531    0.930994    0.633429  -4.24683e-07
2960    0.110589    0.931308    0.683463  -0.000157861
2970    0.109688    0.931238    0.733718  0.000158015
2980    0.107429    0.931064    0.583223  0.000248773
2990    0.104713    0.930854    0.583248  0.000249235
3000    0.102444    0.930679    0.658703  0.000136638
3010     0.10198    0.930643    0.583297  -4.47225e-05
3020    0.103338    0.930748    0.558095  0.000114489
3030   0.0996904    0.930466    0.507963  0.000114682
3040    0.101045    0.930571     0.53287  -8.98696e-05
3050    0.101488    0.930605    0.507669  0.000298203
3060   0.0950807     0.93011    0.482787  0.000298242
3070   0.0955229    0.930144     0.48264  -0.000112906
3080   0.0973389    0.930284    0.457463  0.000185412
3090   0.0918147    0.929858    0.407576  -2.13776e-05
3100   0.0977664    0.930317    0.432214  0.000186647
3110   0.0880818    0.929569    0.432581  0.000716142
3120   0.0834436    0.929211    0.357419  0.000164382
3130   0.0847941    0.929316    0.332071  -0.000158169
3140    0.086607    0.929456    0.607983  0.000350836
3150   0.0777774    0.928774    0.432532  0.00037395
3160    0.079128    0.928878    0.382155  0.000306268
3170    0.071652      0.9283    0.307262  0.000423033
3180   0.0706673    0.928224    0.332316  -0.000180975
3190   0.0752715     0.92858    0.331998  -0.000134631
3200   0.0733599    0.928432    0.582978  0.000331967
3210   0.0686322    0.928067    0.507865  0.000285971
3220   0.0676405    0.927991     0.45761  0.000193245
3230   0.0647673    0.927769    0.357297  0.000146747
3240   0.0647056    0.927764    0.407331  -6.43637e-05
3250   0.0660546    0.927868    0.357027  3.0021e-05
3260   0.0641051    0.927718    0.532552  0.000336327
3270    0.059328    0.927349    0.608007  0.000313252
3280   0.0578401    0.927234    0.432189  0.00040918
3290   0.0511444    0.926717    0.507669  0.000267835
3300   0.0524834     0.92682    0.557606  3.22977e-05
3310   0.0504985    0.926667    0.632914  0.000174569
3320    0.048992     0.92655    0.657968  0.000388922
3330     0.04272    0.926066    0.532723  0.000294653
3340    0.043099    0.926095    0.557532  0.000391546
3350   0.0348891    0.925461    0.482542  0.000320275
3360   0.0366935    0.925601    0.432164  0.00013058
3370   0.0322775    0.925259    0.482444  0.000538023
3380    0.025933    0.924769    0.432434  0.000251358
3390   0.0272504    0.924871    0.407184  0.000204706
3400   0.0218389    0.924453    0.407356  6.04664e-05
3410    0.026041    0.924778    0.432213  1.30425e-05
3420    0.021578    0.924433    0.432336  0.000567658
3430   0.0146879    0.923901    0.557998  8.57024e-05
3440    0.019864    0.924301    0.507449  -0.000131004
3450    0.017308    0.924103    0.582831  0.00040154
3460   0.0118332     0.92368    0.582978  0.000135364
3470   0.0146007    0.923894    0.582855  -9.60822e-06
3480   0.0120254    0.923695    0.457316  0.000379777
3490  0.00700514    0.923308    0.582831  0.000234302
3500  0.00733931    0.923333    0.482346  0.000211111
3510  0.00278292    0.922982    0.457365  0.000309316
3520  0.00115299    0.922856    0.557679  -8.33486e-06
3530  0.00294962    0.922994     0.45712  0.000188383
3540  -0.00261468    0.922565    0.507522  0.000188422
3550  -0.000818823    0.922703    0.482248  0.000214198
3560  -0.00689864    0.922234    0.432361  9.09503e-05
3570  -0.00263783    0.922563    0.406964  -0.000229209
3580  -0.00231447    0.922588    0.356758  0.000116341
3590  -0.00496465    0.922383    0.407135  0.000289868
3600  -0.00811183     0.92214    0.557679  -3.21047e-05
3610  -0.00432255    0.922433    0.507228  1.8329e-05
3620  -0.00847841    0.922112     0.48237  1.75958e-05
3630  -0.00467447    0.922406    0.532233  9.30727e-05
3640  -0.0103399    0.921968    0.607689  0.000417399
3650  -0.0130225    0.921761    0.432115  -3.13715e-05
3660  -0.00971243    0.922016    0.507056  0.000244644
3670  -0.0179153    0.921383    0.582708  0.000319812
3680  -0.0161087    0.921522    0.532454  -8.05704e-05
3690  -0.0163039    0.921507    0.582561  -0.000106269
3700  -0.0139833    0.921687    0.607615  -0.000106347
3710   -0.014177    0.921672    0.557385  0.000170903
3720  -0.0174013    0.921423    0.432042  0.00032313
3730  -0.0206396    0.921172    0.532576  4.53016e-05
3740  -0.0183074    0.921353     0.58261  0.000274202
3750  -0.0261236    0.920749    0.457439  -0.000132277
3760  -0.0156618    0.921557    0.632596  -0.000360251
3770  -0.0189186    0.921305    0.707855  0.00052992
3780  -0.0262602    0.920738      0.5074  0.000556699
3790  -0.0300526    0.920446    0.557728  -5.50255e-05
3800  -0.0251597    0.920823     0.53238  -0.000234032
3810  -0.0253719    0.920807    0.532405  -0.00018383
3820  -0.0214831    0.921107    0.507155  9.88608e-05
3830  -0.0273492    0.920654    0.432189  0.000149912
3840  -0.0244813    0.920876    0.507277  -0.000210069
3850  -0.0231478    0.920979    0.482101  -3.02139e-05
3860  -0.0238771    0.920922    0.456949  0.000202506
3870  -0.0271979    0.920666    0.482223  -0.000108199
3880  -0.0217131     0.92109    0.431723  -0.00015979
3890  -0.0240021    0.920913    0.481978  -5.66462e-05
3900  -0.0205802    0.921177    0.507081  -3.04068e-05
3910   -0.023394     0.92096    0.582463  2.09529e-05
3920  -0.0209992    0.921145    0.506959  0.000126296
3930  -0.0259199    0.920765    0.582463  0.000335478
3940  -0.0277088    0.920627     0.68285  4.82342e-05
3950  -0.0268846     0.92069    0.557287  2.24578e-05
3960  -0.0281579    0.920592    0.557336  -0.000109048
3970  -0.0247036    0.920859    0.456949  -5.65304e-05
3980  -0.0270273    0.920679    0.607517  0.00010106
3990  -0.0267248    0.920703    0.758061  -0.000162414
4000  -0.0237791     0.92093    0.557189  -5.69549e-05
4010  -0.0255857     0.92079    0.506959  0.000313754
4020  -0.0300541    0.920445    0.632596  0.000102102
4030  -0.0276278    0.920633    0.532135  -0.000243062
4040  -0.0251929    0.920821    0.531988  4.95462e-05
4050  -0.0286187    0.920556     0.48188  0.000396408
4060  -0.0331211    0.920209    0.557385  0.000290331
4070  -0.0344253    0.920108    0.482076  -0.00016388
4080  -0.0298434    0.920462    0.582218  0.000158362
4090  -0.0375926    0.919863    0.507302  -3.3957e-06
4100  -0.0297755    0.920467    0.456704  -0.00029855
4110  -0.0316215    0.920324    0.306258  5.03179e-05
4120  -0.0307819    0.920389    0.456826  -0.000219369
4130  -0.0272342    0.920663    0.431576  -3.4729e-06
4140  -0.0307124    0.920395    0.456777  0.000348444
4150   -0.034203    0.920125    0.406621  0.000105343
4160  -0.0328193    0.920232    0.356194  0.000160485
4170  -0.0374127    0.919877    0.456728  0.000323825
4180  -0.0392958    0.919732    0.356415  0.000352534
4190  -0.0444634    0.919333    0.306282  2.54676e-05
4200  -0.0398051    0.919692    0.381371  0.000190737
4210  -0.0482782    0.919038     0.38164  0.000107813
4220  -0.0419614    0.919526    0.406424  -5.53343e-05
4230  -0.0471715    0.919123    0.381444  -1.50483e-06
4240  -0.0419313    0.919528    0.406277  0.000247576
4250   -0.052123    0.918741    0.331312   0.0002196
4260  -0.0463233    0.919189    0.381199  -0.00022126
4270  -0.0476978    0.919083    0.280787  8.24226e-05
4280  -0.0479718    0.919062    0.305841  0.00011063
4290  -0.0499104    0.918912     0.30589  0.000305573
4300  -0.0540832     0.91859    0.431503  0.000222803
4310  -0.0543665    0.918568    0.331042  -0.000111093
4320  -0.0518614    0.918761     0.33092  0.000112559
4330  -0.0566177    0.918394    0.431405  0.000252323
4340  -0.0569078    0.918371    0.531669  0.000253827
4350  -0.0616942    0.918002     0.43138  0.000254329
4360  -0.0619944    0.917979    0.531767  -0.000110784
4370  -0.0594785    0.918173    0.431184  0.000143159
4380  -0.0648576    0.917757    0.456312  0.000453903
4390  -0.0685566    0.917472    0.556821  5.91159e-05
4400  -0.0660399    0.917666    0.656964  0.000116843
4410  -0.0708934    0.917291    0.531669  0.00034389
4420  -0.0729177    0.917135    0.456385  8.9021e-05
4430  -0.0726738    0.917154    0.506518  0.000175071
4440  -0.0764191    0.916864    0.531743  3.23746e-05
4450  -0.0733213    0.917104    0.456238  3.33007e-05
4460  -0.0770851    0.916813    0.506567  0.000147558
4470  -0.0762725    0.916876    0.431209  0.000119852
4480  -0.0794822    0.916628    0.531669  0.000292569
4490  -0.0821239    0.916424    0.531767  0.000322474
4500  -0.0859317     0.91613    0.581998  -0.000225582
4510  -0.0776122    0.916772    0.606733  -0.000225234
4520   -0.081427    0.916478     0.48139  0.00032398
4530  -0.0840918    0.916272    0.506493  -5.25948e-05
4540  -0.0803751    0.916559    0.456189  6.17392e-06
4550  -0.0842153    0.916262    0.431135  0.000297238
4560  -0.0863199      0.9161    0.431184  0.000181553
4570  -0.0878464    0.915982    0.406106  0.000474779
4580  -0.0958154    0.915366    0.481537  0.00029994
4590  -0.0938452    0.915519    0.355998  -5.0395e-05
4600  -0.0948075    0.915444     0.40613  -5.08968e-05
4610  -0.0928272    0.915597    0.431135  8.10325e-06
4620  -0.0949696    0.915432    0.481366  7.94902e-06
4630  -0.0929862    0.915585    0.606684  -2.11846e-05
4640  -0.0945459    0.915464     0.58163  0.000304415
4650  -0.0990745    0.915115    0.682091  0.000245724
4660  -0.0994604    0.915085     0.63186  8.95225e-06
4670  -0.0992536    0.915101    0.556503  6.89555e-05
4680    -0.10084    0.914978     0.60666  6.89942e-05
4690   -0.100633    0.914994    0.656743  0.000308583
4700   -0.107011    0.914502    0.732199  0.000579042
4710   -0.112214      0.9141    0.631959  0.000341189
4720   -0.113835    0.913975    0.732223  0.000252554
4730   -0.117265     0.91371    0.732297  0.000192821
4740   -0.117691    0.913677    0.606782  0.000405437
4750   -0.125374    0.913083    0.631983  0.000345897
4760   -0.124609    0.913143    0.606758  -0.000228437
4770   -0.120805    0.913436    0.581434  4.46066e-05
4780   -0.125501    0.913074    0.656767  0.000318037
4790   -0.127166    0.912945    0.556356  0.000441401
4800   -0.134329    0.912392    0.631714  0.000198146
4810   -0.131129    0.912639    0.556258  4.67293e-05
4820   -0.135264     0.91232    0.581557  0.000444911
4830   -0.140027    0.911952    0.506346  0.000477557
4840   -0.144815    0.911582    0.581679  0.000109858
4850   -0.142224    0.911782    0.631787  -0.000197799
4860   -0.140859    0.911888     0.63164  1.78277e-05
4870   -0.142581    0.911755    0.681748  0.000203471
4880   -0.144929    0.911573    0.656645  0.000359518
4890   -0.149771    0.911199     0.63164  0.000391661
4900   -0.152762    0.910968    0.606464  0.000331002
4910   -0.156391    0.910688    0.606562  0.000113794
4920   -0.155038    0.910792    0.681723  0.000302409
4930    -0.16244    0.910221    0.757179  0.000710239
4940   -0.169243    0.909695    0.757302  0.000304801
4950   -0.168536     0.90975    0.631616  0.000212461
4960   -0.173492    0.909367    0.681871  0.000464901
4970   -0.177834    0.909032    0.631714  0.000593126
4980   -0.185354    0.908451    0.606733  0.000405437
4990   -0.185942    0.908406    0.656939  0.000217748
