Time   Number   
ps   
0           9          11
10           9          11
20           8          14
30          10          12
40           9          13
50          11          11
60           9          11
70          10          10
80           9          11
90          10          12
100          11          11
110           9          11
120           9          11
130           8          12
140          10          10
150           9           9
160           9          11
170          10          12
180          10          12
190           8          16
200           9          11
210           9          11
220          11          11
230          11          11
240          10          12
250          10          10
260           9          11
270          11          11
280           9          11
290          11          11
300          11          11
310          11          11
320          10          10
330          11          11
340          10          10
350          10          10
360          11          11
370          10          12
380          10          10
390           9           9
400          10          12
410           9          13
420          11          11
430           9          11
440          11          11
450          10          12
460           6          14
470          11          11
480          10          10
490          10          12
500          11          11
510          10          10
520          10          12
530          10          10
540           9          11
550          11          11
560          12          12
570          10          12
580          11          11
590           9          11
600          10          10
610           9           9
620          11          11
630           9          13
640          10          10
650          10          12
660           9           9
670          10          12
680          11          11
690          10          12
700          10          10
710           9          11
720           9          11
730          11          11
740          10          12
750           9          11
760          10          10
770          10          12
780          10          10
790           9          11
800          11          11
810          10          10
820           9          11
830           9          11
840          10          10
850           8          12
860          10          10
870           9          11
880          10          10
890          10          10
900          10          10
910           9           9
920          10          10
930           9           9
940          11          11
950          10          12
960           9          11
970          10          12
980           9          15
990          11          11
1000          11          11
1010          11          13
1020          10          12
1030           9          11
1040           9          13
1050          11          11
1060          10          10
1070          11          11
1080           9          11
1090           9           9
1100          10          12
1110          11          11
1120          11          11
1130          10          14
1140           9          11
1150          10          12
1160           9          15
1170          11          13
1180          11          11
1190          10          12
1200           9          13
1210           9          15
1220           9          13
1230           9          11
1240          11          13
1250          12          14
1260          11          17
1270          11          13
1280          12          12
1290          10          12
1300          10          14
1310          11          13
1320          12          12
1330          12          14
1340           8          12
1350          12          12
1360           9          13
1370          11          11
1380          11          11
1390           9          13
1400          11          13
1410          11          13
1420          10          14
1430          10          12
1440          11          11
1450          11          11
1460          11          15
1470          11          11
1480          11          11
1490          10          14
1500          12          14
1510          12          14
1520          11          13
1530          11          11
1540          11          13
1550          11          15
1560          11          11
1570          10          14
1580          11          13
1590          11          11
1600           9          15
1610          11          11
1620          10          12
1630          11          13
1640          10          12
1650          10          14
1660          11          13
1670          13          13
1680          12          14
1690          10          14
1700          10          14
1710          11          13
1720          11          15
1730          11          13
1740          11          11
1750          11          11
1760          11          11
1770          11          11
1780          10          12
1790          12          12
1800          10          12
1810          11          13
1820          10          12
1830          12          14
1840          11          13
1850           9          13
1860          11          11
1870           8          12
1880          11          13
1890          11          13
1900          11          13
1910          12          12
1920           8          10
1930          11          15
1940          10          10
1950          10          12
1960          10          10
1970           9          13
1980          11          11
1990           9           9
2000          11          11
2010          10          12
2020          10          12
2030          11          11
2040          11          13
2050          10          14
2060          10          14
2070          10          12
2080          10          10
2090          11          13
2100          11          11
2110          10          12
2120          10          12
2130           8          14
2140           9          11
2150           9          11
2160          10          10
2170          10          12
2180          11          11
2190          10          12
2200          11          13
2210           8          14
2220          11          13
2230          12          12
2240          11          13
2250          10          12
2260          11          11
2270          11          11
2280          11          13
2290          11          11
2300          11          15
2310          13          13
2320          12          14
2330          12          12
2340          11          13
2350          12          14
2360          13          13
2370          11          11
2380          12          16
2390          10          14
2400          13          13
2410          12          12
2420          12          14
2430          10          10
2440          13          13
2450           9          11
2460          12          14
2470          12          12
2480          12          14
2490          13          13
2500          11          13
2510          12          12
2520          12          14
2530          11          17
2540          10          14
2550          11          15
2560          13          13
2570          12          14
2580          11          13
2590          11          13
2600          10          14
2610           9          15
2620          12          12
2630          12          12
2640          13          13
2650          11          15
2660          12          16
2670          13          13
2680          12          12
2690          11          13
2700          10          14
2710          13          13
2720          11          11
2730          11          13
2740          11          13
2750          12          12
2760          12          16
2770          11          15
2780          12          12
2790          12          12
2800          13          13
2810          10          14
2820          12          16
2830          12          12
2840          11          13
2850          11          13
2860          11          11
2870          11          15
2880          13          15
2890          12          12
2900          13          15
2910          11          13
2920          13          13
2930          11          11
2940          12          14
2950          11          13
2960          11          13
2970          12          14
2980           9          11
2990          12          12
3000          13          15
3010          12          12
3020          12          14
3030          12          14
3040          12          14
3050          12          12
3060          12          12
3070          11          13
3080          14          14
3090          11          13
3100          13          17
3110          12          14
3120          12          14
3130          13          17
3140          10          16
3150          14          14
3160          12          14
3170          14          14
3180          10          14
3190          10          14
3200          13          15
3210          10          18
3220          13          13
3230          11          13
3240          13          13
3250          11          11
3260          11          13
3270          12          14
3280          11          13
3290          14          16
3300          13          13
3310          13          13
3320          13          15
3330          13          15
3340          13          13
3350          12          14
3360          12          14
3370          12          14
3380          12          16
3390          11          15
3400          14          14
3410          13          13
3420          12          12
3430          13          13
3440          13          13
3450          12          12
3460          13          13
3470          13          13
3480          12          16
3490          11          15
3500          13          15
3510          13          13
3520          13          15
3530          12          16
3540          14          14
3550          13          13
3560          13          13
3570          12          14
3580          13          13
3590          14          14
3600          12          12
3610          11          15
3620          13          13
3630          12          16
3640          12          12
3650          12          14
3660          12          12
3670          10          12
3680          12          12
3690          12          12
3700          12          14
3710          13          13
3720          12          12
3730          13          15
3740          12          12
3750          13          13
3760          12          14
3770          12          14
3780          13          13
3790          14          14
3800          12          16
3810          11          15
3820          13          13
3830          12          14
3840          13          13
3850          11          11
3860          13          13
3870          13          13
3880          12          16
3890          12          14
3900          13          15
3910          12          14
3920          11          13
3930          12          12
3940          13          13
3950          11          15
3960          11          13
3970          11          13
3980          11          13
3990          12          12
4000          13          15
4010          10          14
4020          11          13
4030          10          14
4040          10          12
4050          14          16
4060          11          13
4070          11          11
4080          11          13
4090          12          14
4100          11          17
4110          11          13
4120          12          14
4130          10          14
4140          12          16
4150          10          14
4160          11          13
4170          10          12
4180          11          15
4190          12          18
4200          12          14
4210          13          13
4220          12          12
4230          12          16
4240          13          17
4250          13          13
4260          13          13
4270          12          14
4280          10          18
4290          10          18
4300           8          16
4310          10          16
4320          10          16
4330          13          15
4340          11          13
4350          12          12
4360          12          14
4370          10          14
4380          12          14
4390          13          13
4400          13          17
4410          10          14
4420          12          14
4430          10          14
4440          11          17
4450          10          14
4460          10          14
4470          11          13
4480          12          14
4490          12          16
4500          11          13
4510          11          15
4520           9          13
4530          10          12
4540          10          14
4550          12          14
4560          12          14
4570          11          15
4580          12          14
4590          11          13
4600          10          12
4610           9          13
4620           8          16
4630           9          17
4640          11          13
4650          10          16
4660          11          13
4670          11          13
4680          12          14
4690          12          16
4700          13          15
4710          11          15
4720          13          13
4730          13          15
4740          11          15
4750          12          14
4760          11          13
4770          11          11
4780          11          13
4790          12          12
4800          10          12
4810           8          10
4820          10          12
4830           9           9
4840          10          10
4850           9           9
4860          10          10
4870           9          17
4880          12          12
4890           8          18
4900           9          13
4910           9          13
4920           9          13
4930          10          10
4940          10          10
4950           9          13
4960          10          10
4970          10          12
4980           9          11
4990          11          13
5000          10          12
5010          10          12
5020          10          10
5030          10          12
5040           9          11
5050           9          13
5060           9          13
5070          10          12
5080          11          13
5090           9          11
5100          10          10
5110          10          12
5120           9          13
5130          10          16
5140           8          10
5150          11          11
5160           9          13
5170          10          10
5180           9           9
5190          11          11
5200          11          11
5210          10          14
5220          11          11
5230           9          11
5240          10          12
5250          10          12
5260          10          12
5270          10          14
5280          10          12
5290          11          13
5300          11          13
5310          11          15
5320          10          14
5330          11          11
5340          10          12
5350           9          11
5360          11          11
5370          10          12
5380          10          12
5390          11          11
5400          11          11
5410          11          11
5420          11          11
5430          10          10
5440          11          11
5450          10          12
5460          10          12
5470          10          14
5480           9          11
5490          11          13
5500          10          14
5510          10          10
5520           8          14
5530           9          15
5540          11          11
5550           9          11
5560          11          11
5570          11          11
5580          11          11
5590          11          11
5600          11          11
5610           9          13
5620          11          11
5630          10          12
5640           9          11
5650          11          11
5660          11          13
5670          10          14
5680          10          10
5690          11          11
5700          10          12
5710          10          14
5720          11          11
5730           9          13
5740          12          12
5750           9          11
5760          10          12
5770          10          12
5780           8          16
5790           9          15
5800           9          11
5810          10          12
5820           9           9
5830          10          10
5840          10          12
5850          11          11
5860           9          13
5870          11          11
5880          10          12
5890           9          11
5900           9          13
5910          11          11
5920          11          13
5930          11          13
5940          10          12
5950          11          11
5960          11          11
5970          11          11
5980          11          11
5990           7          17
6000          11          11
6010          10          12
6020          10          10
6030          10          12
6040          10          10
6050          10          12
6060          10          12
6070          10          12
6080          11          11
6090          10          12
6100          10          12
6110          10          10
6120           8          12
6130          10          10
6140          10          10
6150          10          12
6160          10          12
6170           8          12
6180           9          11
6190          10          10
6200          10          12
6210           9          11
6220           8          14
6230           9          11
6240          10          10
6250          10          12
6260          11          11
6270          11          11
6280          10          10
6290          11          11
6300           9          11
6310          10          12
6320          11          11
6330          10          12
6340          10          12
6350          11          13
6360          11          11
6370          10          12
6380           8          12
6390           9          11
6400           9          11
6410          11          11
6420          10          10
6430           9          11
6440          10          12
6450          11          11
6460          11          11
6470          11          13
6480           9          11
6490          10          12
6500          11          11
6510          10          14
6520           9          11
6530           9          11
6540           8          14
6550          10          10
6560          10          10
6570          10          10
6580          11          11
6590           9          11
6600          10          12
6610           9          13
6620          10          12
6630          12          12
6640          12          12
6650          10          12
6660          10          14
6670          11          13
6680          12          12
6690          11          13
6700           9          11
6710          12          14
6720          12          12
6730          11          11
6740          11          13
6750          10          12
6760          12          12
6770          11          13
6780          11          11
6790          11          13
6800          11          13
6810          11          11
6820          11          11
6830          10          12
6840          11          15
6850          11          11
6860          11          13
6870          10          14
6880          10          12
6890          12          12
6900          11          11
6910          11          11
6920           8          16
6930          10          14
6940          11          15
6950          10          12
6960          10          12
6970          11          11
6980          11          15
6990          11          11
7000          11          13
7010          10          12
7020          11          11
7030          11          13
7040           8          14
7050           9          13
7060          10          14
7070           9          13
7080          10          10
7090          10          12
7100          10          10
7110          10          12
7120          11          13
7130          11          13
7140          10          14
7150           8          16
7160           9          11
7170           9          13
7180          10          10
7190          10          12
7200          10          12
7210          10          14
7220          10          10
7230          10          14
7240          11          11
7250          10          10
7260           8          12
7270          10          12
7280          10          12
7290           9          11
7300           9          13
7310          10          10
7320          10          12
7330          10          12
7340          11          13
7350          11          11
7360          10          14
7370          11          11
7380          10          12
7390          11          11
7400          10          12
7410           9          11
7420          10          10
7430           9          11
7440          10          10
7450          10          10
7460           9           9
7470          10          10
7480           8          12
7490           7          13
7500           8          10
7510           9          11
7520           8          10
7530           8           8
7540           8           8
7550          11          11
7560           9          11
7570           9           9
7580           9          11
7590           9           9
7600           8          10
7610           8          14
7620          10          10
7630          11          13
7640          11          13
7650          10          14
7660           8          12
7670          10          14
7680          10          12
7690           9          13
7700          10          12
7710           8           8
7720           9          11
7730          10          14
7740           9          15
7750          11          13
7760          10          12
7770          11          13
7780          10          10
7790          10          12
7800          11          11
7810          11          11
7820          10          12
7830          10          12
7840           8          10
7850          11          11
7860           9          11
7870           9          11
7880           9          11
7890          10          12
7900          10          12
7910           9          13
7920           8          10
7930          10          14
7940          10          12
7950           8          10
7960           9          13
7970           9          13
7980           8          12
7990          10          10
8000          10          10
8010           9          15
8020          10          12
8030          11          11
8040           8          12
8050          11          11
8060           7          11
8070           9          13
8080           7          13
8090          11          11
8100           8          10
8110          10          12
8120           9          11
8130           9          13
8140          10          12
8150          10          12
8160           7           9
8170          10          10
8180           8          10
8190          10          10
8200          10          12
8210          10          12
8220          10          10
8230          11          13
8240          10          12
8250          10          10
8260          10          12
8270          10          14
8280          10          16
8290           8          12
8300          11          11
8310          11          11
8320          10          12
8330          12          14
8340          13          13
8350          11          13
8360          11          13
8370          11          11
8380          11          13
8390          10          14
8400          12          12
8410           8          12
8420          12          14
8430          11          13
8440           9          11
8450          10          12
8460          10          12
8470          10          14
8480          12          12
8490          11          13
8500          11          11
8510           9          15
8520          10          12
8530          11          15
8540           9          13
8550          10          14
8560          11          15
8570          12          16
8580          12          12
8590          11          11
8600          13          13
8610          13          13
8620          11          15
8630          11          11
8640          13          13
8650          10          16
8660          11          15
8670          12          14
8680          12          14
8690          11          15
8700          13          13
8710          12          14
8720          11          15
8730           9          13
8740          11          13
8750          12          12
8760          11          15
8770          11          13
8780          12          14
8790          11          13
8800          11          13
8810          12          14
8820          12          12
8830          11          15
8840          10          14
8850          10          16
8860          10          14
8870          12          14
8880          11          13
8890          11          13
8900          12          14
8910          12          12
8920          13          13
8930          11          13
8940          11          11
8950          11          13
8960          11          15
8970          11          15
8980          10          14
8990          10          16
9000          11          15
9010          12          12
9020          10          12
9030           9          17
9040          12          14
9050          10          14
9060          10          14
9070          11          11
9080          11          13
9090          10          12
9100           7          17
9110          12          12
9120          10          14
9130           8          14
9140          11          13
9150          10          14
9160          12          12
9170          11          11
9180          12          12
9190          12          14
9200          11          13
9210          12          12
9220          11          15
9230          11          13
9240          11          11
9250           9          13
9260          11          13
9270          11          13
9280          11          13
9290          12          14
9300          11          15
9310          11          13
9320          11          13
9330          10          12
9340          12          12
9350          11          13
9360          10          12
9370          10          12
9380           9          11
9390          12          12
9400          12          14
9410          10          14
9420          12          14
9430          11          15
9440          10          14
9450          10          12
9460          12          14
9470          12          14
9480           9          15
9490          12          14
9500          11          13
9510          10          12
9520           9          15
9530          11          13
9540          11          11
9550          11          11
9560          12          14
9570          11          15
9580          13          13
9590          10          14
9600           9          13
9610          12          12
9620          11          13
9630          11          13
9640          11          13
9650          12          12
9660          12          14
9670          10          14
9680          10          12
9690          12          12
9700          13          13
9710          13          15
9720          12          14
9730          12          14
9740          13          13
9750          13          15
9760          11          13
9770          12          14
9780          11          15
9790          10          14
9800          11          11
9810          12          14
9820           9          13
9830           9          17
9840           9          15
9850          11          13
9860          12          12
9870          12          14
9880          11          13
9890          11          15
9900           9          11
9910          11          13
9920          11          15
9930           7          11
9940          10          12
9950          11          13
9960          11          13
9970          11          13
9980          12          14
9990          12          16
10000          10          10
