Time   Number   
ps   
0          10          12
10           6          10
20           8          10
30          10          14
40          10          10
50           8          10
60           7          11
70          10          10
80           8          12
90          11          11
100           9           9
110           7           7
120           9          11
130           8          10
140           8          10
150           9           9
160           9          11
170           8          10
180           9           9
190           8          10
200           7           9
210           8          12
220           5           9
230           7           9
240           9          11
250           8           8
260           8          10
270           5           7
280           5           7
290           8          10
300           7           9
310           8           8
320           8           8
330           8          10
340           7           9
350           6          10
360           9           9
370           8          10
380           7           7
390           7           7
400           8           8
410           8           8
420           7           7
430           8          10
440           9           9
450           6          10
460           8          10
470           8          12
480           7           7
490           9           9
500           9           9
510           8           8
520           7           9
530           8           8
540           8           8
550           6           8
560           7          11
570           8          12
580           9           9
590           9           9
600           8           8
610           8          10
620           8          14
630           9          13
640          10          12
650          11          11
660          10          10
670          10          10
680          11          11
690           7          13
700           8          10
710           9           9
720          12          14
730          11          13
740           7           9
750          11          13
760          11          11
770           8           8
780           8          14
790          10          12
800           8          14
810           8          12
820           9          15
830          12          12
840          10          12
850           9           9
860           6          10
870           9           9
880          10          10
890           8          12
900           8          10
910           9          11
920           8          12
930           9          11
940           7           9
950           9           9
960           5          13
970          11          11
980           7          11
990           7          15
1000           5          13
1010           7           9
1020           6           8
1030           5          13
1040           8           8
1050           7          11
1060           6           8
1070           9          13
1080           8          14
1090           9          13
1100           9          13
1110           8           8
1120          11          11
1130           9          15
1140           8          12
1150           7          11
1160           8          10
1170          11          13
1180          12          12
1190           8          14
1200           9          11
1210           8          14
1220           8          14
1230           8          12
1240           9          17
1250          10          14
1260           9          13
1270          11          11
1280           8          12
1290           9          11
1300           9          11
1310          10          14
1320           7          17
1330           6          18
1340           7          13
1350           9          11
1360           7           9
1370          11          13
1380          11          13
1390           9          15
1400           9          11
1410          11          15
1420          10          10
1430          10          14
1440          10          12
1450          11          13
1460          12          12
1470          10          14
1480          11          11
1490           9          19
1500          13          15
1510          11          13
1520           9          17
1530          10          14
1540          10          14
1550           7           9
1560           8          10
1570           6          12
1580           8          10
1590           8          10
1600          12          14
1610           8          14
1620           9          13
1630           7          11
1640          11          13
1650          10          14
1660           7           9
1670           8          12
1680           8          10
1690           8          14
1700           8          12
1710           7           9
1720           6          12
1730           9          11
1740          11          11
1750           9          11
1760          10          12
1770           8          10
1780           7           9
1790           6          10
1800           9          11
1810          10          10
1820          12          16
1830          10          16
1840          10          12
1850          12          12
1860          11          13
1870          10          12
1880          10          14
1890          10          16
1900          10          14
1910          11          15
1920           9          15
1930           6          12
1940          10          20
1950           7          17
1960           8          10
1970           8          12
1980           9          13
1990          10          14
2000           6          14
2010           7          11
2020           8          10
2030           6           8
2040           9          11
2050           8           8
2060           8          10
2070          10          10
2080          11          11
2090           9          15
2100           8          14
2110           7          15
2120           6           8
2130           3           7
2140           6           8
2150           7           7
2160           7          11
2170          10          10
2180           7           9
2190           8          10
2200           8          10
2210           7          11
2220           7          11
2230           6           6
2240           5           7
2250           6           8
2260           5           7
2270           7           9
2280           8          10
2290          12          12
2300          11          11
2310          12          14
2320          10          12
2330           8          12
2340           9          13
2350          11          11
2360           8          16
2370           8          14
2380           9          11
2390           9           9
2400           8          10
2410           6           8
2420          10          12
2430           7           9
2440           8          10
2450           6           8
2460           9          11
2470           6          14
2480           9           9
2490          11          11
2500           9          11
2510           6          10
2520           4          14
2530           4           8
2540           6           6
2550           6          10
2560           6          12
2570           8          12
2580           8          10
2590           7          11
2600           5          13
2610           5           9
2620           6           8
2630           6           8
2640           7           7
2650           6           6
2660           7           9
2670           9           9
2680           9          11
2690           7          11
2700           8          10
2710           8           8
2720           7           7
2730           8           8
2740           6          10
2750           8           8
2760           9          11
2770          11          11
2780           7          13
2790           8          12
2800           8          12
2810          10          12
2820           8          12
2830          12          14
2840          12          12
2850          10          16
2860          10          10
2870           8          14
2880          10          10
2890          11          11
2900          12          12
2910           8          10
2920           8          10
2930          10          12
2940           6          12
2950           8          16
2960           7           9
2970           8          14
2980           7          11
2990           5          11
3000           8           8
3010           5           9
3020           5           9
3030           6          10
3040           7          11
3050           6          14
3060           8          12
3070           9          11
3080           9          11
3090           6          20
3100           6          16
3110           9          13
3120          10          12
3130           9          17
3140           3          15
3150           7          11
3160           8          12
3170           7          11
3180           8          10
3190           7           9
3200           8          10
3210           6          10
3220           8          12
3230           7           9
3240           6           8
3250           5           9
3260           6          12
3270           6           8
3280           6          12
3290           4           8
3300           7          13
3310           8          12
3320           9          11
3330           7           9
3340           7           9
3350           5          11
3360           8          10
3370           8          12
3380          10          12
3390           8          10
3400           7          13
3410           8          10
3420           7           9
3430           6          10
3440           5           7
3450           9          13
3460           9           9
3470           6          10
3480           9          11
3490           8          12
3500           5          11
3510           9           9
3520           7           9
3530           6           8
3540           7           9
3550           5          13
3560           6           8
3570           8          10
3580           6           8
3590           9           9
3600           6           8
3610           7          11
3620           8           8
3630           7          11
3640           9           9
3650           7           9
3660           7          11
3670           9           9
3680           8          14
3690           9          11
3700           8          10
3710           8          10
3720           8          10
3730           7           7
3740           7           9
3750           6           8
3760           7           7
3770           7           7
3780           8           8
3790           6          10
3800           8          10
3810           7           9
3820           8          10
3830           8          10
3840           6          12
3850           7           9
3860           5          11
3870           7           9
3880           6          12
3890           7           7
3900           7           9
3910           7           7
3920           6           8
3930           8           8
3940           8           8
3950           7           7
3960           6           6
3970           5           9
3980           7          13
3990           6           8
4000           7          11
4010           9          11
4020           8          12
4030           8          12
4040          10          10
4050          11          11
4060           7          13
4070           9          11
4080           8          10
4090           7           9
4100           6          10
4110           6           8
4120           7           9
4130           7           7
4140           8           8
4150           7           7
4160           7           7
4170           6           6
4180           5           5
4190           5           7
4200           5           9
4210           4           8
4220           6           6
4230           7           9
4240           6          12
4250           8          12
4260           5           9
4270           8           8
4280           7           9
4290           8           8
4300           6          10
4310           9          11
4320           8          10
4330           8          10
4340           7           9
4350           5          11
4360           8          10
4370           4          14
4380           5           7
4390           6          10
4400           4           6
4410           4          12
4420           5           7
4430           5          11
4440           6           8
4450           7          11
4460           8           8
4470           6           8
4480           7           9
4490           6           8
4500           6           6
4510           4          10
4520           6           8
4530           5          11
4540           6           8
4550           5          11
4560           7          11
4570           5           7
4580           9          13
4590           7           9
4600           4          10
4610           7           9
4620           8          12
4630           9          11
4640           6           6
4650           5           5
4660           7           9
4670           6          10
4680           6          14
4690           7          11
4700           7          11
4710           5           9
4720           6           8
4730           9           9
4740           9          11
4750           7           9
4760           7           7
4770           8           8
4780           6           8
4790           7           7
4800           6           8
4810           9           9
4820           6           6
4830           8           8
4840           7           7
4850          10          12
4860           6          10
4870           5           9
4880           5           9
4890           4           8
4900           5           9
4910           6           8
4920           6           6
4930           6           6
4940           4           8
4950           5           7
4960           6          10
4970           6          10
4980           5           7
4990           5           9
5000           5           9
5010           6           8
5020           5           5
5030           5          11
5040           5          13
5050           6          10
5060          10          12
5070           9          13
5080           8          10
5090           9           9
5100           8          10
5110          10          10
5120           8           8
5130           7          11
5140           9           9
5150           7          11
5160           6          10
5170           7           7
5180           8          10
5190           7          11
5200           9          11
5210           9           9
5220           8          10
5230           9          11
5240           8          10
5250           7          13
5260           5           7
5270           4          10
5280           8          10
5290           5          13
5300           7           7
5310           5           7
5320           6           8
5330           7           7
5340           9          13
5350          10          12
5360           5          11
5370           9           9
5380           6          10
5390           9          11
5400           7           9
5410           9          11
5420           7           9
5430           6           8
5440           6           8
5450           9          13
5460           7          11
5470           7           7
5480           7           9
5490           7           9
5500           7           9
5510           7          11
5520           4          10
5530           7           7
5540           6           6
5550           9          11
5560           7          17
5570          11          15
5580          10          14
5590           8          12
5600          11          13
5610           9          11
5620           7          17
5630          10          14
5640           8          14
5650           9          15
5660           8          18
5670          10          14
5680           9          15
5690           8          12
5700          10          14
5710           9          13
5720           8           8
5730           8           8
5740           9          15
5750          10          12
5760           9          11
5770           6          16
5780           6          14
5790           9           9
5800          11          13
5810           8          10
5820          11          13
5830           9          17
5840           7          11
5850          10          10
5860          10          10
5870           8          10
5880           6           8
5890          10          10
5900           8          12
5910           7          11
5920           8          12
5930           6          14
5940          10          12
5950          10          12
5960           9           9
5970          10          12
5980           9          13
5990          10          12
6000           8          12
6010           6          12
6020           7          15
6030           6          12
6040           8          10
6050           4           8
6060           6           8
6070           7           9
6080           6          10
6090           8          14
6100           6          10
6110           9          11
6120           7           9
6130           9           9
6140           7          11
6150           9          11
6160           7           9
6170           9          13
6180           8          10
6190           7          15
6200          11          11
6210          11          13
6220          10          14
6230          11          15
6240          10          12
6250          10          18
6260          13          15
6270          11          17
6280          10          14
6290           9          13
6300          11          17
6310          12          14
6320           9          19
6330           8          16
6340           6          12
6350          12          14
6360          10          16
6370           9          15
6380           8          12
6390           8          10
6400          10          12
6410           9           9
6420           7          13
6430           8          16
6440           8          12
6450           8          12
6460           6          12
6470           7          17
6480           8          18
6490           8          16
6500           8          10
6510           9          13
6520           8          10
6530           4          16
6540           8          12
6550           7          13
6560           6          10
6570           6          10
6580           6           8
6590           8          10
6600           9           9
6610           9          11
6620          12          12
6630          10          14
6640           9          13
6650           8          10
6660          10          14
6670           9          15
6680          10          10
6690          11          15
6700          12          12
6710           9          11
6720           6          14
6730           9          13
6740           8          12
6750           4          10
6760           6          14
6770          10          10
6780           7          13
6790          10          10
6800           9           9
6810           6          10
6820           7           7
6830           6          14
6840           9           9
6850           8          10
6860           6          12
6870           8          10
6880           8          16
6890           9          13
6900           8          10
6910           9           9
6920          10          12
6930           8          12
6940           9           9
6950           8          10
6960           7          13
6970           8          10
6980           6           8
6990           8          12
7000           8          10
7010           8           8
7020           6           6
7030           4           6
7040           4           8
7050           6           6
7060           9           9
7070           6           6
7080           5           7
7090           5           7
7100           5          11
7110           4          10
7120           4           4
7130           4          12
7140           7          11
7150           5           7
7160           4          10
7170           5          11
7180           6          12
7190           8          14
7200           5          13
7210           4           8
7220           3           7
7230           7           7
7240           5           7
7250           4           6
7260           5           5
7270           6          10
7280           8           8
7290           7           7
7300           6           8
7310           8          10
7320           6           8
7330           7           9
7340           4          10
7350           7          11
7360           5          11
7370           5           9
7380           7          11
7390           6          10
7400           8          12
7410           6           6
7420           8          12
7430           5           7
7440           3          15
7450           5          15
7460           6          10
7470           6           8
7480           7           9
7490           3          11
7500           6           8
7510           6          10
7520           6           8
7530           4           8
7540           7          11
7550           6           8
7560           7          11
7570           8          12
7580           8          14
7590           8          14
7600           8          14
7610           5          17
7620           6          10
7630           7           9
7640           6          10
7650           7          11
7660           9          13
7670           7           9
7680           7           9
7690           7           7
7700           8          10
7710           6          14
7720           6          12
7730           4           8
7740           5           9
7750           5           9
7760           6          10
7770           4          10
7780           5          11
7790           4           8
7800           6           6
7810           1           7
7820           6           8
7830           5          15
7840           6          12
7850           7          11
7860           5          11
7870           6          12
7880           5          13
7890           6          14
7900           5          15
7910           6           8
7920           3           9
7930           6          10
7940           4           8
7950           4          12
7960           6          10
7970           8           8
7980           4          12
7990           7          11
8000           6           8
8010           6          12
8020           5          15
8030           4          14
8040           4          12
8050           6          14
8060           5          13
8070           7          13
8080           4          14
8090           8          12
8100           9          11
8110           5          17
8120           6          14
8130           7          15
8140           6          12
8150           5           9
8160           6          14
8170           3          11
8180           7          11
8190           4           8
8200           7          13
8210           8          10
8220           6           8
8230           7           7
8240           6           8
8250           6           8
8260           8           8
8270           8           8
8280           7          13
8290           7           9
8300           8          10
8310           9          11
8320           6          10
8330           7          13
8340           7           9
8350           6          10
8360           9          11
8370           5           9
8380           6          12
8390           9          11
8400           7          13
8410           6          12
8420           8          12
8430           7          13
8440           8          12
8450           7          11
8460           8          10
8470           6          14
8480           7          15
8490           6          10
8500           9          13
8510           9          11
8520           8          16
8530           7          15
8540           8          12
8550           9          13
8560           8          14
8570           8          14
8580           7          17
8590          10          16
8600           8          10
8610          10          12
8620           8          18
8630           7          11
8640           6          14
8650           8          16
8660          12          12
8670           8          16
8680           6          16
8690           8          10
8700           6          12
8710           8          14
8720           8          14
8730           8           8
8740           8          10
8750           8          16
8760           9          13
8770           9          13
8780           7          11
8790           8          12
8800           9          15
8810           9          15
8820           8          14
8830           8          12
8840           7          11
8850           8          16
8860          10          18
8870          11          15
8880           5          11
8890           4          14
8900           5           9
8910           7          11
8920           9          11
8930          10          12
8940           6          16
8950           6          14
8960           9          11
8970           9          13
8980           7          17
8990          11          15
9000          10          14
9010           8          16
9020           9          11
9030           8          16
9040           8          12
9050           7          13
9060           7          17
9070           7          15
9080           8          12
9090           8          12
9100           8          14
9110           8          14
9120           8          14
9130           8          14
9140           9          13
9150           7          13
9160           8          14
9170           8          12
9180           9          17
9190           8          12
9200           9          11
9210           7          11
9220           8          12
9230           6          10
9240           7          11
9250           8          12
9260           7          13
9270           6          12
9280           9          11
9290           8          10
9300           7          11
9310           7          13
9320           9          17
9330          11          11
9340          10          14
9350          10          14
9360           8          12
9370          10          12
9380          10          12
9390           8          14
9400           9          11
9410           8          14
9420           9          11
9430           7          13
9440           5           9
9450          11          13
9460          10          14
9470           7           9
9480           9           9
9490          11          11
9500           9          11
9510           9          13
9520          10          12
9530          10          10
9540          10          14
9550           9          13
9560          11          13
9570          10          14
9580           8          14
9590           8          14
9600           7          15
9610          11          15
9620          12          14
9630           7          13
9640           9          15
9650           8          12
9660          10          14
9670          11          15
9680          10          12
9690           8          10
9700           9           9
9710           6          12
9720           7          13
9730          12          14
9740          11          13
9750          12          14
9760          10          14
9770          11          15
9780           9          11
9790          10          12
9800          10          12
9810          10          12
9820          10          12
9830           8          12
9840           7          11
9850           8           8
9860           9          11
9870           9           9
9880           9          13
9890          10          14
9900           9          13
9910          10          12
9920          10          12
9930          14          16
9940          10          16
9950          11          13
9960          11          15
9970          10          14
9980           8          16
9990           9          11
10000           9          11
