Time   C(t)   
ps   
0           1           1  9.64008e-10   0.0308984
10    0.693859    0.840933    0.632005   0.0164607
20    0.670786    0.828945    0.159557  0.00202293
30      0.6534    0.819911     1.07604  0.00156451
40    0.639496    0.812686     1.71791  0.00126763
50    0.628048    0.806738     1.04532   0.0011286
60    0.616924    0.800958    0.877017  0.00105561
70    0.606935    0.795768   -0.559887  0.000972453
80    0.597475    0.790853     1.18298  0.000841126
90    0.590113    0.787027   -0.407472  0.000741377
100    0.582648    0.783149   -0.270093  0.000761813
110    0.574876    0.779111   -0.423225  0.000597596
120    0.570696    0.776939    0.905598  0.000571218
130    0.563452    0.773175     1.33432  0.000675672
140    0.557182    0.769917     1.71573  0.00060432
150    0.551366    0.766895     1.07354  0.000633252
160    0.544517    0.763337     1.42541  0.000622702
170    0.538912    0.760424     1.70018  0.000524586
180    0.534025    0.757885      2.4486  0.00040575
190    0.530797    0.756208     1.97399  0.000547379
200    0.523078    0.752197     1.83698  0.000584811
210      0.5191     0.75013     1.27116  0.000530466
220    0.512468    0.746684   -0.395001  0.000525516
230     0.50859    0.744669      1.6066  0.000383916
240     0.50479    0.742695    0.873032  0.000596926
250    0.496652    0.738466  0.00275362  0.000664276
260    0.491505    0.735792  -0.0125221  0.000376461
270    0.489122    0.734554    0.291966  0.000322735
280     0.48505    0.732438    0.796503  0.000342517
290    0.482272    0.730995   0.0322157  0.000286999
300     0.47931    0.729456      0.8261  0.000472902
310    0.472814     0.72608   -0.274093  0.000458832
320    0.470133    0.724688  -0.0599466  0.000235797
330    0.468098     0.72363     0.10779  0.000307678
340     0.46398     0.72149  -0.0612153  0.00039883
350    0.460122    0.719486   -0.779824  0.000426506
360     0.45545    0.717058   -0.916979  0.000318593
370     0.45375    0.716175   -0.902494  0.000188139
380    0.451687    0.715103      -1.651  0.000342287
390    0.446904    0.712618   -0.673132  0.000377195
400    0.444143    0.711183   -0.811107  0.000270332
410    0.441497    0.709809    -1.23989  0.000353323
420    0.437076    0.707512   -0.795921  0.000347988
430    0.434538    0.706192    -2.52342  0.000222638
440    0.432624    0.705198    -1.45456  0.000328499
450    0.427968    0.702779    -1.42331  0.000342512
460    0.425773    0.701639    -1.80558  0.000299595
470    0.421976    0.699665   -0.720467  0.000304717
480    0.419679    0.698472    -1.65321  0.000183074
490    0.418314    0.697763    -1.36326  0.000135174
500    0.416976    0.697067    -1.82173  0.000186946
510    0.414575     0.69582     0.05735  0.000193262
520     0.41311    0.695059   0.0263506  0.000269581
530    0.409184    0.693019    0.882129  0.000286838
540    0.407374    0.692078    0.759504  0.000202368
550    0.405136    0.690916   -0.157214  0.000225513
560    0.402863    0.689735     0.33142  0.000224492
570    0.400646    0.688583   -0.325711  0.000224969
580    0.398364    0.687397   -0.462985  0.000266667
590    0.395313    0.685812    0.713571  0.000265692
600     0.39305    0.684636    0.224087  0.000194454
610    0.391424    0.683791    0.147319  0.00016122
620    0.389826    0.682961   -0.953321  0.000202845
630    0.387367    0.681683   -0.631797  0.00017872
640    0.386251    0.681104     0.57488  0.000216129
650    0.383044    0.679437  -0.0668275  0.000256377
660    0.381124    0.678439    -1.13771  0.000223041
670    0.378584    0.677119  -0.0668721  0.000107999
680    0.378964    0.677317   0.0850065  0.000150082
690    0.375582     0.67556   -0.205564  0.000323094
700    0.372502    0.673959    -1.07651  0.000254306
710    0.370496    0.672917    -2.57482  0.000143515
720    0.369632    0.672468    -1.99404  0.000182535
730    0.366845     0.67102    -2.54401  0.000170438
740    0.366223    0.670697    -1.45974  9.79722e-05
750    0.364886    0.670002    -1.73503  0.000261287
760    0.360997    0.667982    -1.38399  0.000310013
770    0.358686    0.666781     -1.8727  0.000225116
780    0.356495    0.665642    -1.64348  0.000177184
790    0.355142    0.664939    -1.01677  0.000196381
800    0.352567    0.663602    -2.53008  0.000203109
810     0.35108    0.662829   -0.895681  0.000106485
820    0.350437    0.662495    -1.67447  0.000174063
830    0.347598     0.66102    -1.64389  0.000315547
840    0.344127    0.659216    -2.37701  0.000300513
850    0.341588    0.657897    -1.16999  0.000129852
860     0.34153    0.657867     -1.5986  0.000197929
870     0.33763     0.65584    -2.48415  0.000138357
880    0.338762    0.656429    -1.78191  0.000110494
890     0.33542    0.654692    -2.22507  0.000210015
900    0.334562    0.654246    -2.85155  0.000172658
910    0.331967    0.652898    -1.91934  0.000240935
920    0.329743    0.651743    -3.18793  0.000148115
930    0.329004    0.651359    -3.08104  0.000112025
940    0.327503    0.650578    -4.02931  0.000143921
950    0.326126    0.649863     -3.4027  0.000134751
960    0.324808    0.649178     -3.5408  0.000222571
970    0.321674     0.64755     -3.4946  0.000284986
980    0.319108    0.646217    -3.26577  0.000295225
990     0.31577    0.644482    -3.63133  0.000374149
1000    0.311625    0.642329     -4.1204  0.000224681
1010    0.311276    0.642147    -2.71512  5.90041e-05
1020    0.310445    0.641715    -3.09735  8.32424e-05
1030    0.309611    0.641282    -3.03678  0.000153925
1040    0.307367    0.640116    -3.98447  0.00019103
1050    0.305791    0.639297    -3.12795  0.000169085
1060    0.303985    0.638359    -3.12859  0.000182283
1070    0.302145    0.637403    -3.09765  0.000211604
1080    0.299753     0.63616    -2.68565  0.000234701
1090    0.297451    0.634964     -3.5106  0.00016422
1100    0.296468    0.634453     -3.5563  0.000140366
1110    0.294644    0.633505    -2.89969  0.000103508
1120    0.294398    0.633378    -4.18394  1.15111e-05
1130    0.294414    0.633386    -4.18459  0.000142848
1140    0.291541    0.631893    -2.45761  0.000146337
1150    0.291487    0.631865    -2.90111  0.000133713
1160    0.288867    0.630504    -2.59545   0.0001664
1170    0.288159    0.630136    -2.39663   2.857e-05
1180    0.288296    0.630207    -2.65686  0.00019653
1190    0.284228    0.628094     -2.3359  0.000252207
1200    0.283251    0.627586    -2.32059  0.000107627
1210    0.282076    0.626975    -2.18321  4.56452e-05
1220    0.282339    0.627112    -2.23019  0.00015389
1230    0.278998    0.625376    -3.03966  0.000121237
1240    0.279914    0.625852    -1.80191  0.000128338
1250    0.276431    0.624042    -1.57206  0.000235234
1260    0.275209    0.623407    -2.41326  6.81236e-05
1270    0.275069    0.623334    -1.31341  7.82132e-05
1280    0.273645    0.622595    -2.33775  0.000231574
1290    0.270437    0.620928     -1.3434  0.000137945
1300    0.270886    0.621161     -2.3528  0.000181508
1310    0.266807    0.619042    -1.68008  0.000155187
1320    0.267782    0.619548    -1.72609  7.79375e-05
1330    0.265248    0.618232     -2.3686  0.000190657
1340    0.263969    0.617567     -1.2834   9.491e-05
1350     0.26335    0.617245    -1.61975  0.000118455
1360      0.2616    0.616336    -1.72704  0.000176822
1370    0.259814    0.615408    -1.66585  0.000132294
1380    0.258954    0.614961    -1.42149  6.60077e-05
1390    0.258494    0.614722   -0.978761  5.44444e-05
1400    0.257865    0.614396    -1.11663  0.000276905
1410    0.252955    0.611845    -1.34519  0.000260547
1420    0.252654    0.611688    -1.00909  7.37622e-05
1430     0.25148    0.611078     -1.4834  0.000112537
1440    0.250404    0.610519    -1.07054  0.000169864
1450    0.248083    0.609313    0.274145  0.000171797
1460    0.246968    0.608733   -0.887777    0.000174
1470    0.244603    0.607505   -0.566596  0.000172681
1480    0.243514    0.606939   -0.613125  7.19435e-05
1490    0.243164    0.606757    -1.28586  0.000122831
1500    0.241057    0.605662   -0.796585  0.000212555
1510    0.238913    0.604548   0.0130075  0.000119963
1520    0.238658    0.604416  -0.0943417  0.000139104
1530    0.236131    0.603103   0.0893869  0.000190123
1540    0.234856     0.60244   -0.185938  7.84941e-05
1550    0.234561    0.602287    0.180684  0.000104282
1560     0.23277    0.601356   -0.690236  0.000148665
1570    0.231588    0.600742    -1.02705  0.00018152
1580     0.22914     0.59947    -1.17972  0.000113591
1590    0.229316    0.599562   -0.416165  7.29926e-05
1600     0.22768    0.598712    0.195378  0.000126106
1610    0.226794    0.598251     -1.5011  7.15539e-05
1620    0.226249    0.597968   -0.706915  0.000100984
1630    0.224774    0.597202   -0.263779  7.36475e-05
1640    0.224776    0.597203   0.0414693  0.000170151
1650    0.221371    0.595434    -1.65384  0.000237621
1660    0.220023    0.594733   -0.905814  0.000209023
1670    0.217191    0.593262    -1.04313  0.000140371
1680    0.217216    0.593275   -0.921195  0.000111508
1690     0.21496    0.592103    -1.36417  0.000106387
1700    0.215088    0.592169    -2.44987  8.42646e-05
1710    0.213275    0.591227    -1.85402  0.000209264
1720    0.210903    0.589995     -1.0595  7.25456e-05
1730    0.211824    0.590473     -1.6103  9.20705e-05
1740    0.209061    0.589038    -1.96085  0.000222582
1750    0.207373     0.58816   -0.845427  4.89488e-05
1760    0.208082    0.588529    -2.14536  0.00013124
1770    0.204748    0.586796    -2.05333  0.000216823
1780    0.203746    0.586276    -1.64103  0.000151102
1790    0.201726    0.585226    -1.91593  0.000109416
1800    0.201558    0.585139    -2.08513  0.000164129
1810    0.198443    0.583521     -2.2527  0.000234581
1820    0.196866    0.582701    -1.91647  0.000205357
1830    0.194336    0.581387     -2.8025  0.000149428
1840    0.193878    0.581148    -2.95584  0.000105859
1850    0.192219    0.580287    -2.75745  0.000134315
1860    0.191191    0.579753    -1.74906  0.000143526
1870    0.189348    0.578795    -1.87131  0.000110218
1880    0.188987    0.578607    -2.05522  5.21786e-05
1890    0.188305    0.578253    -1.79522  0.000194115
1900    0.185105     0.57659    -2.10047  0.000123399
1910    0.185837     0.57697    -2.92617  6.53133e-05
1920    0.183798    0.575911    -2.48272  0.000143549
1930    0.182966    0.575479    -2.98722  9.59188e-05
1940     0.18188    0.574915    -3.03309  0.000138983
1950    0.180186    0.574034    -3.04808  0.000103536
1960    0.179809    0.573839    -3.30871  0.000145023
1970    0.177286    0.572527    -2.75815  0.000182839
1980    0.176152    0.571939    -3.79797  0.000118827
1990    0.174909    0.571293    -2.88097  0.000126319
2000    0.173626    0.570626    -3.79863  0.000121266
2010    0.172484    0.570032    -3.85954  0.000170095
2020    0.170224    0.568858    -3.64551  0.000101982
2030    0.170444    0.568973    -3.06537  2.48931e-05
2040    0.169726      0.5686    -3.63101  0.000158599
2050    0.167272    0.567325    -3.41669  0.000108211
2060    0.167562    0.567475     -2.9436  0.000117658
2070    0.164919    0.566102     -3.1732  0.000179426
2080    0.163974    0.565611     -2.8522  5.83552e-05
2090    0.163752    0.565495    -2.94397  0.000207618
2100    0.159821    0.563453    -3.14251  0.000275328
2110    0.158245    0.562634    -2.65365  0.000132158
2120    0.157178     0.56208    -3.41808  0.000156208
2130    0.155121    0.561011    -2.48581  7.06583e-05
2140    0.155765    0.561346    -3.09773  0.000107586
2150    0.152969    0.559893    -4.22861  0.000217609
2160    0.151413    0.559084    -4.48858  0.000133827
2170    0.150293    0.558502    -4.58046  0.000170965
2180    0.147993    0.557308    -3.64786  8.85941e-05
2190    0.148521    0.557582    -3.51093  0.000129508
2200    0.145403    0.555962    -3.54116  0.000199622
2210    0.144529    0.555507    -4.19886  7.65547e-05
2220    0.143872    0.555166     -4.0916  0.000180344
2230    0.140922    0.553633    -4.16797  0.000213972
2240    0.139593    0.552943    -3.64868  0.000207176
2250    0.136778     0.55148    -3.75521  0.000107494
2260    0.137443    0.551826    -3.98503  -2.94939e-05
2270    0.137368    0.551787    -4.45914  0.000102401
2280    0.135395    0.550761    -4.77967  0.000128682
2290    0.134794    0.550449    -4.35216  5.07213e-05
2300     0.13438    0.550234    -4.16849  0.000170381
2310    0.131387    0.548679    -4.01567  0.000165086
2320    0.131079    0.548519    -4.59666  5.51783e-05
2330    0.130283    0.548106      -4.077  -6.53863e-06
2340    0.131209    0.548587    -3.31397  1.98513e-05
2350    0.129886    0.547899    -4.07797  0.000213341
2360    0.126943     0.54637    -4.36824  0.000142241
2370    0.127041    0.546421    -3.17623  0.000165448
2380    0.123634     0.54465    -3.87917  0.000131727
2390    0.124407    0.545052    -4.91844  0.000145499
2400    0.120724    0.543139     -3.8485  0.000315897
2410    0.118089     0.54177    -3.08423  0.000140652
2420    0.117911    0.541677    -4.20067  4.44066e-05
2430    0.117201    0.541308    -3.36033  0.000116643
2440    0.115578    0.540465    -3.55933  0.00018351
2450    0.113531    0.539401    -3.46775  0.000143985
2460    0.112698    0.538969    -3.00936  3.57281e-05
2470    0.112816     0.53903    -3.97275  6.07129e-05
2480    0.111484    0.538338    -3.46792  0.000173587
2490    0.109344    0.537226    -2.81076  0.000164421
2500    0.108195    0.536629    -3.05533  9.01029e-05
2510    0.107542     0.53629    -2.55113  -1.71099e-05
2520    0.108538    0.536807    -2.85734  0.000104093
2530     0.10546    0.535208    -2.73508  0.000252322
2540    0.103491    0.534185    -2.84149  0.000106593
2550    0.103328      0.5341    -3.48384  8.77056e-05
2560    0.101737    0.533273    -2.70463  7.81324e-05
2570    0.101766    0.533288    -2.56694  0.000105549
2580   0.0996261    0.532176    -2.94878  0.000241401
2590   0.0969378     0.53078    -3.17806  0.000179942
2600   0.0960272    0.530307    -2.73494  0.000124151
2610   0.0944548     0.52949    -2.18482  0.000139976
2620   0.0932277    0.528852    -2.33782  3.90548e-05
2630   0.0936737    0.529084    -2.21595  5.8797e-05
2640   0.0920518    0.528241    -2.76608  0.000213187
2650     0.08941    0.526868    -2.07866  0.000211741
2660   0.0878169    0.526041    -2.06303  6.34946e-05
2670   0.0881401    0.526208    -2.36931  -1.26988e-05
2680   0.0880709    0.526173    -3.13349  9.13247e-05
2690   0.0863136    0.525259    -2.93498  0.000168178
2700   0.0847074    0.524425    -2.76667  0.000182477
2710   0.0826641    0.523363    -2.59852  0.000171098
2720   0.0812854    0.522647    -3.24072  0.000209149
2730   0.0784811     0.52119    -2.27761  0.000134458
2740   0.0785962     0.52125    -3.05789  0.000176644
2750   0.0749482    0.519354     -3.1948  0.00020265
2760   0.0745432    0.519144    -3.01155  8.02722e-05
2770   0.0733427     0.51852    -2.85855  4.4613e-05
2780    0.073651     0.51868    -3.71524  8.46826e-05
2790   0.0716491     0.51764    -3.45509  0.000216456
2800   0.0693219    0.516431    -3.37882  0.000143101
2810   0.0687871    0.516153    -3.36333  7.15882e-05
2820   0.0678901    0.515687    -3.36355  8.78088e-05
2830   0.0670309     0.51524    -2.70674  0.000142218
2840   0.0650457    0.514209    -4.23467  7.82471e-05
2850   0.0654659    0.514427    -3.56247  -0.000110465
2860    0.067255    0.515357    -3.76213  -4.01501e-05
2870    0.066269    0.514844    -3.57858  0.00016531
2880   0.0639488    0.513639    -3.15038  0.000181818
2890   0.0626326    0.512955    -4.31209  9.94695e-05
2900   0.0619594    0.512605    -3.68551  9.77833e-05
2910   0.0606769    0.511939    -3.88395  5.94225e-05
2920    0.060771    0.511988    -3.83814  -3.17302e-05
2930   0.0613115    0.512269    -3.56357  5.16506e-05
2940    0.059738    0.511451    -3.30341  0.000208529
2950    0.057141    0.510102    -3.77732  0.000166222
2960   0.0564135    0.509724    -3.28797  2.17386e-05
2970   0.0567062    0.509876    -4.37364  -2.72162e-05
2980   0.0569579    0.510007    -3.88499    6.49e-05
2990   0.0554082    0.509201    -3.74762  9.16231e-05
3000   0.0551254    0.509054    -3.87014  0.000151596
3010   0.0523763    0.507626    -3.45716  0.000147719
3020    0.052171    0.507519    -3.59514  7.82529e-05
3030   0.0508112    0.506813    -3.44213  0.000111406
3040   0.0499429    0.506362    -3.18221  6.83703e-05
3050   0.0494438    0.506102    -3.27391  3.96512e-05
3060   0.0491499     0.50595    -3.09065  8.53367e-05
3070   0.0477371    0.505216    -2.86172  0.000124902
3080   0.0466519    0.504652    -3.48788  0.000117021
3090   0.0453966    0.503999    -3.12117  8.82275e-05
3100   0.0448873    0.503735    -3.01449  0.000126049
3110   0.0428757     0.50269     -3.7325  6.57605e-05
3120   0.0435721    0.503051    -3.24391  -8.64781e-05
3130   0.0446052    0.503588    -3.47364  8.07995e-05
3140   0.0419561    0.502212    -3.74869  0.000149973
3150   0.0416058     0.50203    -3.35158  0.000156799
3160   0.0388201    0.500582    -2.89261  0.000163429
3170   0.0383372    0.500331    -3.36676  1.24924e-05
3180   0.0385703    0.500453     -3.1528  0.000122209
3190    0.035893    0.499061     -4.0696  0.000225937
3200   0.0340515    0.498105    -3.24456  5.74121e-05
3210   0.0347448    0.498465    -3.36705  -4.82321e-05
3220   0.0350162    0.498606    -3.07697  3.43801e-05
3230   0.0340572    0.498108    -3.50481  0.000115134
3240   0.0327135    0.497409    -4.13121  9.62632e-05
3250   0.0321319    0.497107    -3.81048  0.000190373
3260    0.028906    0.495431    -3.47365  0.000120356
3270   0.0297248    0.495857    -4.31455  9.10924e-05
3280   0.0270842    0.494485    -3.35174  0.00015956
3290   0.0265336    0.494198    -3.64219  -9.15425e-06
3300   0.0272673     0.49458     -3.4744  -6.27348e-05
3310   0.0277883     0.49485    -3.78033  5.31504e-05
3320   0.0262043    0.494027    -3.48994  0.000182377
3330   0.0241407    0.492955    -3.56633  0.000165657
3340   0.0228911    0.492306    -3.71929  5.60154e-05
3350   0.0230204    0.492373    -3.27569  9.5205e-05
3360    0.020987    0.491317    -3.68882  0.000203677
3370   0.0189469    0.490256    -3.61233  3.50885e-05
3380   0.0202853    0.490952    -3.97944  0.000115839
3390   0.0166301    0.489053    -3.75018  0.00025287
3400   0.0152279    0.488324     -4.3919  4.24159e-05
3410   0.0157818    0.488612    -3.97989  1.65247e-05
3420   0.0148974    0.488152    -3.65874  2.08266e-05
3430   0.0153652    0.488396    -4.74422  9.32549e-05
3440   0.0130323    0.487183    -3.47513  0.000270929
3450  0.00994667     0.48558    -4.80491  6.96264e-05
3460   0.0116397     0.48646    -4.46903  2.02185e-06
3470  0.00990623    0.485559    -4.40758  0.000111965
3480  0.00940045    0.485296    -4.05622  0.000107967
3490  0.00774689    0.484437    -4.72844  7.50323e-05
3500   0.0078998    0.484517    -4.75929  -5.07127e-05
3510  0.00876114    0.484964    -4.19424  6.81698e-06
3520  0.00776346    0.484446    -4.60709  0.000137673
3530  0.00600769    0.483533    -4.33186  7.5778e-05
3540  0.00624791    0.483658    -4.97384  0.000129597
3550  0.00341576    0.482187    -4.48481  0.000127558
3560  0.00369675    0.482333     -3.8125  6.56515e-05
3570  0.00210273    0.481504    -3.90426  0.000166351
3580  0.000369727    0.480604    -3.21665  -1.01351e-05
3590  0.00230543     0.48161    -3.78244  -3.6792e-05
3600  0.00110557    0.480986    -3.87369  0.000174106
3610  -0.00117669    0.479801    -4.10301  7.99909e-05
3620  -0.00049425    0.480155     -3.3545  -5.92848e-05
3630  9.00514e-06    0.480417    -3.30891  -9.33437e-05
3640  0.00137262    0.481125    -3.61515  3.07953e-05
3650  -0.000606901    0.480097    -3.11036  0.000134853
3660  -0.00132444    0.479724    -3.40097  -5.97351e-05
3670  0.000587801    0.480717    -3.18723  -4.60954e-05
3680  -0.000402536    0.480203     -3.1875  0.000101468
3690  -0.00144157    0.479663    -3.09565  0.000163363
3700  -0.0036698    0.478505    -2.78932  3.92325e-06
3710  -0.00152003    0.479622    -2.89715  -9.44966e-06
3720  -0.0034808    0.478603    -2.69841  0.000127684
3730  -0.00407371    0.478295    -2.91226  0.000109797
3740  -0.00567674    0.477462    -2.75973  -1.17124e-05
3750  -0.00383946    0.478417    -3.15723  1.3892e-05
3760  -0.00595458    0.477318    -2.82098   0.0001565
3770  -0.00696946    0.476791     -2.5763  2.54782e-05
3780  -0.00646414    0.477053    -3.02015  -1.35995e-05
3790  -0.00669747    0.476932    -2.82155  9.97792e-05
3800  -0.00845973    0.476016    -2.56132  0.00015332
3810  -0.00976387    0.475339    -2.08754  5.16791e-06
3820  -0.00856309    0.475963    -2.39387  0.000110141
3830  -0.0119667    0.474194    -1.93493  0.000133422
3840  -0.0112315    0.474576     -1.7211  0.000106114
3850   -0.014089    0.473091    -2.11832  0.000127233
3860  -0.0137762    0.473254    -1.64477  7.87778e-05
3870  -0.0156645    0.472273     -1.0948  0.000116373
3880  -0.0161037    0.472045     -1.5381  0.000163876
3890  -0.0189421     0.47057    -1.43087  0.000150099
3900  -0.0191056    0.470485    -1.23224  3.05056e-05
3910  -0.0195522    0.470253    -1.88972  2.22549e-06
3920  -0.0191502    0.470462    -1.46213  0.00011592
3930  -0.0218706    0.469048   -0.804667  0.000120801
3940  -0.0215662    0.469206    -1.04975  3.11939e-05
3950  -0.0224944    0.468724    -1.24853  5.97494e-05
3960  -0.0227612    0.468585   -0.820764  0.000112432
3970  -0.0247431    0.467556   -0.469134  8.1574e-05
3980  -0.0243926    0.467738   -0.897471  -5.41427e-05
3990  -0.0236602    0.468118    0.156863  3.90892e-05
4000  -0.0251744    0.467332   -0.255989  0.000106155
4010  -0.0257833    0.467015   -0.806025  7.05642e-05
4020  -0.0265857    0.466598   -0.867009  7.31855e-05
4030   -0.027247    0.466255    0.232885  8.78919e-05
4040  -0.0283435    0.465685    -0.30201  0.00012436
4050  -0.0297342    0.464962   -0.026999  4.73889e-05
4060  -0.0292913    0.465192   -0.149341  7.1915e-05
4070  -0.0311725    0.464215   0.0343876  8.90195e-06
4080  -0.0294694      0.4651   -0.439941  1.65076e-05
4090  -0.0315027    0.464043   -0.623491  0.00021586
4100  -0.0337865    0.462857    -1.58608  0.000138539
4110  -0.0342735    0.462604    -1.06637  -2.45146e-05
4120  -0.0332963    0.463112   -0.638722  -2.1988e-05
4130  -0.0338337    0.462832    -1.31159  0.000112622
4140  -0.0355487    0.461941    -1.21946  6.62366e-05
4150  -0.0351584    0.462144    -1.14356  -2.21692e-06
4160  -0.0355043    0.461964   -0.639393  3.71361e-05
4170  -0.0359011    0.461758    -1.29651  3.22953e-05
4180  -0.0361503    0.461629     -2.0761  6.95117e-05
4190  -0.0372914    0.461036    -1.78616  0.000171232
4200  -0.0395749    0.459849      -1.633  0.000104686
4210  -0.0393851    0.459948    -1.28143  4.81689e-05
4220  -0.0405383    0.459349    -1.18986  0.000112966
4230  -0.0416444    0.458774    -1.23508  3.35369e-05
4240   -0.041209       0.459   -0.884151  0.000116215
4250  -0.0439687    0.457566    -1.38796  -2.87963e-05
4260  -0.0406331    0.459299    -1.28185  -0.000108589
4270  -0.0417969    0.458695    -1.00685  5.88603e-05
4280  -0.0418103    0.458688    -1.31255  1.89481e-05
4290  -0.0421759    0.458498    -1.26694  7.44386e-05
4300  -0.0432991    0.457914   -0.762854  9.98711e-05
4310  -0.0441733     0.45746   -0.472194  3.44921e-05
4320  -0.0439889    0.457556   -0.671243  -1.34274e-05
4330  -0.0439048      0.4576    0.123357  5.75555e-05
4340    -0.04514    0.456958   -0.518321  7.03577e-05
4350  -0.0453119    0.456868   -0.655982  9.57567e-06
4360  -0.0453315    0.456858   -0.732735  5.30185e-05
4370  -0.0463723    0.456317    -0.47303  1.99119e-05
4380  -0.0457298    0.456651   -0.702422  7.28723e-06
4390   -0.046518    0.456242    -0.67196  -3.0715e-06
4400  -0.0456683    0.456683    -1.37549  0.000104996
4410   -0.048618    0.455151   -0.687116  0.000195119
4420  -0.0495707    0.454656   -0.519544  7.48029e-05
4430   -0.050114    0.454373   -0.595476  1.05051e-05
4440  -0.0497808    0.454546    -1.32915  4.68753e-05
4450  -0.0510515    0.453886   -0.947254  -2.82545e-05
4460  -0.0492157     0.45484    -1.26873  6.02141e-05
4470  -0.0522558     0.45326    0.351942  2.87304e-05
4480  -0.0497903    0.454541   -0.871233  -0.000158341
4490   -0.049089    0.454906     -0.2906  -2.32613e-05
4500  -0.0493251    0.454783   -0.703228  -1.29828e-05
4510  -0.0488293    0.455041   -0.810309  5.52153e-05
4520  -0.0504294    0.454209   -0.795316  -4.19142e-05
4530   -0.047991    0.455476   -0.902441  -8.90907e-05
4540  -0.0486476    0.455135   -0.734407  0.000126367
4550  -0.0505184    0.454163   -0.826002  -1.84519e-05
4560  -0.0482786    0.455327    -0.64305  7.70886e-05
4570  -0.0520602    0.453362   -0.260541  0.000272893
4580  -0.0537364    0.452491    -0.79542  0.000114839
4590  -0.0543569    0.452169   -0.780294  6.21326e-05
4600  -0.0549791    0.451845    -1.28447  9.96616e-05
4610  -0.0563502    0.451133   -0.122894  1.9883e-05
4620  -0.0553767    0.451639    -1.07064  0.000100433
4630  -0.0583588    0.450089   -0.168602  0.000164774
4640  -0.0586722    0.449927   -0.673183  -8.51788e-07
4650  -0.0583418    0.450098   -0.887419  7.27288e-06
4660  -0.0588177    0.449851   -0.795824   9.885e-05
4670  -0.0603188    0.449071   -0.719265  4.24132e-05
4680  -0.0596659     0.44941   -0.306786  3.47128e-05
4690   -0.061013     0.44871   -0.413792  5.90611e-05
4700  -0.0608472    0.448796  -0.0319399  0.00013268
4710  -0.0636666    0.447331   -0.230183  0.000249853
4720  -0.0658442      0.4462  -0.0773192  5.73888e-05
4730  -0.0648144    0.446735   -0.444433  -6.4972e-05
4740  -0.0645448    0.446875     0.22802  3.0946e-06
4750  -0.0648763    0.446703   -0.230959  5.23962e-05
4760  -0.0655927    0.446331   0.0444251  5.80803e-05
4770  -0.0660379    0.446099   -0.154206  0.000143629
4780  -0.0684653    0.444838   -0.046992  8.88355e-05
4790  -0.0678146    0.445176    0.288585  5.08044e-05
4800  -0.0694814     0.44431    0.640364  3.13889e-05
4810  -0.0684424     0.44485     0.39577  -4.86422e-05
4820  -0.0685085    0.444816    0.365054  -1.56011e-05
4830  -0.0681304    0.445012  -0.00176129  9.29594e-05
4840  -0.0703677     0.44385    0.334428  0.00016558
4850   -0.071442    0.443292   -0.231332  5.17454e-05
4860  -0.0714026    0.443312   -0.170109  -5.71169e-05
4870  -0.0702996    0.443885    -0.84298  4.37465e-05
4880  -0.0722776    0.442857   -0.521708  0.000133572
4890  -0.0729711    0.442497   0.0283278  5.81723e-05
4900   -0.073441    0.442253   -0.277354  -1.77812e-05
4910  -0.0726155    0.442682  -0.0181413  0.000112352
4920   -0.075688    0.441085    0.104618  7.55802e-05
4930  -0.0741271    0.441896    0.486694  2.80738e-05
4940  -0.0762495    0.440794   -0.430396  0.000101767
4950  -0.0761624    0.440839   -0.659759  7.67589e-05
4960  -0.0777847    0.439996   -0.277608  8.8305e-05
4970  -0.0779285    0.439921   -0.476494  2.30003e-05
4980  -0.0782447    0.439757   -0.247429  8.04469e-05
4990  -0.0795374    0.439085    0.318182  0.000137893
