Time   Number   
ps   
0          63          83
10          64          92
20          64          90
30          63          95
40          70          94
50          60          98
60          63          73
70          61          89
80          60          86
90          60          84
100          63          83
110          64          92
120          62          86
130          70          84
140          70          86
150          63          83
160          66          80
170          61          83
180          66          88
190          62          82
200          58          80
210          61          79
220          65          85
230          66          80
240          67          83
250          67          87
260          67          79
270          66          86
280          64          82
290          60          84
300          66          78
310          61          79
320          62          90
330          70          90
340          65          91
350          64          92
360          64          98
370          69          91
380          58          94
390          62          94
400          65          95
410          58          98
420          64          88
430          62          82
440          66          88
450          63          85
460          68          90
470          68          88
480          58          84
490          67          83
500          67          87
510          61          85
520          59          99
530          61          83
540          63          83
550          59          91
560          53          79
570          59          75
580          58          80
590          60          96
600          57          91
610          59          83
620          59          87
630          54          90
640          56          84
650          62          94
660          57          79
670          59          87
680          53         107
690          63          95
700          64          84
710          63          87
720          60          90
730          64          82
740          58          82
750          61          77
760          59          73
770          56          84
780          60          82
790          53          83
800          52          90
810          56          88
820          57          89
830          60          82
840          63          77
850          58          76
860          58          82
870          63          83
880          57          79
890          56          84
900          60          76
910          54          82
920          57          77
930          55          75
940          59          91
950          57          87
960          54          82
970          60          82
980          55          81
990          58          88
1000          51          91
1010          56          90
1020          57          75
1030          62          86
1040          62          88
1050          54          82
1060          57          81
1070          49          75
1080          59          77
1090          56          90
1100          54          74
1110          56          82
1120          55          73
1130          56          78
1140          54          82
1150          49          87
1160          55          67
1170          58          90
1180          61          77
1190          53          91
1200          58          84
1210          60          86
1220          55          85
1230          57          89
1240          54          74
1250          55          89
1260          57          77
1270          56          76
1280          51          83
1290          60          78
1300          58          90
1310          63          79
1320          65          91
1330          59          89
1340          57          83
1350          58          78
1360          60          98
1370          61          87
1380          60          74
1390          63          87
1400          58          88
1410          57          89
1420          62          92
1430          57          81
1440          57          83
1450          54          84
1460          54          78
1470          63          79
1480          60          88
1490          63          85
1500          56          84
1510          59          77
1520          64          82
1530          58          80
1540          56          88
1550          61          99
1560          66          96
1570          59          81
1580          53          71
1590          53          71
1600          56          82
1610          53          89
1620          59          91
1630          55          89
1640          60          76
1650          58          74
1660          51          85
1670          59          83
1680          59          71
1690          55          79
1700          52          76
1710          56          86
1720          56          86
1730          52          88
1740          57          87
1750          58         100
1760          55          87
1770          60          78
1780          60          82
1790          59          85
1800          56          84
1810          57          85
1820          58         102
1830          56          84
1840          57          87
1850          57          87
1860          63          95
1870          60          94
1880          56          84
1890          57          91
1900          57          83
1910          61          93
1920          54          82
1930          55          95
1940          57          93
1950          59          81
1960          65          99
1970          57          97
1980          61          91
1990          52          84
2000          61          93
2010          61         103
2020          61          91
2030          60          96
2040          63          89
2050          64          84
2060          62          88
2070          62          90
2080          59          91
2090          57          87
2100          59          95
2110          53          97
2120          62          82
2130          58          98
2140          59          95
2150          55          83
2160          58          92
2170          60          90
2180          54          82
2190          66          92
2200          62          90
2210          59          89
2220          60          86
2230          55          83
2240          57          81
2250          56          86
2260          55          85
2270          65          83
2280          63          89
2290          60          80
2300          64          84
2310          65          85
2320          62          78
2330          60          92
2340          69          93
2350          67          93
2360          63          95
2370          67          91
2380          68          90
2390          62         100
2400          63         107
2410          62          92
2420          64         102
2430          64          90
2440          62          82
2450          60          78
2460          71          83
2470          62          82
2480          72          94
2490          66          88
2500          65          85
2510          67          85
2520          67          91
2530          60          86
2540          62          86
2550          64          90
2560          62          90
2570          66         106
2580          66          88
2590          63          83
2600          60          82
2610          61          79
2620          64          90
2630          64          86
2640          65          89
2650          64          84
2660          62          98
2670          65         105
2680          67          87
2690          63          89
2700          67         101
2710          69          97
2720          70          92
2730          66          98
2740          62         100
2750          71          93
2760          66          94
2770          64          92
2780          66          94
2790          66          94
2800          68         100
2810          66         104
2820          75         109
2830          67         119
2840          66         110
2850          57          99
2860          61          91
2870          68          94
2880          67          85
2890          69          91
2900          70         106
2910          61          79
2920          64          90
2930          60          82
2940          58          94
2950          59          99
2960          65          89
2970          67          85
2980          60          92
2990          60          90
3000          64          90
3010          56         102
3020          63          95
3030          63          93
3040          60          84
3050          61          95
3060          60          82
3070          56          82
3080          59          85
3090          56          84
3100          52          86
3110          61          95
3120          62          98
3130          60         104
3140          57          99
3150          52          84
3160          56          80
3170          58          94
3180          62          78
3190          58          84
3200          57          85
3210          55          87
3220          58          78
3230          54          66
3240          54          80
3250          54          76
3260          57          87
3270          59          83
3280          57          85
3290          64          86
3300          56          84
3310          55          83
3320          61          79
3330          57          89
3340          60          96
3350          62          96
3360          56          94
3370          62          80
3380          66          92
3390          58          92
3400          64          90
3410          64         100
3420          65          93
3430          64          98
3440          55          83
3450          53          79
3460          63          91
3470          63          95
3480          61          99
3490          63          89
3500          56          88
3510          53          97
3520          57          93
3530          62          86
3540          55          99
3550          62          84
3560          56         102
3570          63          95
3580          63          95
3590          58          96
3600          64         108
3610          58         110
3620          63          99
3630          63          99
3640          58          98
3650          58          94
3660          60          92
3670          60          80
3680          59          81
3690          56          88
3700          64          82
3710          60          98
3720          62          92
3730          61          85
3740          67          91
3750          62         100
3760          58          96
3770          57          97
3780          63          87
3790          58          86
3800          60          92
3810          61          85
3820          61          89
3830          62         104
3840          64          92
3850          64          86
3860          59          79
3870          61          83
3880          64          86
3890          60          84
3900          65          95
3910          64          86
3920          62          82
3930          63          99
3940          67          87
3950          64          86
3960          59          87
3970          60          88
3980          57          89
3990          61          83
4000          65          87
4010          67          89
4020          67          91
4030          59          99
4040          58          86
4050          62          88
4060          53          95
4070          63          97
4080          56          90
4090          59          93
4100          55          83
4110          53          99
4120          61          91
4130          55          91
4140          60          98
4150          60          90
4160          63          91
4170          58         100
4180          54         104
4190          58         102
4200          64         100
4210          62          94
4220          61          97
4230          61          83
4240          59          79
4250          55          83
4260          63          93
4270          60          98
4280          54          90
4290          57          83
4300          51          91
4310          68          88
4320          60          94
4330          65          91
4340          65          81
4350          63          85
4360          67          91
4370          62          90
4380          63          93
4390          60          82
4400          62          86
4410          63          95
4420          61          81
4430          65          87
4440          62          84
4450          61          91
4460          58          94
4470          68          88
4480          64          92
4490          58          90
4500          64          94
4510          59          89
4520          64          86
4530          63          99
4540          60          86
4550          66          92
4560          63          99
4570          61          97
4580          61          97
4590          58          92
4600          58          84
4610          60          90
4620          58          94
4630          55          93
4640          60          86
4650          62          94
4660          63          89
4670          58          98
4680          65          89
4690          61         103
4700          65          91
4710          60          88
4720          66         100
4730          68          98
4740          56          94
4750          63          97
4760          57          87
4770          55          89
4780          62          90
4790          52          94
4800          57          93
4810          57          85
4820          61          89
4830          56          86
4840          63          85
4850          60          82
4860          57         101
4870          61          93
4880          57          95
4890          59          87
4900          51          81
4910          56          84
4920          57          87
4930          57          91
4940          58          88
4950          59          89
4960          50          80
4970          56          86
4980          55          83
4990          57          91
5000          55          85
5010          60          90
5020          60          82
5030          60          92
5040          62         100
5050          57          91
5060          64         102
5070          60          94
5080          62          96
5090          63         115
5100          61         107
5110          63          97
5120          63          97
5130          63         101
5140          63          97
5150          63          93
5160          63          91
5170          56          94
5180          53          83
5190          57          99
5200          65         107
5210          61         101
5220          62         102
5230          67          85
5240          71          93
5250          67          95
5260          64          96
5270          66          94
5280          65          95
5290          63          89
5300          69          95
5310          71          91
5320          65          95
5330          67          93
5340          63          99
5350          70         100
5360          62          94
5370          67          97
5380          63         101
5390          71          95
5400          66          94
5410          70         102
5420          67          97
5430          58          90
5440          59          95
5450          61          91
5460          58          90
5470          60          86
5480          62          88
5490          57          83
5500          60          76
5510          60          86
5520          63          93
5530          59          83
5540          60          74
5550          63          93
5560          59          87
5570          61          93
5580          63          79
5590          58          76
5600          59          77
5610          59          71
5620          60          80
5630          57          77
5640          58          80
5650          55          73
5660          52          86
5670          58          90
5680          59          95
5690          63          95
5700          58         102
5710          56          90
5720          57          91
5730          55          89
5740          54          90
5750          57          95
5760          58          90
5770          60          84
5780          64          76
5790          59          89
5800          57          77
5810          55          83
5820          54          80
5830          54          72
5840          60          88
5850          56          82
5860          54          84
5870          64          84
5880          57          85
5890          63          87
5900          56          80
5910          63          83
5920          62          86
5930          59          83
5940          59          89
5950          64          96
5960          59          79
5970          59          77
5980          53          71
5990          55          81
6000          55          73
6010          52          84
6020          53          75
6030          57          91
6040          61          73
6050          55          83
6060          53          77
6070          58          78
6080          53          81
6090          56          72
6100          53          75
6110          56          72
6120          58          72
6130          63          83
6140          55          77
6150          61          81
6160          55          79
6170          60          74
6180          56          80
6190          59          83
6200          56          78
6210          57          77
6220          57          89
6230          61          77
6240          64          82
6250          59          81
6260          55          87
6270          58          86
6280          57          81
6290          62          84
6300          63          95
6310          59          83
6320          64          94
6330          63          87
6340          62          90
6350          58          80
6360          59          81
6370          65          87
6380          65          97
6390          62          78
6400          58          78
6410          61          79
6420          62          84
6430          62          86
6440          65          91
6450          64          80
6460          62          80
6470          64          88
6480          60          92
6490          65          85
6500          63          95
6510          67          89
6520          63          81
6530          68          94
6540          68         104
6550          70          94
6560          60          98
6570          67          91
6580          61         101
6590          61          95
6600          64          90
6610          65          99
6620          63          99
6630          68          92
6640          58          82
6650          69         105
6660          66          98
6670          68          86
6680          68          98
6690          66          82
6700          65          87
6710          61          89
6720          61          81
6730          54          90
6740          62          82
6750          53          81
6760          59          83
6770          60          84
6780          62          82
6790          64          88
6800          67          89
6810          59          87
6820          59          93
6830          63          79
6840          66          98
6850          67          85
6860          67          83
6870          63          87
6880          61          93
6890          63          91
6900          63          93
6910          57          87
6920          62          86
6930          63          87
6940          62          88
6950          58          86
6960          58          94
6970          62          80
6980          59          81
6990          61          77
7000          65          81
7010          60          82
7020          66          94
7030          60          88
7040          67          85
7050          61          85
7060          64          86
7070          62          88
7080          55          91
7090          63          91
7100          62          96
7110          59          85
7120          60          84
7130          60          84
7140          60          88
7150          63          99
7160          61          91
7170          66          94
7180          55          99
7190          59          83
7200          58          82
7210          63          93
7220          56          78
7230          59          75
7240          53          71
7250          54          74
7260          58          78
7270          62          88
7280          55          77
7290          56          84
7300          57          87
7310          62          84
7320          63          83
7330          49          79
7340          56          92
7350          64          78
7360          56          84
7370          63          81
7380          64          86
7390          58          82
7400          59          83
7410          59          87
7420          57          85
7430          54          90
7440          56          88
7450          58          94
7460          61          89
7470          63          93
7480          57          91
7490          61          79
7500          63          91
7510          59          91
7520          58          88
7530          68          80
7540          59          85
7550          60          94
7560          55          81
7570          62          92
7580          58          96
7590          65          97
7600          61          91
7610          62          92
7620          62          88
7630          61          81
7640          60          84
7650          58          80
7660          59          83
7670          56          86
7680          61          87
7690          62          94
7700          60          82
7710          58          78
7720          59          87
7730          56          76
7740          55          73
7750          60          84
7760          65          95
7770          63          91
7780          63          91
7790          65          83
7800          59          79
7810          60          84
7820          64          78
7830          60          86
7840          56          92
7850          58          82
7860          64          84
7870          59          87
7880          61          83
7890          58          74
7900          56          80
7910          57          85
7920          58          74
7930          57          79
7940          63          77
7950          60          92
7960          55          91
7970          58          82
7980          59          85
7990          59          95
8000          57          93
8010          58          80
8020          60          82
8030          58          76
8040          56          84
8050          58          82
8060          60          78
8070          60          88
8080          58          82
8090          59          83
8100          55          75
8110          61          81
8120          59          79
8130          54          84
8140          54          92
8150          57          79
8160          59          89
8170          66          78
8180          57          75
8190          57          75
8200          55          73
8210          54          76
8220          59          73
8230          59          81
8240          60          88
8250          61          79
8260          68          88
8270          63          85
8280          65          85
8290          63          79
8300          60          78
8310          67          83
8320          59          73
8330          64          76
8340          61          79
8350          63          75
8360          54          78
8370          59          75
8380          59          77
8390          59          85
8400          62          78
8410          63          79
8420          64          84
8430          59          83
8440          55          81
8450          62          78
8460          61          77
8470          52          82
8480          62          86
8490          59          81
8500          58          76
8510          61          77
8520          62          86
8530          57          85
8540          54          78
8550          60          72
8560          48          88
8570          56          82
8580          55          81
8590          51          71
8600          57          87
8610          59          81
8620          55          83
8630          62          78
8640          57          77
8650          57          77
8660          54          78
8670          54          74
8680          57          79
8690          52          72
8700          54          76
8710          52          78
8720          52          82
8730          57          77
8740          54          74
8750          56          84
8760          49          81
8770          51          71
8780          56          82
8790          55          85
8800          54          88
8810          55          79
8820          56          80
8830          56          70
8840          61          87
8850          57          85
8860          59          93
8870          52          92
8880          57          83
8890          59          87
8900          60          80
8910          57          83
8920          56          96
8930          63          91
8940          67          89
8950          58          90
8960          64          88
8970          60         102
8980          59          97
8990          62          86
9000          60          84
9010          68          84
9020          69          85
9030          57          83
9040          70          84
9050          58          92
9060          59          93
9070          65          83
9080          59          83
9090          60          90
9100          60          78
9110          64          88
9120          62          76
9130          63          85
9140          58          82
9150          57          83
9160          59          93
9170          64          86
9180          63          87
9190          59          89
9200          56          88
9210          59          79
9220          59          85
9230          57          85
9240          57          71
9250          55          79
9260          57          73
9270          58          74
9280          54          82
9290          61          93
9300          63          85
9310          59          77
9320          55          73
9330          56          64
9340          50          82
9350          54          68
9360          55          71
9370          53          77
9380          56          70
9390          61          73
9400          63          75
9410          60          84
9420          64          90
9430          62          88
9440          59          87
9450          57          79
9460          63          77
9470          57          81
9480          58          76
9490          58          84
9500          56          92
9510          60          82
9520          64          86
9530          64          88
9540          62          78
9550          65          83
9560          64          94
9570          62          86
9580          57          87
9590          58          84
9600          57          87
9610          56          74
9620          63          75
9630          62         102
9640          62          84
9650          59          87
9660          56          90
9670          61          87
9680          60          94
9690          59          81
9700          59          75
9710          59          79
9720          58          92
9730          57          81
9740          55          79
9750          49          79
9760          51          83
9770          50          78
9780          56          88
9790          61          81
9800          61          83
9810          54          84
9820          59          85
9830          59          83
9840          61          71
9850          55          79
9860          54          78
9870          57          73
9880          53          85
9890          50          72
9900          56          78
9910          53          87
9920          58          96
9930          52          88
9940          59          75
9950          61          85
9960          60          84
9970          58          82
9980          58          80
9990          52          72
10000          54          74
