Time   Number   
ps   
0          13          19
10          13          19
20          14          16
30          12          14
40          12          18
50           9          19
60          12          16
70          14          16
80          12          16
90          10          18
100           8          16
110          14          16
120          13          19
130          11          13
140          13          15
150          12          14
160          13          15
170          12          18
180          12          18
190          11          15
200          11          15
210          13          19
220          10          20
230          13          15
240          12          18
250          14          20
260          14          18
270          10          20
280          13          19
290          15          19
300          14          18
310          11          19
320          14          20
330          12          16
340          14          14
350          13          15
360          14          16
370          14          18
380          13          21
390          13          15
400          14          16
410           9          19
420          15          19
430          12          18
440          11          15
450          14          14
460          16          18
470          15          17
480          14          20
490          14          18
500          15          19
510          17          19
520          14          18
530          13          15
540          12          16
550          11          15
560          11          17
570          11          11
580          13          15
590          15          17
600          16          18
610          14          18
620          12          20
630          13          15
640          14          14
650          12          18
660          12          18
670          14          16
680          14          14
690          10          20
700          12          22
710          13          19
720          15          17
730          14          16
740          17          19
750          11          15
760          13          15
770          11          19
780          16          18
790          16          18
800          14          20
810          14          16
820          15          19
830          14          18
840          13          19
850          16          20
860          16          18
870          15          19
880          14          18
890          14          16
900          16          16
910          12          18
920          17          19
930          13          19
940          17          17
950          16          16
960          13          21
970          13          17
980          14          14
990          15          25
1000          14          16
1010          16          20
1020          14          18
1030          14          20
1040          16          20
1050          14          18
1060          12          18
1070          14          16
1080          12          18
1090          14          16
1100          16          18
1110          12          20
1120          13          21
1130          14          18
1140          15          17
1150          14          24
1160          14          16
1170          15          19
1180          15          19
1190          15          19
1200          15          19
1210          17          19
1220          16          16
1230          13          17
1240          15          21
1250          17          17
1260          16          20
1270          13          17
1280          16          16
1290          16          18
1300          14          18
1310          16          18
1320          14          24
1330          14          18
1340          16          20
1350          15          21
1360          14          22
1370          11          23
1380          13          17
1390          15          17
1400          11          17
1410          14          18
1420          14          20
1430          13          15
1440          12          20
1450          11          23
1460          14          16
1470          12          16
1480          16          18
1490          16          16
1500          14          18
1510          11          19
1520          14          18
1530          14          18
1540          10          20
1550          13          13
1560          13          17
1570          12          16
1580          12          16
1590          11          13
1600          11          15
1610          14          18
1620          12          16
1630          13          17
1640          13          17
1650          15          15
1660          11          17
1670          14          18
1680          15          21
1690          12          20
1700          11          15
1710          11          17
1720           9          17
1730           9          19
1740          13          15
1750          13          17
1760          15          15
1770          11          13
1780          13          15
1790          12          22
1800          14          14
1810          11          13
1820          15          15
1830          14          18
1840          13          17
1850          16          18
1860          11          17
1870          12          16
1880          13          13
1890          15          17
1900          13          17
1910          16          16
1920          13          19
1930          12          14
1940          12          18
1950          14          18
1960          12          16
1970          16          16
1980          16          18
1990          13          17
2000          13          17
2010          14          16
2020          11          17
2030          13          15
2040          14          14
2050          10          14
2060          13          19
2070          12          18
2080          15          19
2090          14          20
2100          15          17
2110          13          23
2120          14          22
2130          14          18
2140          13          15
2150          14          20
2160          17          19
2170          18          18
2180          20          22
2190          15          23
2200          16          24
2210          15          23
2220          17          19
2230          18          18
2240          18          18
2250          17          27
2260          14          22
2270          14          16
2280          14          22
2290          15          19
2300          15          19
2310          18          24
2320          15          21
2330          17          21
2340          16          20
2350          15          19
2360          18          24
2370          14          24
2380          15          21
2390          16          22
2400          14          26
2410          15          21
2420          14          20
2430          17          19
2440          18          18
2450          17          19
2460          17          17
2470          16          20
2480          14          18
2490          15          17
2500          13          23
2510          16          20
2520          15          17
2530          15          23
2540          14          20
2550          17          23
2560          18          22
2570          18          24
2580          18          22
2590          17          17
2600          17          21
2610          18          24
2620          15          23
2630          17          25
2640          19          25
2650          19          21
2660          18          22
2670          18          20
2680          16          24
2690          17          19
2700          18          24
2710          20          22
2720          17          23
2730          20          22
2740          18          24
2750          17          19
2760          19          19
2770          18          22
2780          19          19
2790          18          18
2800          17          19
2810          15          23
2820          15          21
2830          17          19
2840          17          21
2850          17          17
2860          17          17
2870          16          16
2880          18          18
2890          18          18
2900          19          19
2910          18          18
2920          15          21
2930          17          19
2940          17          17
2950          17          21
2960          16          22
2970          16          20
2980          16          16
2990          18          18
3000          15          21
3010          14          20
3020          18          20
3030          19          19
3040          16          20
3050          17          21
3060          18          18
3070          17          19
3080          16          18
3090          18          18
3100          16          22
3110          19          19
3120          16          18
3130          15          21
3140          18          18
3150          18          20
3160          17          17
3170          16          18
3180          15          19
3190          17          21
3200          18          20
3210          16          16
3220          12          16
3230          12          16
3240          12          16
3250          12          16
3260          13          15
3270          13          13
3280          13          15
3290          11          17
3300          15          17
3310          15          17
3320          14          18
3330          15          17
3340          15          15
3350          13          15
3360          15          17
3370          13          13
3380           8          18
3390          11          13
3400          10          12
3410          10          12
3420          12          14
3430          11          13
3440          10          10
3450           9          15
3460           9          15
3470          10          12
3480          11          13
3490          11          13
3500           9          13
3510           8          14
3520          10          10
3530           8          10
3540          12          12
3550          11          11
3560           9          13
3570          10          12
3580          10          12
3590           9          13
3600          11          11
3610          11          13
3620          13          13
3630           9          13
3640          12          12
3650          11          13
3660          12          14
3670          10          12
3680          12          14
3690          11          15
3700          12          12
3710          11          13
3720          11          13
3730          10          12
3740           9          13
3750           9          15
3760           9          15
3770          11          11
3780           8          12
3790          11          13
3800          10          12
3810          10          12
3820          13          13
3830          10          12
3840          10          14
3850          12          14
3860          12          12
3870          11          17
3880          11          19
3890          14          14
3900          13          15
3910          12          16
3920          13          15
3930          14          16
3940          14          16
3950          13          17
3960          13          17
3970          12          14
3980          12          16
3990          14          14
4000          11          15
4010          10          16
4020          11          11
4030          12          20
4040          14          16
4050          14          16
4060          13          15
4070          13          17
4080          13          13
4090          13          15
4100          12          14
4110          11          13
4120          12          16
4130          10          12
4140          14          16
4150          13          15
4160          14          16
4170          16          16
4180          14          18
4190          13          17
4200          12          20
4210          14          14
4220          13          13
4230          10          14
4240          10          16
4250          14          16
4260          14          18
4270          14          16
4280          13          15
4290          13          13
4300          14          14
4310          11          15
4320          15          17
4330          14          16
4340          15          15
4350          12          18
4360          16          18
4370          14          18
4380          12          16
4390          13          15
4400          14          16
4410          15          17
4420          13          17
4430          13          15
4440          12          18
4450          13          15
4460          13          17
4470          14          16
4480          11          13
4490          13          13
4500          12          18
4510          15          15
4520          15          15
4530          12          14
4540          13          17
4550          13          15
4560          12          12
4570          15          15
4580          13          15
4590          13          15
4600          12          12
4610          12          12
4620          12          14
4630          13          13
4640          15          17
4650          15          17
4660          15          19
4670          13          17
4680          14          16
4690          14          18
4700          17          19
4710          14          16
4720          14          16
4730          14          16
4740          14          16
4750          14          16
4760          13          15
4770          14          16
4780          12          16
4790          14          20
4800          15          19
4810          13          15
4820          14          16
4830          15          15
4840          13          15
4850          15          15
4860          13          17
4870          13          15
4880          11          17
4890          14          14
4900          13          15
4910          14          16
4920          14          14
4930          13          15
4940          14          18
4950          12          14
4960          12          16
4970          12          16
4980          13          15
4990          12          16
5000          12          16
5010          14          18
5020          12          14
5030          13          17
5040          13          15
5050          12          14
5060          10          12
5070          11          15
5080           9          17
5090          10          12
5100          12          14
5110          11          15
5120          11          13
5130          10          16
5140          12          12
5150          12          14
5160          13          13
5170          10          12
5180          10          12
5190          11          13
5200          10          10
5210           9          15
5220          10          14
5230          11          13
5240          11          13
5250           9          13
5260           9          13
5270          11          13
5280          12          12
5290          10          12
5300           9           9
5310           9          13
5320           9           9
5330           9          11
5340          10          14
5350          11          13
5360          11          11
5370          11          11
5380          11          15
5390           9          13
5400           9          11
5410          11          13
5420          10          12
5430          11          11
5440          10          14
5450           9          13
5460          10          12
5470          11          11
5480          10          12
5490           7          11
5500          10          12
5510          10          14
5520           9          11
5530           7          13
5540           9          15
5550           9          13
5560          10          12
5570          10          12
5580          11          13
5590          12          12
5600           9          17
5610          10          14
5620          10          12
5630           9          11
5640          10          14
5650           9          13
5660           9          17
5670          12          12
5680          10          14
5690           9           9
5700           7          13
5710          10          14
5720          10          14
5730           5          11
5740           6          10
5750           8          12
5760           6          10
5770          10          12
5780           7           7
5790           8          10
5800           6           8
5810           8          10
5820           9          11
5830          10          10
5840          10          10
5850           8           8
5860           9          11
5870          10          14
5880          10          14
5890           9          13
5900          11          15
5910          10          14
5920           9          15
5930           8          14
5940          12          14
5950          12          14
5960          10          10
5970          10          16
5980          11          13
5990          13          13
6000          10          12
6010          10          12
6020          10          12
6030           7          13
6040          11          13
6050          10          12
6060           9          15
6070           9          11
6080          13          13
6090          11          11
6100           9          13
6110           9          15
6120          11          11
6130          10          10
6140           9           9
6150           8          12
6160           9          13
6170          11          15
6180          10          14
6190           8          16
6200          10          12
6210          10          16
6220          10          14
6230           8          14
6240           7          13
6250           9          17
6260           9          11
6270           9          15
6280           9          17
6290           8          18
6300           8          14
6310           9          13
6320           9          15
6330           9          13
6340          10          12
6350           8          10
6360          10          12
6370           7           9
6380           9          13
6390           9          11
6400           9          11
6410           8           8
6420           6          12
6430           7           9
6440          10          14
6450           9           9
6460           8           8
6470           9           9
6480          10          10
6490           8           8
6500           8          12
6510           7           9
6520           9           9
6530           8          10
6540           8           8
6550           6          10
6560           8           8
6570           8           8
6580           7           9
6590           8          12
6600           7          11
6610           8          12
6620           8          10
6630          10          10
6640           8          10
6650           8          10
6660          11          11
6670           9          11
6680          10          12
6690           9          13
6700           9           9
6710           9          13
6720           8          12
6730          10          12
6740           8          10
6750           8          10
6760          11          13
6770          10          10
6780           9          13
6790           8          10
6800           8          12
6810          10          12
6820          10          10
6830          10          10
6840           9           9
6850          10          10
6860          10          12
6870           9          13
6880           6           8
6890           9          11
6900          10          10
6910          10          10
6920          11          13
6930          10          14
6940           9          11
6950          12          16
6960           9          11
6970          11          15
6980          10          12
6990           9          15
7000           9          13
7010          11          13
7020          11          11
7030          10          14
7040          11          13
7050          12          12
7060          10          12
7070           8          12
7080           9          13
7090           9          13
7100          11          11
7110          10          12
7120          11          15
7130          12          14
7140          11          15
7150          10          14
7160          11          15
7170          10          14
7180          11          11
7190          10          10
7200          10          12
7210          10          14
7220           8          10
7230           9          17
7240           7          15
7250          11          15
7260           9          13
7270           8          18
7280           9          13
7290           9          15
7300          10          16
7310           9          13
7320           9          15
7330          10          14
7340           8          14
7350           9          15
7360          11          11
7370          10          14
7380          10          12
7390           9          13
7400          10          10
7410           9          13
7420           9          13
7430           9           9
7440           9          11
7450           9          11
7460          11          11
7470          10          12
7480          12          14
7490          11          13
7500          11          11
7510          11          13
7520          10          12
7530           9          15
7540          12          12
7550          11          13
7560          10          16
7570          10          12
7580          12          12
7590          11          13
7600          11          13
7610          11          13
7620          12          12
7630          13          15
7640          10          18
7650          10          14
7660          12          16
7670          12          12
7680          13          15
7690          12          14
7700          12          16
7710          12          18
7720          12          18
7730          12          14
7740          11          17
7750          12          12
7760          11          11
7770          10          12
7780          13          13
7790          11          13
7800          11          13
7810           9          13
7820          10          14
7830          12          12
7840          10          12
7850          12          12
7860          10          16
7870          11          15
7880          12          14
7890           9          15
7900          11          13
7910          10          12
7920           9          15
7930          11          13
7940          10          12
7950           9          13
7960           7          13
7970           9          11
7980           9          11
7990           9          11
8000           6          14
8010           8          12
8020           9          13
8030           9          13
8040          10          10
8050          10          16
8060          10          14
8070          10          12
8080          10          12
8090           9          15
8100          11          15
8110           9          15
8120           8          14
8130           8          16
8140          10          12
8150           9          15
8160          10          14
8170          13          13
8180          10          14
8190          11          13
8200           9          13
8210          11          11
8220          10          12
8230          10          14
8240          10          12
8250          11          11
8260          10          10
8270          10          12
8280          11          11
8290          12          14
8300          11          11
8310          11          13
8320           9          13
8330          11          11
8340          11          11
8350          11          13
8360          10          12
8370          11          11
8380          11          13
8390          11          15
8400          12          16
8410          10          16
8420          11          15
8430          11          15
8440          11          11
8450           9          17
8460          10          12
8470           8           8
8480           9          11
8490          11          13
8500           9          11
8510          10          10
8520           8          14
8530          11          13
8540           6          14
8550           9           9
8560           9          13
8570           9          13
8580          10          12
8590          11          11
8600          10          10
8610           9           9
8620           9          11
8630           8          12
8640           8          14
8650           8          10
8660          11          11
8670           9          15
8680          10          14
8690           8          10
8700           8          12
8710           9          13
8720           9          11
8730           9          13
8740          10          12
8750          11          13
8760           8          12
8770          10          12
8780          10          16
8790          11          13
8800           9          15
8810           9          13
8820          11          15
8830          10          14
8840           9          15
8850           9          11
8860          10          12
8870           9          15
8880           8          10
8890          10          12
8900          11          13
8910          12          14
8920          11          15
8930          10          12
8940          10          16
8950          12          14
8960          12          14
8970          12          14
8980          11          13
8990          10          12
9000          10          14
9010          12          12
9020          13          15
9030          12          14
9040          13          15
9050          10          16
9060          11          15
9070          10          14
9080           9          13
9090           8          14
9100          10          12
9110          11          13
9120           9          11
9130          10          12
9140          10          10
9150          11          13
9160          10          12
9170           9          11
9180          10          14
9190          11          11
9200           9          11
9210          10          10
9220           9           9
9230          10          14
9240          10          12
9250           8          12
9260           8          10
9270          10          12
9280           8          12
9290           9           9
9300          10          12
9310          10          10
9320          12          14
9330          12          12
9340          12          12
9350          13          13
9360          12          14
9370          11          15
9380          13          13
9390          11          15
9400          11          13
9410          11          11
9420          11          13
9430          12          14
9440          13          13
9450          12          12
9460          11          15
9470          10          12
9480          11          15
9490          12          12
9500          10          14
9510          12          14
9520          11          13
9530          12          12
9540          10          12
9550           9          13
9560           9          15
9570          10          14
9580          11          13
9590          10          12
9600          10          14
9610          11          13
9620          11          13
9630          10          14
9640           9          13
9650          10          14
9660          10          14
9670          11          15
9680           9          11
9690           9          13
9700           8          12
9710          10          12
9720          10          14
9730          10          10
9740           9          13
9750           9          13
9760          11          13
9770          11          11
9780          10          12
9790          11          11
9800          11          11
9810          12          14
9820          11          13
9830          10          16
9840          10          12
9850          10          14
9860          11          13
9870          11          11
9880          11          13
9890          11          13
9900          11          13
9910          10          14
9920          10          14
9930          11          13
9940          11          13
9950          11          13
9960          12          12
9970          12          12
9980          10          14
9990           9          13
10000          12          14
