Time   C(t)   
ps   
0           1           1  1.21694e-10   0.0511779
10    0.494495    0.500554    -1.77195   0.0280316
20    0.439368    0.446087   -0.934441  0.00488536
30    0.396788    0.404018     -6.3693  0.00385583
40    0.362251    0.369895    -4.35491  0.00337256
50    0.329337    0.337375     -1.8054  0.00215221
60    0.319207    0.327367   -0.960727  0.00149584
70     0.29942    0.307817    -2.56379  0.00189057
80    0.281396    0.290009    0.731429  0.00176715
90    0.264077    0.272898     2.64416  0.00148398
100    0.251716    0.260685   0.0858182  0.00130114
110    0.238055    0.247187     3.48582  0.00122923
120    0.227132    0.236395     4.44005  0.00117858
130    0.214483    0.223898     4.22519  0.00105287
140    0.206074     0.21559       1.244  0.000724303
150    0.199997    0.209585     1.66894  0.000939629
160    0.187282    0.197022    0.920104  0.000935843
170     0.18128    0.191093     5.59699  0.000772119
180    0.171839    0.181765    -2.27553  0.000741363
190    0.166453    0.176443     2.08317  0.000641125
200    0.159017    0.169096     1.44192  0.000862525
210    0.149202      0.1594    -3.45169  0.000638392
220    0.146249    0.156482     1.65242  0.000564706
230    0.137908    0.148241    0.799429  0.000684088
240    0.132567    0.142964    -1.00841  0.000351308
250    0.130882    0.141299     -1.1186  0.000255052
260    0.127466    0.137924    -1.43844  0.000423005
270    0.122422     0.13294    -2.50525  0.000504931
280    0.117367    0.127946    -3.78327  0.000657588
290     0.10927    0.119946    -2.29278  0.000675056
300    0.103866    0.114607    -2.72021  0.000340157
310    0.102467    0.113224    -3.68306  0.000330202
320   0.0972622    0.108082    -4.31912  0.000308947
330   0.0962879    0.107119    -1.98052  0.000124751
340   0.0947672    0.105617    -5.91771  0.000233951
350   0.0916089    0.102497    -2.51086  0.000201626
360   0.0907347    0.101633    -5.17335  0.000267677
370   0.0862554   0.0972072    -4.10945  0.000109542
380   0.0885439   0.0994682    0.356208  2.80663e-05
390    0.085694   0.0966526     -4.6454  0.000214069
400   0.0842625   0.0952382    -3.04805  0.000148796
410   0.0827181   0.0937123    -1.77314  0.000171055
420   0.0808414   0.0918581    -1.66691  0.000171392
430   0.0792903   0.0903255    -3.37049  0.000237766
440   0.0760861   0.0871597    -3.37101  0.000408844
450   0.0711134   0.0822467    -2.83943  0.000112002
460    0.073846   0.0849465    -2.52332  7.40245e-05
470   0.0696329   0.0807839    -3.16094  0.000283686
480   0.0681723   0.0793408    -2.73683  0.000146208
490   0.0667088   0.0778948   -0.182961  2.6159e-06
500     0.06812   0.0792891    -1.46016  0.00011358
510   0.0644372   0.0756505   -0.716312  0.000468512
520   0.0587498   0.0700312   -0.183792  0.000297281
530   0.0584915   0.0697761    -1.24738  2.02928e-05
540   0.0583439   0.0696302    -1.14332  0.000159441
550   0.0553027   0.0666255    -3.80353  -1.89319e-06
560   0.0583818   0.0696676    -1.25132  -9.07844e-05
570   0.0571184   0.0684194    -1.03886   0.0002995
580   0.0523918   0.0637494    0.238026  0.000204965
590   0.0530191   0.0643692    0.130753  0.000149753
600   0.0493967   0.0607903     1.30016  0.000194642
610   0.0491263   0.0605231    -2.74348  -2.89811e-05
620   0.0499763    0.061363    -3.91548  8.32427e-05
630   0.0474614   0.0588782     1.08551  0.000229292
640   0.0453905   0.0568321    -2.42561  0.00013421
650   0.0447772   0.0562261    -1.57491  6.70211e-05
660   0.0440501   0.0555077    -2.42706  0.000106608
670    0.042645   0.0541195    -2.21377  2.78212e-05
680   0.0434937    0.054958    -1.36421  9.01243e-05
690   0.0408426   0.0523386    -1.78904  0.000208857
700   0.0393165   0.0508309    -2.00203  0.000135787
710   0.0381268   0.0496554     1.61449  3.97796e-05
720   0.0385209   0.0500448     3.95506  -0.000118859
730    0.040504   0.0520041     2.46613  -5.65724e-05
740   0.0396524   0.0511627     1.82655  -1.70568e-05
750   0.0408451   0.0523412    0.124623  3.42296e-05
760   0.0389678   0.0504863   0.0187012  0.000148064
770   0.0378839   0.0494154     2.25314  0.000114215
780   0.0366835   0.0482294     2.03974  4.59488e-05
790   0.0369649   0.0485074     3.63553  7.47042e-05
800   0.0351894   0.0467532     2.35907  9.19182e-05
810   0.0351265   0.0466911     1.50764  4.63909e-05
820   0.0342616   0.0458365       1.188  0.000132456
830   0.0324774   0.0440737     1.50805  3.51168e-05
840   0.0335592   0.0451426     2.25231  -4.50989e-05
850   0.0333794   0.0449649    0.657039  0.000115803
860   0.0312432   0.0428543  -0.0885717  1.2292e-05
870   0.0331335    0.044722     1.18748  -1.05192e-05
880   0.0314536   0.0430622     2.78421  0.000139319
890   0.0303472    0.041969    0.655792  7.03209e-05
900   0.0300472   0.0416726   -0.941766  0.000105227
910   0.0282426   0.0398897    0.973246  0.00014591
920    0.027129   0.0387894    0.442078  -4.50304e-05
930   0.0291432   0.0407795   -0.942598  1.3075e-05
940   0.0268675    0.038531    0.121299  0.00022783
950   0.0245866   0.0362776   -0.197403  6.54811e-05
960   0.0255578   0.0372371    -1.68717  1.92238e-05
970   0.0242022   0.0358977   -0.943221  5.41128e-05
980   0.0244756   0.0361678    -2.53881  0.000112679
990   0.0219486   0.0336711    0.866597  0.000200403
1000   0.0204675   0.0322078    -2.32509  4.2998e-05
1010   0.0210886   0.0328215      -1.156  -3.87603e-05
1020   0.0212427   0.0329737   -0.836572  0.000107666
1030   0.0189353    0.030694    -1.26296  0.000125374
1040   0.0187352   0.0304963     -2.6467  -7.98423e-05
1050   0.0205321   0.0322717    -2.11543  8.30879e-06
1060   0.0185691   0.0303321    -1.05153  0.000131763
1070   0.0178969    0.029668   -0.624727  -0.000156696
1080    0.021703   0.0334285    -1.79642  -0.000121391
1090   0.0203247   0.0320667   -0.944987  0.000191151
1100     0.01788   0.0296513     0.43813  9.68931e-05
1110   0.0183868   0.0301521    -1.69029  -3.37921e-06
1120   0.0179475    0.029718    -1.26494  -2.7151e-05
1130   0.0189299   0.0306886    0.437402  -9.33008e-06
1140   0.0181341   0.0299024    -1.47699  -5.10386e-05
1150   0.0199506   0.0316971     -1.9039  -8.66919e-05
1160    0.019868   0.0316155    -2.86114  2.32169e-06
1170   0.0199042   0.0316513    -2.32945  9.77133e-05
1180   0.0179137   0.0296846    -2.01096  6.7979e-05
1190   0.0185446    0.030308   -0.840104  -3.32875e-05
1200   0.0185795   0.0303424    -2.22291  2.04371e-05
1210   0.0181359   0.0299041    -1.79777  3.2432e-05
1220   0.0179308   0.0297015  -0.0957407  -3.45157e-06
1230   0.0182049   0.0299723   -0.839481  -4.5446e-05
1240   0.0188397   0.0305996   0.0102858  -8.75924e-05
1250   0.0199568   0.0317032   -0.201559  5.05986e-05
1260   0.0178278   0.0295997    -1.58468  -4.58348e-05
1270   0.0208735   0.0326089     -2.3306  -9.46522e-06
1280   0.0180171   0.0297867     -1.5853  0.000122979
1290   0.0184139   0.0301788    -3.71278  2.07084e-05
1300   0.0176029   0.0293775    -3.60634  7.51408e-05
1310   0.0169111    0.028694    -3.07434  3.89772e-05
1320   0.0168234   0.0286073   -0.627221  -1.54791e-05
1330   0.0172206   0.0289999    -1.69081  -7.62006e-05
1340   0.0183474   0.0301131   -0.840416  -6.41772e-05
1350   0.0185042    0.030268    -1.37221  8.1669e-05
1360    0.016714   0.0284993    -2.11657  0.000130485
1370   0.0158945   0.0276896    0.436052  -5.82438e-05
1380   0.0178789   0.0296502    -1.05299  -2.15756e-05
1390    0.016326   0.0281159    0.436467  -9.51949e-05
1400   0.0197828   0.0315313    -1.16036  -6.45202e-05
1410   0.0176164   0.0293909   -0.521195  8.20733e-05
1420   0.0181413   0.0299095    -1.47927  -0.000126175
1430   0.0201399   0.0318841    -2.01086  -0.000107956
1440   0.0203004   0.0320427    -2.32945  3.92716e-05
1450   0.0193545   0.0311081  -0.0957406  2.08286e-05
1460   0.0198839   0.0316312    -4.56462  2.09649e-05
1470   0.0189352   0.0306938     -3.9267  2.09278e-05
1480   0.0194653   0.0312176    -2.86239  7.04902e-05
1490   0.0175254   0.0293009    -3.28722  -2.84613e-05
1500   0.0200345     0.03178    -1.69236  2.7472e-05
1510   0.0169759   0.0287581   -0.734389  0.000107812
1520   0.0178783   0.0296496     -2.0119  -9.64375e-06
1530   0.0171688   0.0289486    -1.37366  4.61722e-05
1540   0.0169548   0.0287372    -1.16099  2.75429e-06
1550   0.0171137   0.0288942    -2.43693  2.14726e-05
1560   0.0165254   0.0283129     -4.1401  5.26648e-05
1570   0.0160604   0.0278535    -1.90618  6.52855e-05
1580   0.0152197   0.0270229    -2.75719  4.0411e-05
1590   0.0152522    0.027055    -3.07621  -7.83673e-05
1600    0.016787   0.0285714    -1.26764  -5.96654e-05
1610   0.0164455    0.028234     1.18021  -3.45092e-06
1620    0.016856   0.0286396   -0.204364  9.14959e-06
1630   0.0162625   0.0280532    0.541247  2.79785e-05
1640   0.0162965   0.0280868     1.07387  -7.26652e-05
1650   0.0177158   0.0294891     1.71138  -9.16688e-05
1660   0.0181298   0.0298982    0.967428  -3.58345e-06
1670   0.0177875   0.0295599     1.81875  0.000122753
1680   0.0156748   0.0274725     1.49912  8.49796e-05
1690   0.0160879   0.0278807     1.07325  -9.20366e-05
1700   0.0175155   0.0292912     3.83875  -5.4143e-05
1710   0.0171707   0.0289506     2.88171  5.99195e-05
1720   0.0163171   0.0281072     3.09491  2.1888e-05
1730    0.016733    0.028518     3.20114  2.92063e-06
1740   0.0162587   0.0280495     1.07262  4.74862e-05
1750   0.0157833   0.0275797    0.328259  6.67444e-05
1760   0.0149238   0.0267306     1.39184  4.77167e-05
1770   0.0148289   0.0266368     1.92436  -3.29157e-06
1780   0.0149897   0.0267956     2.56166  1.59292e-05
1790   0.0145103    0.026322     2.02956  2.23412e-05
1800   0.0145428   0.0263541     3.41268  -3.53523e-05
1810   0.0152174   0.0270206     1.71003  -4.18265e-05
1820   0.0153794   0.0271806     1.07127  -3.34736e-06
1830   0.0152843   0.0270868  -0.0982339  3.07183e-06
1840   0.0153179   0.0271199       1.604  9.98575e-05
1850   0.0132872   0.0251135     1.60348  0.000145191
1860   0.0124141   0.0242509    0.753195  -6.77987e-05
1870   0.0146432   0.0264533     1.38977  -2.24482e-05
1880   0.0128631   0.0246945    0.964727  3.55976e-05
1890   0.0139312   0.0257498   -0.417247  -4.85235e-05
1900   0.0138336   0.0256534   -0.843116  8.77667e-05
1910   0.0121759   0.0240156    -1.37491  6.83655e-05
1920   0.0124662   0.0243024    -0.84374  1.0019e-05
1930   0.0119755   0.0238176  -0.0996882  7.52282e-05
1940   0.0109617   0.0228159     1.17834  2.3131e-05
1950   0.0115129   0.0233605      1.6041  -8.13469e-05
1960   0.0125886   0.0244233     0.11361  -3.56833e-05
1970   0.0122265   0.0240656    0.964935  3.62528e-05
1980   0.0118636    0.023707       0.964  3.52333e-06
1990   0.0121561    0.023996     1.60223  2.98628e-05
2000   0.0112663   0.0231169     1.07096  7.59266e-05
2010   0.0106375   0.0224957  -0.0991687  -4.24647e-05
2020   0.0121156    0.023956    0.219117  -3.58423e-05
2030   0.0113544   0.0232039    -1.05642  0.000102639
2040   0.0100628   0.0219278     1.28384  7.64095e-05
2050   0.0098262    0.021694    0.538857  3.82657e-06
2060   0.0099863   0.0218522   -0.738441  3.70129e-05
2070  0.00908594   0.0209627    0.113507  4.36787e-05
2080  0.00911272   0.0209891    0.432831  -2.68221e-06
2090  0.00913959   0.0210157    -1.37709  0.000117109
2100  0.00677054    0.018675  -0.0990654  3.72875e-05
2110  0.00839384   0.0202788     1.60244  -0.000109156
2120  0.00895367    0.020832    0.751013  -2.60822e-06
2130    0.008446   0.0203304    0.219533  -1.60615e-05
2140   0.0092749   0.0211493    0.750909  -9.63911e-05
2150   0.0103738   0.0222351   -0.205922  -5.63816e-05
2160   0.0104025   0.0222635     1.17751  -9.5895e-06
2170   0.0105656   0.0224246     1.38956  5.09066e-05
2180   0.0093844   0.0212575    0.326701  3.07552e-05
2190  0.00995051   0.0218169     0.75174  -6.34252e-05
2200   0.0106529   0.0225108   -0.737402  -2.83467e-06
2210   0.0100072   0.0218729    0.112987  -3.67187e-05
2220   0.0113873   0.0232364    0.644779  -0.000158486
2230   0.0131769   0.0250046   -0.206649  3.74466e-06
2240   0.0113124   0.0231624     1.07065  -2.36184e-05
2250   0.0136493   0.0254713    0.963897  -7.09601e-05
2260   0.0127316   0.0245646     2.02852  3.06743e-05
2270   0.0130358   0.0248652     1.49725  4.44544e-05
2280   0.0118425   0.0236862    -0.20561  1.71941e-05
2290   0.0126919   0.0245254     1.28395  -1.67698e-05
2300   0.0121779   0.0240175     1.92145  7.88184e-05
2310   0.0111156   0.0229679     2.13496  5.84496e-05
2320   0.0110089   0.0228626     2.34826  -4.41604e-05
2330   0.0119988   0.0238406     2.77278  1.0707e-05
2340   0.0107948    0.022651     3.19927  0.000113686
2350  0.00972505   0.0215941     3.19896  6.58192e-05
2360  0.00947838   0.0213504     2.24109  -2.35378e-05
2370   0.0101958   0.0220592     3.19844  -1.66357e-05
2380  0.00981109   0.0216791     1.60286  2.47031e-05
2390  0.00970174   0.0215711     2.24109  6.62947e-05
2400   0.0084852   0.0203691        2.56  5.94691e-05
2410  0.00851236   0.0203959      1.4959  1.11534e-05
2420  0.00826213   0.0201487     1.92177  -9.67272e-06
2430  0.00870581   0.0205871    0.750597  -3.74718e-05
2440  0.00901157   0.0208892    0.324831  -1.6688e-05
2450  0.00903957   0.0209168     1.49569  3.9035e-05
2460  0.00823087   0.0201178    0.857455  1.81364e-05
2470  0.00867684   0.0205585     1.60213  -0.000121568
2480   0.0106622     0.02252     2.02748  5.3238e-05
2490  0.00761209   0.0195065     1.38956  0.00015119
2500  0.00763841   0.0195325     1.92156  -6.58144e-05
2510  0.00892837    0.020807     2.55958  -1.67013e-05
2520  0.00797244   0.0198625     3.51631  3.94121e-05
2530  0.00814013   0.0200282     1.38904  1.14011e-05
2540  0.00774442   0.0196372     2.34629  3.25669e-05
2550  0.00748879   0.0193846     3.09106  1.85298e-05
2560  0.00737382   0.0192711     2.02717  -1.67934e-05
2570  0.00782466   0.0197165     1.92135  -6.64027e-05
2580  0.00870187   0.0205832      2.1333  7.5358e-05
2590   0.0063175   0.0182274     2.66561  0.000132182
2600  0.00605823   0.0179712     1.92052  6.15368e-05
2610  0.00508677   0.0170114     1.70732  7.59042e-05
2620  0.00454014   0.0164713     1.92042  -5.22752e-05
2630  0.00613227   0.0180444     2.45325  -8.08469e-05
2640  0.00615708   0.0180689     2.87818  -9.63791e-06
2650  0.00632503   0.0182348     3.41008  -3.11444e-05
2660  0.00677997   0.0186843     2.23953  -5.99019e-05
2670  0.00752307   0.0194185     2.66509  -5.28635e-05
2680  0.00783724   0.0197289     2.34597  1.16967e-05
2690  0.00728913   0.0191874      2.1334  2.60747e-05
2700  0.00731575   0.0192137     1.81408  -5.31507e-05
2710  0.00835215   0.0202377     2.55834  -1.71157e-05
2720  0.00765806   0.0195519     2.02675  7.67368e-05
2730  0.00681741   0.0187213    0.962546  0.00011315
2740  0.00539507    0.017316     2.13299  -1.71182e-05
2750  0.00715977   0.0190596    0.536779  -0.000125879
2760  0.00791264   0.0198034     0.96348  7.73265e-05
2770  0.00561324   0.0175316    0.856831  -3.19053e-05
2780  0.00855075   0.0204339    0.855481  -0.000111847
2790  0.00785018   0.0197417     1.49413  3.36408e-05
2800  0.00787793   0.0197691    0.536156  9.22858e-05
2810  0.00600446   0.0179181    0.111429  0.000165639
2820  0.00456515    0.016496   -0.527117  -1.71956e-05
2830  0.00634837   0.0182579   -0.421195  -2.43617e-05
2840  0.00505238   0.0169774   -0.207688  -2.58458e-06
2850  0.00640007    0.018309    0.430442  1.2321e-05
2860  0.00480596    0.016734    0.856935  -6.89672e-05
2870  0.00777941   0.0196718   -0.526493  -8.36094e-05
2880  0.00647815   0.0183861    -0.95174  7.11495e-05
2890  0.00635642   0.0182658   -0.951948  -7.66749e-05
2900  0.00801165   0.0199012     -1.0586  -1.00234e-05
2910  0.00655689   0.0184639   -0.739169  1.94339e-05
2920  0.00762297   0.0195172     1.06919  -2.64358e-06
2930  0.00660976   0.0185161    0.111948  0.000108913
2940  0.00544472   0.0173651    0.750078  3.46314e-05
2950  0.00591713   0.0178318     0.11174  7.21881e-05
2960  0.00400096   0.0159386     1.81377  4.23073e-05
2970  0.00507099   0.0169958    0.323896  -1.72772e-05
2980   0.0043465     0.01628     1.17501  0.000110053
2990  0.00286992   0.0148211    0.111532  5.02238e-05
3000  0.00334203   0.0152876   -0.846649  2.04195e-05
3010  0.00246153   0.0144176  0.00519495  -6.24781e-05
3020  0.00459159   0.0165222    0.429922  4.31676e-05
3030  0.00159817   0.0135646    0.749974  6.55863e-05
3040  0.00327986   0.0152262    0.111533  -3.22364e-05
3050   0.0022429   0.0142016    0.749766  -2.22039e-06
3060  0.00332427     0.01527    0.749766  -0.000123467
3070  0.00471224   0.0166414    0.962442  7.37466e-05
3080  0.00184934   0.0138128   -0.527013  0.000172569
3090  0.00126085   0.0132314   -0.633246  -2.02616e-06
3100  0.00188986   0.0138528    0.536156  -9.57481e-06
3110  0.00145235   0.0134206    0.962649  2.08888e-05
3120  0.00147209   0.0134401   -0.952259  -6.32039e-05
3130  0.00271642   0.0146695   -0.952467  -2.49764e-05
3140  0.00197161   0.0139336    -1.48488  4.38867e-05
3150  0.00183869   0.0138023    -1.05943  -1.74354e-05
3160  0.00232032   0.0142781    -1.48405  -4.82339e-05
3170  0.00280337   0.0147554     0.11174  -2.52472e-05
3180  0.00282527    0.014777    0.537091  1.32483e-05
3190   0.0025384   0.0144936    0.644675  6.73894e-05
3200  0.00147748   0.0134454     1.49423  -2.16034e-06
3210  0.00258161   0.0145363     1.17501  -7.18015e-05
3220  0.00291351   0.0148642     1.28166  -4.87715e-05
3230  0.00355704      0.0155   -0.633766  5.99974e-05
3240  0.00171356   0.0136786   -0.421299  5.99907e-05
3250  0.00235722   0.0143146   -0.740104  -4.88594e-05
3260  0.00269075   0.0146441    -1.16545  -1.7778e-05
3270  0.00271278   0.0146659   -0.207896  -4.9151e-05
3280  0.00367377   0.0156153    -1.27179  -1.00478e-05
3290  0.00291374   0.0148644     -1.8039  2.11836e-05
3300   0.0032501   0.0151968   -0.633143  2.1329e-05
3310  0.00248716    0.014443    0.112467  1.34393e-05
3320  0.00298131   0.0149312   -0.100935  -5.73716e-05
3330  0.00363459   0.0155766       0.324  -5.75314e-05
3340  0.00413194    0.016068    -1.69756  2.13488e-05
3350  0.00320761   0.0151548   -0.314234  0.00010049
3360  0.00212213   0.0140823    -1.16525  6.90598e-05
3370  0.00182642   0.0137901   -0.845714  5.34432e-05
3380  0.00105327   0.0130263   -0.420571  0.000188793
3390  -0.00194943   0.0100595   -0.951636  9.35994e-05
3400  -0.000818718   0.0111767    -1.48457  -9.72866e-05
3410  -3.70261e-06    0.011982   -0.208312  3.02429e-05
3420  -0.00142358   0.0105791     1.06878  5.41734e-05
3430  -0.00108717   0.0109115    0.324312  2.24131e-05
3440  -0.00187184   0.0101362    0.749247  -8.99853e-05
3450  0.000712535   0.0126896    0.109974  -0.000114121
3460  0.000410592   0.0123913    0.854338  0.000134914
3470  -0.00198574   0.0100237    0.855377  7.06537e-05
3480  -0.00100248   0.0109951    0.855377  -6.61709e-05
3490  -0.000662322   0.0113312   -0.314961  7.91774e-05
3500  -0.00258603  0.00943058   -0.314857  6.30444e-05
3510  -0.00192321   0.0100855    0.641974  -6.63843e-05
3520  -0.00125834   0.0107423    0.323169  -1.78307e-05
3530  -0.0015666   0.0104378     1.38686  3.90121e-05
3540  -0.00203859  0.00997146    0.854753  -4.23964e-05
3550  -0.000718668   0.0112756     1.27969  -1.56735e-06
3560  -0.00200724   0.0100024    0.748312  -1.77486e-06
3570  -0.000683171   0.0113106      1.0667  -5.07154e-05
3580  -0.000992932   0.0110046     1.06743  8.02395e-05
3590  -0.00228796  0.00972507     1.70597  -1.81709e-05
3600  -0.000629514   0.0113636    0.216416  -5.09098e-05
3610  -0.00126977   0.0107311    0.428883  7.23671e-05
3620  -0.00207686  0.00993365     1.49361  -9.95897e-06
3630  -0.00107059   0.0109279      1.2801  -3.4649e-05
3640  -0.00138388   0.0106183    0.535013  -1.00218e-05
3650  -0.000870151   0.0111259     2.23725  5.63565e-05
3660  -0.00251101   0.0095047     2.55699  3.14456e-05
3670  -0.00149906   0.0105045     1.38675  -9.30349e-05
3680  -0.000650309   0.0113431     1.81158  3.99776e-05
3690  -0.00229862  0.00971455      1.8119  1.48692e-05
3700  -0.000947693   0.0110493     2.66343  -4.33583e-05
3710  -0.00143145   0.0105713     1.06753  -1.85257e-05
3720  -0.000577179   0.0114154      1.8119  -2.68633e-05
3730  -0.000894184   0.0111021     2.34379  3.17507e-05
3740  -0.00121219   0.0107879     1.59901  -3.54485e-05
3750  -0.000185215   0.0118026       2.876  -4.38802e-05
3760  -0.000334589    0.011655      2.1307  9.93573e-05
3770  -0.00217236  0.00983929     1.81127  0.000184072
3780  -0.00401603  0.00801772     2.13122  9.15294e-05
3790  -0.00400295  0.00803064     1.38592  4.95722e-05
3800  -0.00500747  0.00703816    0.428779  2.41691e-05
3810  -0.00448633  0.00755305     1.06753  -2.66752e-05
3820  -0.00447397  0.00756527     1.59891  -9.76038e-06
3830  -0.00429112  0.00774592    0.641662  -9.7784e-06
3840  -0.0042784  0.00775849     0.85413  -4.4021e-05
3850  -0.0034107  0.00861579     1.06691  -2.69686e-05
3860  -0.00373903   0.0082914  0.00259754  2.43085e-05
3870  -0.00389687  0.00813545     1.17231  -9.96256e-06
3880  -0.00353977  0.00848826     1.17242  -6.15843e-05
3890  -0.00266519  0.00935237    0.641143  -6.17438e-05
3900  -0.0023049  0.00970834     1.49184  -1.01878e-05
3910  -0.00246143  0.00955368     1.49184  7.6213e-05
3920  -0.00382916  0.00820235     1.38592  6.77031e-05
3930  -0.00381549  0.00821585     1.27938  -2.73985e-05
3940  -0.00328119  0.00874375     1.38592  -7.95899e-05
3950  -0.0022237  0.00978857    0.960156  -9.72199e-05
3960  -0.00133679   0.0106648     1.38582  2.45153e-05
3970   -0.002714  0.00930414     1.27927  6.9408e-06
3980  -0.00147561   0.0105277    0.640519  -1.03155e-05
3990  -0.00250769  0.00950798     1.70473  3.32765e-05
4000  -0.00214114  0.00987014     1.38603  -4.54947e-05
4010  -0.0015978    0.010407     1.81106  3.34988e-05
4020  -0.00281111  0.00920819     1.49174  3.34641e-05
4030  -0.00226708  0.00974571     1.91699  2.49017e-05
4040  -0.00330915  0.00871613     1.06629  2.48521e-05
4050  -0.00276412  0.00925462     1.06629  -8.11492e-05
4060  -0.00168616   0.0103197     1.49174  -1.04463e-05
4070  -0.00255519  0.00946104     2.13008  -1.06457e-05
4080  -0.00147325     0.01053     1.17242  -7.2792e-05
4090  -0.00109935   0.0108994       1.172  1.60169e-05
4100  -0.00179359   0.0102135    0.321299  1.59803e-05
4110  -0.00141896   0.0105837    0.640312  3.40092e-05
4120  -0.00247377  0.00954149  0.00187064  -1.07818e-05
4130  -0.00120332   0.0107967  0.00187023  -2.85654e-05
4140  -0.00190246    0.010106    0.746857  -1.08557e-05
4150  -0.000986209   0.0110112   -0.104364  1.62552e-05
4160  -0.00222756  0.00978475    0.640519  7.02369e-05
4170  -0.00239095  0.00962332   -0.529714  -2.88044e-05
4180  -0.00165148   0.0103539    -1.27429  -5.59741e-05
4190  -0.00127147   0.0107294   -0.317143  3.44546e-05
4200  -0.00234057   0.0096731   -0.423377  -1.8759e-06
4210  -0.00123395   0.0107665    -1.06223  -5.62735e-05
4220  -0.0012151   0.0107851   -0.849143  -1.88812e-06
4230  -0.00119619   0.0108038   -0.849455  6.20021e-05
4240  -0.00245514   0.0095599  0.00187027  3.46745e-05
4250  -0.00188968   0.0101186    -1.59361  1.66342e-05
4260  -0.00278782   0.0092312    -1.91314  5.32682e-05
4270  -0.00295504  0.00906599    -0.95548  6.27105e-05
4280  -0.00404203  0.00799202    -1.59382  6.28495e-05
4290  -0.00421203  0.00782407    -1.16816  4.47023e-05
4300  -0.00493608  0.00710869   -0.423376  1.70894e-05
4310  -0.00455382  0.00748638  0.00176636  7.27868e-05
4320  -0.00639182   0.0056704   -0.317247  1.72098e-05
4330  -0.00489801  0.00714631   -0.423584  -0.000112487
4340  -0.00414207  0.00789319    0.427325  -2.91981e-05
4350  -0.00431405  0.00772327   -0.103948  -2.93838e-05
4360  -0.0035544  0.00847382     1.06608  -6.67612e-05
4370  -0.00297883  0.00904249   -0.104571  -2.95924e-05
4380  -0.00296255  0.00905857   -0.530026  2.64857e-05
4390  -0.00350854  0.00851913    0.853402  -3.91932e-05
4400  -0.00217868  0.00983304    0.533766  -4.85712e-05
4410  -0.00253711  0.00947891    0.427428  4.53298e-05
4420  -0.00308528  0.00893731    0.746857  7.37938e-05
4430  -0.00401299  0.00802072   -0.104675  9.29381e-05
4440  -0.00494404  0.00710083    0.214857  -2.98833e-05
4450  -0.00341532  0.00861122   -0.530026  -2.02787e-05
4460  -0.00453847  0.00750154   -0.423169  4.59631e-05
4470  -0.00433459  0.00770298   -0.210078  -5.85259e-05
4480  -0.00336795  0.00865803   -0.742286  -3.00419e-05
4490  -0.00373375  0.00829662   -0.210493  -3.0272e-05
4500  -0.00276251  0.00925621    -1.59413  -1.52983e-06
4510  -0.00370315  0.00832685    -0.74239  -2.08987e-05
4520  -0.00234454  0.00966918   -0.742805  -3.99892e-05
4530  -0.00290337  0.00911704    -1.27429  6.56152e-05
4540  -0.00365684   0.0083726    -1.06151  3.68962e-05
4550  -0.00364129  0.00838796   -0.955169  8.10762e-06
4560  -0.00381899  0.00821239    -1.48696  9.5266e-05
4570  -0.00554661  0.00650548   -0.955065  7.60725e-05
4580  -0.00534044  0.00670918    -1.48686  -5.95293e-05
4590  -0.00435603   0.0076818    -1.80618  -1.25729e-06
4600  -0.0053153  0.00673402   -0.635636  -3.07069e-05
4610  -0.00374189  0.00828857    -1.27429  -6.96771e-05
4620  -0.00392176  0.00811086    -1.16743  -4.07267e-05
4630  -0.00292735  0.00909334    -1.48727  -7.01972e-05
4640  -0.00251781  0.00949798   -0.955065  4.74181e-05
4650  -0.00387572  0.00815635   -0.742389  1.78918e-05
4660  -0.00287565  0.00914443   -0.742286  -4.10069e-05
4670  -0.00305558  0.00896666   -0.848623  -3.13891e-05
4680  -0.00224787  0.00976469   -0.848935  -7.10211e-05
4690  -0.00163516   0.0103701    -1.27418  1.79762e-05
4700  -0.00260739  0.00940947   -0.742909  9.74073e-05
4710  -0.0035833  0.00844526   -0.635948  5.79445e-05
4720  -0.00376628  0.00826447   -0.210494  -1.62182e-06
4730  -0.00355087  0.00847731   -0.636156  3.83931e-05
4740  -0.00453415  0.00750581    -1.06119  -7.17384e-05
4750  -0.0021161  0.00989488    -1.06161  -0.000172028
4760  -0.00109359   0.0109051     -1.2746  -3.20746e-05
4770  -0.00147461   0.0105287    -1.38062  4.82478e-05
4780  -0.00205854  0.00995174    -1.48675  5.85056e-05
4790  -0.00264472  0.00937259    -1.80577  4.86189e-05
4800  -0.00303092  0.00899102    -1.80629  -2.20893e-05
4810  -0.00220293  0.00980908     -1.5933  -3.22074e-05
4820  -0.00238677  0.00962744    -1.59371  -2.22602e-05
4830  -0.00175773    0.010249    -1.91252  6.94386e-05
4840  -0.00377555  0.00825532    -2.44442  0.000151126
4850  -0.00478026  0.00726265    -1.69995  1.88327e-05
4860  -0.0041522  0.00788318    -2.01865  -3.21804e-05
4870  -0.00413665  0.00789854    -2.65709  1.89802e-05
4880  -0.0045318  0.00750812    -2.12488  6.01713e-05
4890  -0.00534007  0.00670954    -2.44442  5.00569e-05
4900  -0.00553294  0.00651898    -2.01865  1.93252e-05
4910  -0.00572658  0.00632767    -2.55023  -4.26989e-05
4920  -0.00467896  0.00736273    -1.91262  -8.4227e-05
4930  -0.00404204  0.00799202    -3.08286  -3.26457e-05
4940  -0.00402605  0.00800782    -2.55075  -4.32478e-05
4950  -0.00317708  0.00884661    -1.91273  -6.42009e-05
4960  -0.00274203  0.00927645     -2.1254  -4.35922e-05
4970  -0.00230524    0.009708    -1.48675  -1.87044e-06
4980  -0.00270462  0.00931341    -1.80629  8.53407e-06
4990  -0.00247592  0.00953937    -1.48748  1.89386e-05
