Time   C(t)   
ps   
0           1           1  5.94014e-10    0.047543
10    0.526737    0.831264    0.322412   0.0243211
20    0.513578    0.826572     2.36589  0.00109926
30    0.504752    0.823426     1.50513  0.000717178
40    0.499234    0.821458   -0.860361  0.000541218
50    0.493928    0.819566   -0.969022  0.000690497
60    0.485424    0.816535   -0.941548  0.000610135
70    0.481725    0.815216    -1.61345  0.000500226
80     0.47542    0.812968     1.15488  0.000419463
90    0.473336    0.812225    0.186356  0.000416787
100    0.467084    0.809996     1.39603  0.000469482
110    0.463946    0.808877   0.0784306  0.000183661
120    0.463411    0.808686    -1.26551  0.000426643
130    0.455413    0.805835    0.024901  0.000266571
140    0.458079    0.806785    0.185044  0.000432101
150    0.446771    0.802753   -0.405594  0.000701673
160    0.444046    0.801782     -0.5406  0.00016049
170    0.443561    0.801609   -0.406198  0.000232166
180    0.439402    0.800126    0.507613  0.000254953
190    0.438462    0.799791   0.0775379  9.78142e-05
200    0.437446    0.799429     1.12654  0.000289783
210    0.432667    0.797725    0.211546  0.000132161
220    0.434803    0.798486    0.803129  0.000230721
230    0.428052    0.796079    0.346289  0.000626829
240    0.422266    0.794016   -0.245557  0.000333685
250    0.421378      0.7937    -0.70308  0.000164492
260    0.418976    0.792844    0.938345  0.00036523
270    0.414074    0.791096   -0.622076  0.00022573
280    0.414462    0.791234    0.157412  0.000287159
290    0.408331    0.789048    0.507535  0.00046954
300    0.405071    0.787886     0.69649  0.00031492
310    0.402032    0.786802     1.44879  0.000144467
320    0.402182    0.786856    0.506091  -0.000232008
330    0.406672    0.788457    0.452561  4.02778e-06
340    0.402101    0.786827   -0.999199  0.000655951
350    0.393553    0.783779   -0.998123  0.000420299
360    0.393695     0.78383    0.668097  3.1738e-05
370    0.392919    0.783553    0.316978  0.000215423
380    0.389387    0.782294      1.5537  0.000276969
390    0.387379    0.781578       1.258  0.000408079
400    0.381225    0.779384     1.04401  0.000266673
410    0.382046    0.779676    0.532383  -5.1415e-05
420    0.382253     0.77975     1.55378  1.77041e-05
430    0.381692     0.77955     1.33861  2.15486e-05
440    0.381822    0.779597      1.2311  0.000206646
450    0.377559    0.778077    -0.57041  0.000527216
460    0.371278    0.775837     1.98459  0.00021916
470    0.373176    0.776514    0.586149  8.08045e-05
480    0.369662    0.775261     1.76934  -1.60664e-05
490    0.373497    0.776628     0.66647  -3.51071e-05
500    0.370364    0.775511    0.881271  0.000348522
510    0.366527    0.774143    0.747683  0.00022884
520    0.365787     0.77388     1.47338  0.000128391
530    0.363959    0.773228     2.62878  0.000354314
540    0.358701    0.771353     2.54909  0.000226307
550    0.359433    0.771614    0.290239  0.000231029
560    0.354081    0.769706     1.68881  0.000274137
570     0.35395    0.769659     1.60715  -0.000131518
580    0.356711    0.770644     2.54781  -3.37943e-05
590    0.354626      0.7699     1.01544  2.85625e-05
600     0.35614     0.77044     1.60676  0.000271954
610    0.349187    0.767961     2.11757  0.000558554
620    0.344969    0.766457     1.57968  0.000159085
630    0.346005    0.766826     3.03076  0.000179429
640     0.34138    0.765177     2.65536  0.000277923
650    0.340446    0.764845     1.47215  0.000207801
660    0.337224    0.763696     2.76316  0.000243576
670    0.335575    0.763108    0.853351  0.000335005
680    0.330524    0.761307     2.65547  9.8376e-05
690    0.333607    0.762406     1.57913  -3.16471e-05
700    0.331157    0.761533     1.04152  0.000308758
710    0.327432    0.760205     1.84924  0.000253841
720     0.32608    0.759722     2.17087  0.00012743
730    0.324884    0.759296     1.09544  0.000155558
740    0.322969    0.758613     1.90204  0.000183702
750     0.32121    0.757986     1.90204  0.000200044
760    0.318968    0.757187    0.961591  0.000160624
770    0.317997    0.756841     1.49867  2.52441e-05
780    0.318463    0.757007     2.51975  9.72465e-05
790    0.316052    0.756147     1.39009  -0.000210826
800     0.32268     0.75851     1.25572  -8.24526e-05
810    0.317701    0.756735     1.98191  0.000381897
820    0.315042    0.755787    0.584679  2.14159e-05
830    0.317273    0.756582   0.0723396  0.000178578
840     0.31147    0.754514    0.476569  0.000134218
850    0.314589    0.755625      2.0895  1.41427e-05
860    0.311187    0.754413    0.127025  0.000183301
870    0.310923    0.754318    0.475834  0.000224134
880    0.306705    0.752814    0.771534  0.000183977
890    0.307243    0.753006      1.8198  8.35627e-05
900    0.305033    0.752219     1.65892  0.000363007
910    0.299983    0.750418     2.11626  8.79928e-05
920    0.303273    0.751591     2.16945  -7.37488e-05
930    0.301458    0.750944     2.41052  0.000344367
940    0.296386    0.749135     2.51902  0.000328651
950    0.294885      0.7486    0.744401  -0.000142869
960    0.299243    0.750154     2.92115  0.000134444
970    0.292196    0.747642    0.744165  0.000260594
980    0.294032    0.748296     1.28198  -0.000269514
990    0.297586    0.749563     2.19472  9.81748e-05
1000    0.292068    0.747596   -0.385603  0.000196157
1010    0.293663    0.748165     1.17372  -3.26157e-05
1020     0.29272    0.747829     1.36165  0.000344793
1030    0.286767    0.745706     2.57181  0.000287786
1040    0.286965    0.745776     1.41599  -0.000217231
1050    0.291112    0.747255     1.01181  -7.74875e-05
1060    0.288514    0.746329     1.57645  0.000280656
1070    0.285499    0.745254    0.688929  0.000124389
1080    0.286027    0.745442     2.11416  -0.00011474
1090    0.287794    0.746072     2.19501  0.000166398
1100    0.282699    0.744255     2.14082  0.000157931
1110    0.284635    0.744946     1.84557  -5.68479e-05
1120    0.283836    0.744661     2.08679  0.000403731
1130     0.27656    0.742067     1.63116  8.01116e-05
1140    0.282233     0.74409     1.76443  -0.000193557
1150    0.280431    0.743447     2.27499  0.000401098
1160    0.274211    0.741229     2.65127  0.000393383
1170    0.272564    0.740642     2.46431  0.000202577
1180     0.27016    0.739785     1.46897  0.000111106
1190    0.270342     0.73985     1.65829  0.000345746
1200    0.263245    0.737319    0.877411  5.71072e-05
1210      0.2692    0.739442      2.1403  -0.000134894
1220    0.265943    0.738281     1.33336  0.000116138
1230    0.266877    0.738614     2.46294  0.000251132
1240     0.26092    0.736491     2.57103  5.77673e-05
1250    0.265721    0.738202     1.25364  -0.000118403
1260    0.263288    0.737335      1.3072  0.000192997
1270    0.261861    0.736826     1.97895  0.000353955
1280    0.256209    0.734811     1.20017  0.000388309
1290    0.254095    0.734057     1.84509  -0.000177675
1300    0.259763    0.736078     1.30636  -0.000109801
1310    0.256291     0.73484      2.1399  0.000266923
1320    0.254424    0.734175      1.4141  -3.38957e-05
1330    0.256969    0.735082      1.0915  0.000178853
1340    0.250847    0.732899     1.44118  0.000183009
1350    0.253309    0.733777    0.741277  0.000145561
1360    0.247936    0.731861   -0.199247  0.000179572
1370    0.249718    0.732496    0.928973  -3.74056e-05
1380    0.248684    0.732128    0.902943  0.000129144
1390    0.247135    0.731576     1.17106  0.000167937
1400    0.245325     0.73093    0.768515  0.000172618
1410    0.243682    0.730345     1.14477  1.3791e-06
1420    0.245298    0.730921    0.687433  1.5378e-06
1430    0.243652    0.730334    0.391733  0.000147626
1440    0.242345    0.729868      2.0584  0.000109175
1450    0.241468    0.729555      1.3591  0.000238778
1460     0.23757    0.728165      1.1168  0.000342803
1470    0.234612    0.727111    0.633273  5.84953e-05
1480      0.2364    0.727748     1.62727  -0.000179054
1490    0.238193    0.728388    0.310231  0.000188642
1500    0.232627    0.726403    0.713384  0.000318747
1510    0.231818    0.726115     2.37958  0.000146146
1520    0.229704    0.725361   0.0146883  -1.44109e-05
1530    0.232106    0.726217     1.65404  -0.000205694
1540    0.233818    0.726828     1.84213  0.000199032
1550    0.228126    0.724798    0.578641  0.000347392
1560     0.22687     0.72435     2.08419  0.000413921
1570    0.219847    0.721847     2.46095  9.53659e-05
1580    0.224963     0.72367     1.70694  -0.000306376
1590    0.225975    0.724031     1.46477  -0.000140796
1600    0.227779    0.724674     3.13162  0.00014409
1610    0.223093    0.723004    0.309312  0.000297817
1620    0.221822    0.722551     2.99756  -9.7096e-05
1630    0.225035    0.723696     1.73349  -4.42348e-05
1640    0.222707    0.722866      2.2177  0.000484377
1650    0.215347    0.720242     2.32539  1.29394e-05
1660    0.222448    0.722774     3.66902  -0.00014526
1670    0.218253    0.721278     2.19039  0.000331628
1680    0.215816    0.720409     3.48171  -3.52241e-05
1690    0.218957    0.721529     2.67465  -9.7096e-05
1700    0.217758    0.721102     1.08828  0.000195579
1710    0.215046    0.720135     1.97566  0.000347084
1720    0.210816    0.718627     3.10493  4.95851e-05
1730    0.214054    0.719781      1.9214  -0.00012366
1740    0.213289    0.719508     3.18491  0.000183693
1750     0.21038    0.718471     2.19044  -1.25386e-05
1760     0.21354    0.719598     2.08191  5.70938e-06
1770    0.210266     0.71843     2.91587  0.00054273
1780    0.202685    0.715728     3.21244  0.000301628
1790    0.204233     0.71628     3.13023  -0.00018646
1800    0.206415    0.717057     2.24344  6.03676e-05
1810    0.203026    0.715849     2.43182  0.000204223
1820     0.20233    0.715601     2.29734  2.01195e-05
1830    0.202623    0.715706     2.53857  -2.30744e-06
1840    0.202376    0.715617     4.07091  0.000191869
1850    0.198786    0.714337     4.44774  -8.37639e-05
1860    0.204051    0.716215     2.64578  -0.000115101
1870    0.201088    0.715158     2.48467  0.000382843
1880    0.196395    0.713485      3.6681  -6.69584e-06
1890    0.201222    0.715206     2.80779  0.000125667
1900    0.193881    0.712589     3.72178  0.00011154
1910    0.198991    0.714411     3.26366  -5.84275e-06
1920    0.193998     0.71263     3.23755  0.000230712
1930    0.194377    0.712765     2.43124  0.000213367
1940    0.189731    0.711109     2.29713  0.000259341
1950     0.18919    0.710916     2.80732  1.29059e-05
1960    0.189473    0.711017     2.35045  -3.28504e-05
1970    0.189847     0.71115     2.83411  -0.000106341
1980      0.1916    0.711775     3.58631  1.29811e-05
1990    0.189588    0.711058     3.34471  0.00032571
2000    0.185085    0.709453     4.04367  0.000460003
2010    0.180387    0.707778     2.80742  0.000331962
2020    0.178446    0.707085     2.59272  -6.89104e-05
2030    0.181766    0.708269     2.67276  6.99885e-05
2040    0.177046    0.706586       3.721  -9.06065e-06
2050    0.181947    0.708334     3.61283  0.000190908
2060    0.173228    0.705225     4.28613  0.000213735
2070    0.177672     0.70681     3.99012  -9.6336e-05
2080    0.175155    0.705912     2.40356  0.000279962
2090    0.172073    0.704813     1.54386  2.89805e-05
2100    0.174575    0.705705     3.10267  -0.000101192
2110    0.174097    0.705535     3.64015  0.000332848
2120    0.167918    0.703332     2.72707  0.000174239
2130    0.170612    0.704292     4.12449  -3.08022e-05
2140    0.168534    0.703552     4.74247  0.000189194
2150    0.166828    0.702943     4.90372  0.000114558
2160    0.166243    0.702735     3.45183  -5.90138e-05
2170    0.168008    0.703364     3.88148  0.000190514
2180    0.162433    0.701376     3.20984  0.00031313
2190    0.161746    0.701131     4.20466  1.68428e-05
2200    0.162096    0.701256     4.20418  0.000224894
2210    0.157248    0.699528      2.8873  9.73724e-05
2220    0.160149    0.700562     2.96754  -2.50928e-05
2230     0.15775    0.699706     3.02107  2.19584e-05
2240    0.159709    0.700405     3.61302  1.27971e-05
2250    0.157494    0.699615     2.72587  5.06632e-05
2260    0.158696    0.700044     3.50462  2.2427e-05
2270    0.157045    0.699455     3.12805  0.000437141
2280    0.149953    0.696927     4.25811  0.000184864
2290    0.153348    0.698137     3.34366  -8.65303e-05
2300    0.151684    0.697544     2.72516  0.000152323
2310    0.150302    0.697051     3.15531  6.16714e-05
2320    0.150451    0.697104     2.64373  9.07779e-06
2330     0.15012    0.696986     3.10089  0.000292651
2340    0.144598    0.695017     2.99407  8.13648e-05
2350    0.148493    0.696406     2.99354  5.09098e-06
2360    0.144496    0.694981     2.80537  0.000308549
2370    0.142322    0.694206     2.69737  2.92391e-05
2380    0.143911    0.694772     1.83738  0.000237616
2390    0.137569    0.692511     3.07436  0.000116589
2400    0.141579    0.693941     3.66566  -0.00018315
2410    0.141232    0.693817     3.50425  0.000199834
2420    0.137582    0.692516     1.99844  0.000384916
2430    0.133534    0.691073     2.34845  1.57565e-05
2440    0.137267    0.692404     2.80485  -0.000159177
2450    0.136718    0.692208     2.85869  0.000426066
2460    0.128746    0.689366     2.93993  6.48394e-05
2470    0.135421    0.691745     3.47709  -6.61768e-05
2480     0.13007    0.689837     2.64373  0.00029561
2490    0.129509    0.689637      3.3694  -8.61876e-05
2500    0.131793    0.690452     2.96539  -0.000243518
2510    0.134379    0.691374     3.66482  0.000149648
2520      0.1288    0.689385    0.626867  0.00056346
2530     0.12311    0.687356     2.64366  -1.73949e-05
2540    0.129148    0.689509     2.42836  -2.64641e-05
2550    0.123639    0.687545     2.56291  0.000274512
2560    0.123658    0.687551     3.20711  0.00024091
2570    0.118821    0.685827      2.9927  7.74946e-05
2580    0.122108    0.686999     3.01997  -0.000279469
2590     0.12441     0.68782     3.85251  3.31849e-05
2600    0.121444    0.686762      2.9387  0.000301946
2610    0.118371    0.685667     3.69137  0.000113153
2620    0.119181    0.685955       3.073  -6.219e-06
2630    0.118496    0.685711     3.42246  3.37031e-05
2640    0.118507    0.685715     2.99157  7.89825e-05
2650    0.116916    0.685148     1.99786  9.91356e-05
2660    0.116525    0.685008     3.12637  0.000330508
2670    0.110306    0.682791     3.71774  0.00023546
2680    0.111815    0.683329     3.04542  -0.000100824
2690    0.112322     0.68351     3.36749  -9.10696e-05
2700    0.113637    0.683979     2.61487  2.4901e-05
2710    0.111824    0.683332     3.85188  0.000358519
2720    0.106466    0.681422     2.64213  0.000425105
2730    0.103322    0.680301     3.52897  -0.000151679
2740      0.1095    0.682504     3.58274  -0.000131158
2750    0.105945    0.681236     2.23874  0.000401717
2760    0.101466    0.679639     2.53447  0.000351873
2770    0.098908    0.678727     2.18479  0.000118444
2780   0.0990967    0.678795     3.90536  0.000221041
2790   0.0944872    0.677151     3.74422  2.70326e-05
2800   0.0985561    0.678602     3.39486  -0.000192437
2810   0.0983359    0.678523     3.77038  -0.000162537
2820    0.101807    0.679761     3.20514  0.000284016
2830   0.0926556    0.676498     4.33549  0.000186201
2840   0.0980828    0.678433     3.98563  -0.000239614
2850   0.0974479    0.678207     4.25427  0.00022339
2860    0.093615     0.67684     3.39441  0.000177282
2870   0.0939022    0.676942     3.85154  -0.000101167
2880   0.0956383    0.677561     4.22722  7.47114e-05
2890    0.092408     0.67641     5.08808  0.000323479
2900   0.0891688    0.675255     5.11392  0.000184195
2910   0.0887241    0.675096     4.52313  -0.000241545
2920   0.0939997    0.676977     3.95784  -6.47727e-05
2930   0.0900195    0.675558     4.46852  0.000200428
2940   0.0899911    0.675548     4.25354  5.50095e-05
2950   0.0889194    0.675166     4.49482  0.000285186
2960   0.0842874    0.673514     4.73756  0.000217672
2970   0.0845659    0.673614     3.85015  0.000103265
2980   0.0822221    0.672778     3.25854  0.000281968
2990   0.0789265    0.671603      4.0924  0.000151211
3000   0.0791979      0.6717     5.05955  -0.000158851
3010   0.0821036    0.672736     5.27462  -2.20422e-05
3020   0.0796387    0.671857     4.68351  0.000357833
3030   0.0749469    0.670184     4.01197  -9.36165e-07
3040   0.0796574    0.671864     5.19398  -9.56498e-05
3050   0.0768599    0.670866     4.81836  -9.69693e-07
3060   0.0796768    0.671871     5.43555  7.38416e-05
3070   0.0753831     0.67034     4.22651  0.000158592
3080    0.076505     0.67074     4.73722  0.000122156
3090     0.07294    0.669469     5.30136  0.000127564
3100   0.0739537     0.66983     4.60229  1.06826e-05
3110   0.0727263    0.669392       4.092  -1.6208e-05
3120   0.0742779    0.669946     5.32804  0.000155407
3130   0.0696182    0.668284     3.98452  9.63941e-05
3140     0.07235    0.669258     5.48853  0.000124112
3150   0.0671359    0.667399     5.40897  0.000532942
3160   0.0616911    0.665458     4.19969  0.000523689
3170   0.0566621    0.663665     4.60258  -5.23346e-05
3180   0.0627378    0.665831       5.086  -0.00031659
3190    0.062994    0.665923     5.19327  -6.88851e-05
3200   0.0641155    0.666322     4.17138  6.11363e-05
3210   0.0617712    0.665487     4.38668  0.000517152
3220   0.0537725    0.662635      4.9521    0.000366
3230   0.0544512    0.662877     4.22601  -0.000144206
3240   0.0566566    0.663663     4.62822  -0.00023179
3250    0.059087     0.66453     4.43966  -1.40095e-05
3260   0.0569368    0.663763     5.24675  0.000352166
3270   0.0520437    0.662018     4.33247  0.000314685
3280   0.0506431    0.661519     4.25196  0.000112819
3290   0.0497873    0.661214      5.4884  -7.36579e-05
3300   0.0521163    0.662044     4.41255  -3.50486e-05
3310   0.0504883    0.661464     4.30515  0.000289709
3320   0.0463221    0.659978     5.16591  0.000130297
3330   0.0478824    0.660535     4.78923  -7.33487e-05
3340   0.0477891    0.660501     5.78336  -0.00011251
3350   0.0501326    0.661337     4.65396  0.000336426
3360   0.0410606    0.658102     5.32689  2.56531e-05
3370   0.0496195    0.661154     5.00377  -0.000256566
3380   0.0461919    0.659932     5.72936  0.000538217
3390   0.0388552    0.657316     5.19225   0.0003443
3400   0.0393059    0.657477     5.62191  2.75508e-05
3410   0.0383042     0.65712     4.54701  7.78373e-05
3420   0.0377491    0.656922     5.43413  0.000218157
3430    0.033941    0.655564     4.89697  0.000263545
3440   0.0324782    0.655043     5.70307  -6.71213e-05
3450   0.0352834    0.656043     4.22304  2.86791e-05
3460   0.0319046    0.654838     4.19654  0.000146722
3470    0.032349    0.654996      4.9224  0.000277363
3480   0.0263574     0.65286      5.4874  0.000170228
3490   0.0289444    0.653783     5.11091  7.50957e-05
3500   0.0248555    0.652325      4.1973  0.000256357
3510   0.0238173    0.651955      3.6317  8.69736e-05
3520    0.023116    0.651705     3.68601  0.000110019
3530   0.0216169     0.65117     5.16404  -6.06935e-05
3540   0.0243299    0.652137     5.94382  -0.000237508
3550   0.0263671    0.652864     4.97595  7.04064e-05
3560   0.0229217    0.651635      4.0084  7.02392e-05
3570   0.0249623    0.652363     4.54561  3.07104e-05
3580   0.0223075    0.651416     4.65315   0.0004727
3590   0.0155083    0.648992     5.00261   0.0001805
3600   0.0186975    0.650129     4.65307  -0.000140813
3610   0.0183246    0.649996     4.57217  -8.80184e-06
3620   0.0188736    0.650192     4.00798  -0.000124363
3630   0.0208118    0.650883     4.94874  -9.56918e-05
3640   0.0207874    0.650874     3.68541  0.000222688
3650   0.0163581    0.649295     3.57749  0.000286942
3660   0.0150486    0.648828     4.19591  0.000102011
3670   0.0143178    0.648568     3.76539  0.000113998
3680   0.0127686    0.648015     3.17478  7.34825e-05
3690   0.0128482    0.648044     3.57759  5.63051e-05
3700   0.0116425    0.647614      4.2222  0.000190974
3710   0.0090287    0.646682     3.36221  0.000279402
3720  0.00605447    0.645621     3.79265  -1.56309e-06
3730  0.00905996    0.646693     4.24905  -6.97961e-06
3740  0.00619406    0.645671     4.27636  1.60991e-05
3750  0.00873798    0.646578     4.22165  0.000199525
3760  0.00220355    0.644248     3.81926  5.16994e-05
3770    0.007704     0.64621     2.66236  -3.60098e-05
3780  0.00292375    0.644505     3.28134  0.000217981
3790  0.00334437    0.644655     4.08746  -0.000178745
3800  0.00649865     0.64578     4.22173  4.09666e-05
3810  0.00252503    0.644363     4.46343  0.000260979
3820  0.00127907    0.643919     3.41543  0.000100924
3830  0.000506545    0.643643     4.35619  0.000202877
3840  -0.00277847    0.642472     3.09249  0.000400889
3850  -0.00751124    0.640785     3.54962  0.000150225
3860  -0.00578297    0.641401     3.49593  -2.89466e-05
3870  -0.00693231    0.640991     4.16783  4.89744e-05
3880  -0.00676246    0.641052     3.89893  0.000127556
3890  -0.00948342    0.640082     2.95769  0.000194117
3900  -0.0106448    0.639668     2.09744  -6.50651e-05
3910  -0.00818212    0.640546     2.93095  2.58204e-05
3920  -0.0111612    0.639483     3.01156  6.79907e-05
3930  -0.00954193    0.640061     3.27976  0.000123259
3940  -0.0136264    0.638605     3.06499  0.000603867
3950  -0.0216193    0.635755     3.44203  0.000191083
3960   -0.017448    0.637242     3.30621  -0.000216326
3970  -0.0172927    0.637297     3.03754  0.000143429
3980  -0.0203166    0.636219     3.41417  0.000302924
3990  -0.0233512    0.635137     3.17228  0.000113722
4000  -0.0225911    0.635408     2.98346  8.36552e-05
4010  -0.0250243    0.634541     2.15021  0.000262216
4020  -0.0278354    0.633538     2.55396  2.25855e-05
4030   -0.025476     0.63438     3.38664  -0.000137553
4040  -0.0250843    0.634519     2.44514  5.36553e-05
4050  -0.0265491    0.633997     2.95643  0.000369803
4060  -0.0324804    0.631882     3.46733  4.77958e-05
4070  -0.0275051    0.633656     3.14442  -0.000131468
4080   -0.029851     0.63282     2.68731  0.000340923
4090  -0.0343235    0.631225     2.66058  0.000441781
4100  -0.0386867     0.62967     3.76324  0.000211938
4110  -0.0385623    0.629714     3.97786  8.15487e-05
4120  -0.0403176    0.629088     2.60636  -2.48926e-05
4130  -0.0380644    0.629891     2.63331  0.000107294
4140  -0.0424635    0.628323     3.38672  9.44799e-05
4150   -0.039954    0.629218     3.25135  -5.47506e-06
4160   -0.042354    0.628362     3.52094  0.000316156
4170  -0.0462771    0.626963     2.76774  0.000102003
4180  -0.0443941    0.627635      3.1441  0.000134577
4190  -0.0489687    0.626004     3.76248  0.000267825
4200  -0.0497506    0.625725     4.13873  5.28278e-05
4210  -0.0500252    0.625627     3.86959  5.30619e-05
4220  -0.0508118    0.625347     3.22458  7.23623e-05
4230  -0.0514725    0.625111     4.32651  0.000226023
4240  -0.0553323    0.623735      3.6815  0.000245741
4250  -0.0563873    0.623359     2.98251  0.00019548
4260  -0.0592418    0.622341     3.89622  6.11197e-05
4270  -0.0576097    0.622923     4.21887  0.000158299
4280  -0.0624078    0.621212     3.65424  0.000274295
4290  -0.0630956    0.620967     3.59989  8.83026e-05
4300  -0.0641739    0.620582     4.16463  0.000250355
4310  -0.0681027    0.619182     3.33175  0.000289901
4320  -0.0699719    0.618515     3.19705  0.00031058
4330  -0.0743143    0.616967     3.86885  0.000155315
4340  -0.0730782    0.617408      2.4443  -8.4725e-05
4350  -0.0726198    0.617571     2.87401  -0.000352726
4360  -0.0660237    0.619923     3.33014  0.000182807
4370   -0.076276    0.616268      3.3043  0.000470176
4380  -0.0754272     0.61657     3.73424  7.90495e-05
4390   -0.077857    0.615704     3.57328  0.000184287
4400  -0.0791129    0.615256     2.60487  2.69823e-05
4410  -0.0783966    0.615512     2.60426  -5.8537e-05
4420  -0.0779422    0.615674      3.1419  0.000165981
4430  -0.0817162    0.614328     3.14276  3.3728e-05
4440  -0.0786168    0.615433     2.84604  0.000147274
4450  -0.0846617    0.613278     3.11503  0.000200177
4460  -0.0826203    0.614006     3.51847  0.000208252
4470  -0.0888267    0.611793     3.35722  0.000308282
4480  -0.0887859    0.611807     2.95347  7.61073e-05
4490  -0.0903489     0.61125     3.59895  0.00043771
4500  -0.0975401    0.608686     3.78748  0.000277847
4510  -0.0959058    0.609269     3.06155  -5.62381e-05
4520  -0.0964154    0.609087     3.27625  -5.66479e-05
4530  -0.0947729    0.609673     3.84064  -2.72505e-06
4540  -0.0963609    0.609107     3.86757  9.15542e-05
4550   -0.096604     0.60902     2.76532  -6.36023e-05
4560  -0.0950888     0.60956     2.89907  8.54608e-05
4570  -0.0983132    0.608411     3.65219  0.000132864
4580  -0.0977461    0.608613     3.65227  8.61041e-05
4590   -0.100035    0.607797     3.35617  8.61127e-05
4600  -0.0994684    0.607999     3.24877  0.000189194
4610   -0.103819    0.606447     3.81325  0.000428975
4620   -0.108048     0.60494      2.6309  8.08883e-05
4630   -0.105437    0.605871      3.3568  -0.000247839
4640   -0.103091    0.606707     3.54439  4.02141e-05
4650   -0.106241    0.605584     4.24359  0.00011567
4660   -0.105404    0.605882     3.19522  0.000247739
4670   -0.111196    0.603817     4.00147   0.0001996
4680   -0.109396    0.604459     1.76962  -0.000138664
4690   -0.108423    0.604806     2.97952  0.000263629
4700   -0.114669    0.602579     2.79191  7.60149e-05
4710   -0.109943    0.604264      4.0015  -0.000271278
4720   -0.109244    0.604513      3.1948  1.37504e-05
4730   -0.110218    0.604166     2.81799  0.000314618
4740   -0.115536     0.60227     3.78609  0.000119021
4750   -0.112598    0.603317     3.24825  7.84919e-06
4760   -0.115693    0.602214     3.22125  7.2889e-06
4770   -0.112744    0.603265     3.46297  0.000184228
4780   -0.119377      0.6009     3.46342  0.000155809
4790    -0.11586    0.602154     3.94721  -8.33958e-05
4800   -0.117709    0.601495     3.73196  7.98255e-06
4810    -0.11602    0.602097     2.22643  -6.26661e-05
4820   -0.116456    0.601942      3.1139  -4.89242e-05
4830   -0.115042    0.602446     3.54347  -2.04038e-05
4840   -0.116048    0.602087     2.73698  0.000222361
4850   -0.119489    0.600861     3.24801  1.52547e-05
4860   -0.116353    0.601979     2.09143  -0.000184981
4870   -0.115789     0.60218     2.33328  0.000116054
4880   -0.118674    0.601151     2.60237  0.000166625
4890   -0.119122    0.600992     3.22067  -6.3502e-05
4900   -0.117404    0.601604     3.13998  5.94061e-05
4910    -0.12031    0.600568     2.38665  0.000356345
4920   -0.124531    0.599063     2.87115  0.000270475
4930   -0.125719    0.598639     2.54821  0.00021361
4940   -0.128803     0.59754     2.92492  0.00017786
4950   -0.129276    0.597371     2.52142  4.73447e-05
4960    -0.12975    0.597202     2.11819  -6.96205e-05
4970   -0.127884    0.597867     2.68243  7.70181e-05
4980   -0.131291    0.596653     2.84415  0.000128274
4990    -0.13045    0.596953     2.97863  0.000179531
