Time   C(t)   
ps   
0           1           1  7.48811e-10   0.0192491
10    0.807615     0.84953     1.20234    0.010643
20     0.78714    0.833516   -0.543061  0.00203695
30    0.766876    0.817667    0.430758  0.00167952
40     0.75355    0.807244   -0.242043   0.0012835
50    0.741206    0.797589    -0.64554  0.00129036
60    0.727742    0.787059    0.193071  0.00114111
70    0.718384    0.779739    -1.28293  0.000926256
80    0.709217     0.77257    -1.18317  0.000991499
90    0.698554     0.76423    -1.85348  0.000851756
100    0.692182    0.759246   -0.681872  0.000747868
110    0.683597    0.752531   -0.313265  0.000812843
120    0.675925    0.746531   -0.883064  0.000763646
130    0.668324    0.740586   -0.715715  0.000790668
140    0.660112    0.734163   -0.950717  0.000724208
150     0.65384    0.729257    -1.45394  0.000538561
160    0.649341    0.725739    -2.25999  0.000446075
170    0.644918    0.722279    -1.38884  0.00062817
180    0.636777    0.715912   -0.583126  0.000642064
190    0.632077    0.712236    -1.79159  0.000502551
200    0.626726    0.708051    -1.12206  0.000569856
210     0.62068    0.703322    -1.99343  0.000560316
220     0.61552    0.699286   -0.385012  0.000664321
230    0.607393     0.69293    -1.39061  0.000577575
240    0.603969    0.690252   -0.353003  0.000531805
250    0.596757    0.684611   -0.721281  0.000552037
260    0.592928    0.681616    -1.12419  0.000527477
270    0.586208     0.67636  -0.0177811  0.00056937
280     0.58154     0.67271  -0.0852382  0.000538334
290    0.575441    0.667939   -0.923587  0.00060626
300    0.569415    0.663226    0.250049  0.000596711
310    0.563507    0.658605   -0.487753  0.000502774
320     0.55936    0.655362   -0.723541  0.000516903
330    0.553169    0.650519    0.114284  0.000541708
340    0.548526    0.646888    0.181315  0.000417069
350    0.544827    0.643995    -0.25501  0.000413683
360    0.540252    0.640417   -0.355982  0.000405794
370    0.536711    0.637648   -0.490569  0.000278261
380    0.534687    0.636064    0.882982  0.000363898
390    0.529433    0.631955    0.581734  0.000419018
400    0.526306     0.62951    0.145377  0.000365424
410    0.522125    0.626239   -0.827362  0.000366124
420    0.518984    0.623782  -0.0567326  0.000419444
430    0.513736    0.619678  -0.0906738  0.000575686
440     0.50747    0.614777   -0.794535  0.000493538
450    0.503865    0.611958   -0.828574  0.000404768
460    0.499375    0.608446  -0.0907393  0.000403367
470    0.495798    0.605648   -0.157902  0.000413032
480    0.491114    0.601985   -0.157934  0.000345612
490    0.488886    0.600242    0.311415  0.000313418
500    0.484846    0.597082    0.109569  0.000342658
510    0.482033    0.594882   -0.393657  0.000356726
520    0.477711    0.591502    0.242976  0.000352953
530    0.474973    0.589361   -0.529062  0.000327206
540    0.471167    0.586383   -0.797351  0.00038325
550    0.467308    0.583365   -0.194004  0.000377409
560    0.463619     0.58048   -0.865462  0.00035378
570    0.460233    0.577831  0.00669671  0.000347883
580    0.456661    0.575038    -1.60271  0.000304139
590     0.45415    0.573074   -0.194986  0.000342676
600    0.449808    0.569678     0.34205   0.0003723
610    0.446704     0.56725   -0.295664  0.00026381
620    0.444532    0.565551   -0.698081  0.000201882
630    0.442666    0.564092    -1.23499  0.000271663
640    0.439098    0.561301    -1.30248  0.000410937
650    0.434448    0.557664   -0.229321  0.000355731
660    0.431984    0.555737   -0.464617  0.000293793
670    0.428572    0.553068   -0.163174  0.000343794
680    0.425108    0.550359   -0.532337  0.000405233
690    0.420467     0.54673    0.105083  0.000372256
700    0.417663    0.544536    0.305914  0.000242487
710    0.415617    0.542936    0.909424  0.000279151
720     0.41208    0.540169   0.0708134  0.000345142
730    0.408715    0.537537    0.171229  0.000235136
740    0.407377    0.536491    0.539803  0.00020858
750    0.404543    0.534275   0.0365125  0.000281452
760    0.401748    0.532089  -0.0644932  0.00018229
770    0.400897    0.531423     0.84056  0.000239544
780    0.396957    0.528341    0.773397  0.000339888
790    0.394099    0.526106    0.505567  0.000208724
800    0.392783    0.525077    0.706137  0.000216106
810    0.389777    0.522726   -0.300511  0.00030314
820     0.38672    0.520335    0.437357  0.00021477
830    0.385482    0.519366  -0.0669491  0.000270183
840    0.381316    0.516108   -0.401942  0.000389564
850    0.377691    0.513273    0.403219  0.000275934
860    0.375797    0.511792   0.0667856  0.000301868
870    0.371653    0.508551   -0.200881  0.000210574
880    0.371586    0.508498   -0.872634  0.000213572
890    0.367382     0.50521    0.335467  0.000248313
900     0.36662    0.504614     0.13326  0.000198381
910    0.363414    0.502107   -0.872896  0.000362377
920    0.359372    0.498945   -0.838758  0.000277737
930    0.357859    0.497762    -1.51045  0.000285429
940    0.353664     0.49448    -1.94533  0.000288208
950    0.352095    0.493254   -0.705383  0.000189416
960    0.349875    0.491517   -0.772742  0.000257038
970    0.346955    0.489233   0.0985331  0.000338785
980      0.3431    0.486218   -0.805963  0.000299981
990    0.340955    0.484541   -0.236132  0.000144933
1000    0.340201    0.483951   -0.504682  0.00019888
1010    0.336977     0.48143  -0.0692742  0.000257458
1020    0.335052    0.479923    0.199047  0.000206764
1030    0.332842    0.478195   -0.638908  0.000155799
1040    0.331936    0.477486   -0.606081  0.000118801
1050    0.330466    0.476337   -0.740143  0.000226757
1060    0.327401    0.473939   -0.841017  0.000208433
1070    0.326297    0.473076    -1.57921  0.000201955
1080    0.323361     0.47078    0.131164  0.000279832
1090    0.320701    0.468699    0.868901  0.000165237
1100    0.320057    0.468195    0.231056  0.000224571
1110    0.316209    0.465186    0.332193  0.000229622
1120    0.315464    0.464604    0.230532  0.000230327
1130    0.311603    0.461583   0.0301922  0.000233017
1140    0.310804    0.460959   -0.439452  0.000124915
1150    0.309104    0.459629     1.03566  0.000222243
1160    0.306359    0.457482     1.06872  0.00024876
1170    0.304129    0.455738   0.0623322  0.000296812
1180    0.300423    0.452839    0.733168  0.000276023
1190    0.298609     0.45142    0.632785  0.000212532
1200    0.296172    0.449515     1.06882  0.000201073
1210    0.294587    0.448275    0.498592  0.000146748
1220    0.293237    0.447219   0.0287185  0.000166185
1230    0.291264    0.445675    0.263754  0.000152192
1240    0.290193    0.444838    0.699195  0.000183697
1250     0.28759    0.442802    0.398144  0.000313355
1260    0.283926    0.439937   -0.339364  0.000210923
1270    0.283371    0.439503   -0.507695  0.000134769
1280    0.281231    0.437829   -0.373207  0.000142165
1290    0.280528    0.437279   -0.172932  0.000116104
1300    0.278909    0.436012    0.498526  0.000169341
1310    0.277141     0.43463     0.53201  9.49576e-05
1320     0.27701    0.434527   0.0955532  0.00014355
1330     0.27427    0.432384    0.565034  0.000199328
1340    0.273023    0.431409    0.162421  0.000112756
1350    0.272015     0.43062   -0.374386  0.000178444
1360    0.269454    0.428618    0.330228  0.000198184
1370    0.268051     0.42752    0.128741  0.000191431
1380    0.265626    0.425623    0.263262  0.000101833
1390    0.266015    0.425927    0.731695  6.81624e-05
1400    0.264262    0.424557    0.630985  0.000202239
1410     0.26197    0.422764    0.832176  0.000202683
1420    0.260209    0.421386    0.898815  0.000178759
1430    0.258395    0.419968   0.0935556  0.000215849
1440    0.255892     0.41801    0.697459  0.000226115
1450    0.253872    0.416431    0.831816  0.000207056
1460    0.251751    0.414771    0.563495  0.000175628
1470     0.25036    0.413683     1.30048  0.00022524
1480    0.247246    0.411248     1.23391  0.000201073
1490    0.246338    0.410538     1.46822  9.57519e-05
1500    0.245331     0.40975    0.395229  0.00012309
1510    0.243877    0.408613    0.126515  0.000165337
1520    0.242024    0.407164    0.696608  0.000185469
1530    0.240167    0.405711     1.19941  0.000200753
1540    0.238009    0.404023     1.13182  0.000253245
1550    0.235102     0.40175    0.830212  0.000241402
1560    0.233181    0.400247    0.427566  0.000197323
1570    0.231156    0.398663     1.26588  8.59015e-05
1580    0.231463    0.398903    0.427042  0.000175865
1590    0.227639    0.395912     1.16553  0.000260776
1600    0.226247    0.394824     1.39926  0.000204143
1610    0.223556    0.392719     1.66804  0.000204558
1620    0.222156    0.391624     1.56762  0.000120103
1630    0.221154     0.39084     1.86887  0.000243086
1640    0.217294    0.387822     2.10433  0.000193357
1650    0.217287    0.387816     1.23135   8.111e-05
1660    0.215672    0.386553    0.661389  0.000164136
1670    0.214004    0.385248    0.426158  0.000242536
1680    0.210822    0.382759    0.762165  0.000268219
1690    0.208639    0.381052     0.86245  0.000132716
1700    0.208167    0.380683    0.526868  0.000176068
1710    0.205118    0.378298    0.158066  0.000234496
1720    0.203477    0.377015    0.359585  5.03577e-05
1730    0.204111    0.377511    0.627153  3.03365e-05
1740    0.202871    0.376541   -0.211228  0.000154653
1750    0.201018    0.375091    0.492731  0.000119412
1760    0.200482    0.374673     1.26352  7.14526e-05
1770    0.199589    0.373974    0.726881  0.000132732
1780    0.197828    0.372596    0.492403  0.000219679
1790    0.195195    0.370537    0.492632  0.000222714
1800    0.193373    0.369112     1.02911  0.000105742
1810     0.19308    0.368883    0.660112  -1.67355e-05
1820    0.193708    0.369374    -0.24589  0.000142134
1830    0.190238     0.36666     0.79388  0.000221755
1840    0.189273    0.365905    0.223656  5.03451e-05
1850    0.189231    0.365872   -0.648733  6.85416e-05
1860    0.187902    0.364833   -0.145671  0.000127856
1870    0.186674    0.363872    0.323581  0.000104971
1880    0.185803    0.363191   -0.112777  9.75125e-05
1890    0.184723    0.362347   -0.380967  0.000159764
1900    0.182607    0.360692   -0.279962  0.000162686
1910     0.18147    0.359802    0.189223  0.000137239
1920    0.179863    0.358545   0.0213507  8.04797e-05
1930     0.17986    0.358543    0.188732  5.21988e-05
1940    0.178819    0.357729    0.121243  0.000161498
1950     0.17663    0.356017    0.188994  0.000125384
1960    0.176311    0.355767  -0.0797528  8.93004e-05
1970    0.174844     0.35462   -0.348206  0.000139043
1980     0.17353    0.353592  -0.0129835  0.000131562
1990    0.172213    0.352562   -0.113596  0.000103111
2000    0.171468     0.35198     0.25524  0.000116502
2010    0.169883     0.35074    0.053688  0.00015609
2020    0.168346    0.349538    0.188077  0.000151235
2030    0.166858    0.348374    0.657329  7.5347e-05
2040    0.166839    0.348359     1.12651  0.000104596
2050    0.164766    0.346738    0.623944  0.000194387
2060    0.162951    0.345319    0.154758  0.000168487
2070    0.161396    0.344102  -0.0465318  6.58385e-05
2080    0.161635    0.344289    0.221036  6.08213e-05
2090     0.16018    0.343151    0.657493  0.000103269
2100    0.159569    0.342673   -0.382539  0.000151347
2110    0.157153    0.340783   0.0535236  0.000186152
2120    0.155846    0.339761    0.489588  6.96562e-05
2130     0.15576    0.339694    0.690288  5.39243e-05
2140    0.154768    0.338918  -0.0140316  0.000112669
2150    0.153507    0.337931   -0.315738  0.000144984
2160    0.151868     0.33665   -0.281764  0.000121287
2170    0.151081    0.336034    0.221036  4.13276e-05
2180    0.151042    0.336003   -0.215289  8.70451e-05
2190     0.14934    0.334673    0.321125  0.000167681
2200    0.147688     0.33338    0.220643  0.000135869
2210    0.146623    0.332547    0.253897  7.43739e-05
2220      0.1462    0.332217    0.588857  7.19003e-05
2230    0.145185    0.331423    0.655593  0.000112515
2240     0.14395    0.330457     0.75614  0.000129007
2250    0.142604    0.329405    0.789918  7.25403e-05
2260    0.142499    0.329322    0.286791  0.000118839
2270    0.140228    0.327546    0.353887  8.64528e-05
2280     0.14077     0.32797    0.521269  3.5277e-05
2290    0.139522    0.326994     1.02404  8.69207e-05
2300    0.139032     0.32661     1.45961  0.00013347
2310    0.136853    0.324906     1.42619  0.000150058
2320    0.136031    0.324263    0.687995  0.000112323
2330    0.134606    0.323149    0.989767  6.88538e-05
2340    0.134654    0.323186    0.352381  4.45157e-05
2350    0.133716    0.322453    0.855017  8.29183e-05
2360    0.132995    0.321889    0.922179  7.49104e-05
2370    0.132218    0.321281     1.39123  9.43415e-05
2380    0.131108    0.320413      1.0894  0.000155079
2390    0.129116    0.318855    0.754273  0.000158187
2400    0.127945    0.317939    0.418822  0.000117297
2410     0.12677     0.31702    0.384554  0.000183884
2420    0.124267    0.315062    0.954778  0.000225759
2430    0.122255    0.313489    0.854329  0.000198699
2440    0.120293    0.311954     1.05539  6.33653e-05
2450    0.120988    0.312497     1.72551  6.92599e-05
2460    0.118908    0.310871     1.75941  0.000161004
2470    0.117768    0.309979     2.09496  0.000142008
2480    0.116068    0.308649     2.19535  0.00016186
2490     0.11453    0.307447      2.2287  0.000109275
2500    0.113882     0.30694     2.69788  0.000131975
2510    0.111891    0.305383     2.06096  0.000168633
2520     0.11051    0.304302     2.26225  0.000155112
2530    0.108789    0.302956     1.92683  0.000124627
2540    0.108017    0.302353     1.32276  0.000161561
2550    0.105557    0.300429      1.6248  0.000178755
2560    0.104442    0.299556    0.920541  0.00016243
2570    0.102309    0.297888    0.618737  0.00019385
2580    0.100565    0.296524    0.451127  0.000202864
2590   0.0982516    0.294715    0.216321  0.00017224
2600   0.0971201     0.29383    0.551182  8.49817e-05
2610    0.096552    0.293385    0.617952  0.000105112
2620   0.0950179    0.292186     1.62385  0.000142246
2630    0.093707     0.29116     1.75804  0.000139805
2640   0.0922218    0.289999      1.8922  0.000194294
2650   0.0898212    0.288121     1.65775  0.000146276
2660   0.0892963    0.287711     1.38924  8.39777e-05
2670   0.0881416    0.286807     2.05994  0.000112757
2680   0.0870411    0.285947     2.56291  0.000156019
2690   0.0850212    0.284367     2.19417  0.000121978
2700   0.0846016    0.284039     2.12678  4.48845e-05
2710   0.0841235    0.283665     1.79133  8.52656e-05
2720   0.0828962    0.282705     1.85836  0.000105613
2730   0.0820113    0.282013     1.89148  0.000134749
2740   0.0802013    0.280597     1.92503  9.75274e-05
2750   0.0800607    0.280487     2.59557  8.05654e-05
2760     0.07859    0.279337     2.36076  0.000173337
2770    0.076594    0.277776     1.92516  0.000162194
2780   0.0753461      0.2768     2.05935  0.000148179
2790   0.0736304    0.275458     1.32198  0.000142743
2800   0.0724912    0.274567     1.75742  7.03879e-05
2810   0.0722227    0.274357     1.99196  2.98221e-05
2820   0.0718948      0.2741     1.95838  2.69908e-05
2830   0.0716828    0.273935     2.22673  5.63063e-05
2840   0.0707687     0.27322     2.25992  0.000114977
2850   0.0693833    0.272136     1.75725  0.000138721
2860   0.0679942     0.27105     1.65625  9.50657e-05
2870    0.067482    0.270649     2.29311  0.000142437
2880   0.0651455    0.268821     2.39405   6.616e-05
2890   0.0661588    0.269614     2.32676  -7.12946e-06
2900   0.0652881    0.268933     2.32686  6.94789e-05
2910   0.0647692    0.268527     2.82998  0.000105182
2920   0.0631844    0.267288      2.3605  0.000117248
2930   0.0624243    0.266693     2.59495  9.98611e-05
2940   0.0611872    0.265726     2.19247  9.71366e-05
2950   0.0604815    0.265174     1.55528  0.000127166
2960   0.0586439    0.263736     1.72325  0.00012151
2970   0.0580513    0.263273     1.68953  0.000104062
2980   0.0565626    0.262109     1.85708  0.00011921
2990   0.0556671    0.261408     1.82376  0.000137533
3000    0.053812    0.259957     1.15319  0.000119898
3010   0.0532692    0.259533     1.35435  4.23564e-05
3020   0.0529649    0.259295      1.3874  3.64864e-05
3030   0.0525394    0.258962     1.15276  3.05653e-05
3040   0.0523536    0.258817     1.32021  -2.45962e-06
3050   0.0525886       0.259     1.28646  -2.42926e-06
3060   0.0524021    0.258855     1.82288  6.70021e-05
3070   0.0512486    0.257952     1.05228  8.52767e-05
3080   0.0506966    0.257521     1.42108  1.89224e-05
3090   0.0508701    0.257656    0.950914  8.2743e-05
3100   0.0490417    0.256226     1.89043  9.49856e-05
3110   0.0489704     0.25617     1.78952  1.06301e-06
3120   0.0490205     0.25621     1.82311  -5.01443e-06
3130   0.0490707    0.256249     1.42072  5.29513e-05
3140   0.0479615    0.255381     1.18608  0.000111086
3150    0.046849    0.254511     1.78962  6.55046e-05
3160   0.0466514    0.254357     1.52117  3.20474e-05
3170    0.046208     0.25401    0.783401  0.000136487
3180   0.0439216    0.252222    0.985117  0.000164407
3190   0.0429199    0.251438    0.683214  3.56959e-05
3200   0.0432077    0.251663    0.716566  1.43232e-05
3210   0.0426334    0.251214     1.35382  3.28152e-05
3220   0.0425514     0.25115     0.85076  8.21538e-06
3230   0.0424691    0.251086     1.08547  -1.65334e-05
3240   0.0428821    0.251409    0.850629  8.26083e-06
3250   0.0423039    0.250956     1.42039  9.20728e-05
3260   0.0410406    0.249968      1.4545  0.000191837
3270   0.0384672    0.247956     1.48821  6.76984e-05
3280   0.0396867    0.248909     1.32027  -3.4767e-05
3290   0.0391625    0.248499     1.32027  2.74891e-05
3300   0.0391369    0.248479      1.6553  8.08053e-05
3310   0.0375464    0.247235     1.01824  0.000112266
3320   0.0368916    0.246723      1.2863  9.38358e-05
3330   0.0356697    0.245768     1.35389  0.000100369
3340   0.0348842    0.245153     1.68888  4.08895e-05
3350   0.0348519    0.245128     1.48772  6.94416e-05
3360   0.0334954    0.244067     1.38708  0.000101134
3370   0.0328292    0.243546     1.65536  0.000155243
3380   0.0303905    0.241639     2.19247  0.000104906
3390   0.0307311    0.241905     1.45427  -8.74968e-06
3400   0.0305655    0.241775     1.52127  5.15376e-05
3410   0.0297003    0.241099      1.6554  0.000112098
3420   0.0283235    0.240022     2.22546  0.000134703
3430   0.0270063    0.238992     1.89053  0.000122348
3440   0.0258765    0.238108     1.72275  6.52084e-05
3450   0.0257021    0.237972     1.85695  3.66742e-05
3460   0.0251431    0.237534     2.22533  0.00011049
3470   0.0234923    0.236243     2.52733  0.000123593
3480   0.0226712    0.235601     2.56048  0.00010152
3490   0.0214619    0.234655     1.72246  8.5694e-05
3500   0.0209573    0.234261       2.762  0.000137626
3510   0.0187094    0.232502      2.5611  0.000102389
3520   0.0189095    0.232659     2.12491  -6.42054e-07
3530   0.0187222    0.232512     2.59413  6.08864e-05
3540   0.0176918    0.231706     1.75598  0.000122673
3550   0.0162688    0.230593     2.56061  0.000106778
3560   0.0155562    0.230036     1.99029  0.000129957
3570   0.0136696    0.228561     2.05732  0.000133522
3580   0.0128858    0.227948     2.42639  9.48457e-05
3590   0.0117727    0.227077     2.86238  6.89473e-05
3600   0.0115069    0.226869     2.52661  8.55997e-05
3610   0.0100607    0.225738     2.39277  7.92221e-05
3620  0.00992242     0.22563      1.7221  7.95783e-05
3630  0.00846915    0.224493     2.25868  7.31349e-05
3640  0.00845972    0.224486     1.92329  5.69931e-05
3650  0.00732929    0.223602     2.15761  0.000109918
3660  0.00626137    0.222766     2.35922  8.71191e-05
3670  0.00558691    0.222239     2.32558  7.08658e-05
3680  0.00484405    0.221658     2.15793  4.12238e-05
3690  0.00476243    0.221594     2.05719  0.000127802
3700  0.00228801    0.219659     2.05745  0.000101398
3710  0.00273448    0.220008     1.78939  -5.47221e-05
3720  0.00338246    0.220515     2.05716  6.8651e-05
3730  0.00136146    0.218934     2.05732  0.000132198
3740  0.000738494    0.218447     2.45971  5.56919e-05
3750  0.000247619    0.218063     1.95677  1.22714e-05
3760  0.000493066    0.218255     2.29193  -4.42388e-06
3770  0.000336096    0.218132     1.65477  3.59111e-05
3780  -0.000225157    0.217693     1.68845  4.6103e-05
3790  -0.000585963    0.217411     1.95651  1.9253e-05
3800  -0.000610217    0.217392     1.75519  7.34607e-05
3810  -0.00205518    0.216262     1.62103  0.000154888
3820  -0.00370798    0.214969     1.48707  0.000114648
3830  -0.00434814    0.214468     1.25246  7.09249e-05
3840  -0.00512648     0.21386     1.45319  6.09388e-05
3850  -0.00556692    0.213515     1.05074  0.000108891
3860  -0.00730429    0.212156     1.45322   0.0001467
3870  -0.00850093     0.21122     1.55364  0.000102763
3880  -0.00935955    0.210549     1.58735  0.000120259
3890  -0.0109061    0.209339     1.78828  0.000165204
3900  -0.0126636    0.207965     1.21848  8.32353e-05
3910  -0.0125708    0.208037     2.02302  1.02879e-06
3920  -0.0126842    0.207948     1.55331  9.06819e-05
3930  -0.0143845    0.206619     1.65405  0.000187575
3940  -0.0164357    0.205014     1.72148  6.70593e-05
3950  -0.0157256     0.20557     1.62021  3.63227e-05
3960  -0.0171621    0.204446     2.02269  0.000150823
3970  -0.0187421     0.20321     1.51979  8.52368e-05
3980  -0.0188669    0.203113     1.98914  6.82329e-05
3990  -0.0201068    0.202143     2.19034  0.000103258
4000   -0.020932    0.201498     1.98905  1.62638e-05
4010   -0.020432    0.201889      2.0225  1.64266e-05
4020  -0.0212606    0.201241     1.92188  8.65018e-05
4030  -0.0221621    0.200536     1.85466  2.70796e-05
4040  -0.0218022    0.200817      1.6532  5.54213e-05
4050  -0.0232705    0.199669     1.41853  0.000154131
4060  -0.0248848    0.198406     2.12288  0.000154638
4070  -0.0263633     0.19725     1.28486  0.000116274
4080  -0.0272103    0.196587     1.35166  7.77579e-05
4090  -0.0279184    0.196033     1.38511  4.96552e-05
4100  -0.0282034     0.19581     1.31765  0.00011738
4110   -0.030266    0.194197    0.747855  0.000171028
4120  -0.0316239    0.193135    0.714274  9.6789e-05
4130  -0.0322018    0.192683    0.747822  1.14426e-05
4140  -0.0318528    0.192956     0.81469  1.87196e-05
4150  -0.0325762     0.19239    0.747331  8.68037e-05
4160  -0.0335889    0.191598    0.680169  0.000112212
4170  -0.0348204    0.190635    0.680431  0.000130557
4180     -0.0362    0.189556   0.0100202  0.00012739
4190  -0.0373682    0.188642     0.21118  3.7623e-05
4200  -0.0369525    0.188968     0.44556  3.06537e-05
4210  -0.0379813    0.188163    0.277818  8.49586e-05
4220  -0.0386516    0.187639    0.613367  8.52902e-05
4230  -0.0396871    0.186829    0.479304  2.01352e-05
4240  -0.0390543    0.187324    0.814297  6.76794e-05
4250  -0.0410407     0.18577    0.915236  0.000140624
4260  -0.0418668    0.185124    0.881525  -1.26697e-06
4270  -0.0410154     0.18579    0.679678  5.37753e-05
4280  -0.0429423    0.184283     1.08232  0.000134376
4290  -0.0437029    0.183688    0.847551  0.000101898
4300  -0.0449803    0.182689     1.08239  0.000127963
4310  -0.0462621    0.181686    0.981874  5.10147e-05
4320  -0.0460006    0.181891    0.981515  7.02646e-06
4330  -0.0464027    0.181576     1.18254  0.000114252
4340  -0.0482856    0.180104     1.38406  0.000114523
4350  -0.0486931    0.179785     1.08209  5.93899e-05
4360  -0.0494734    0.179175    0.847322  0.000145087
4370  -0.0515949    0.177515     0.94813  0.000123132
4380   -0.051936    0.177248    0.847485  1.92463e-05
4390  -0.0519798    0.177214    0.679481  7.16727e-05
4400  -0.0533695    0.176127    0.646162  0.000101773
4410  -0.0540153    0.175622    0.478159  0.000117215
4420  -0.0557138    0.174294    0.679514  0.000110023
4430  -0.0562157    0.173901    0.713128  9.92285e-05
4440  -0.0576984    0.172742    0.847191  0.000133443
4450  -0.0588846    0.171814     1.28332  0.000107501
4460  -0.0598484     0.17106     1.11561  0.000160909
4470  -0.0621028    0.169297     1.31674  0.000161376
4480  -0.0630759    0.168536     1.24941  7.84934e-05
4490  -0.0636726    0.168069     1.41715  0.000147323
4500  -0.0660223    0.166231     1.04864  0.000162951
4510  -0.0669316     0.16552    0.847223  0.000110196
4520  -0.0682263    0.164507    0.444642  0.000102909
4530  -0.0689898     0.16391     1.45077  6.88281e-05
4540  -0.0696028    0.163431     1.41715  6.52559e-05
4550  -0.0702949    0.162889     1.41748  0.00011552
4560  -0.0719132    0.161624     1.14906  6.57409e-05
4570  -0.0716098    0.161861     1.68544  4.29802e-05
4580  -0.0727728    0.160951     1.01477  6.6223e-05
4590  -0.0729342    0.160825      1.2158  7.81912e-05
4600  -0.0743367    0.159728     1.35002  8.22492e-05
4610  -0.0745792    0.159538     1.28309  5.93185e-05
4620   -0.075523      0.1588     1.24948  7.89657e-05
4630  -0.0761585    0.158303    0.545386  4.80425e-05
4640  -0.0764839    0.158049    0.846961  6.38995e-05
4650  -0.0774365    0.157304     1.04835   4.448e-05
4660  -0.0773735    0.157353     1.04809  4.86743e-05
4670    -0.07841    0.156542    0.813446  6.84299e-05
4680  -0.0787421    0.156283     1.08167  4.11551e-05
4690  -0.0792331    0.155899     1.11515  -2.98031e-05
4700   -0.078146    0.156749      1.0476  6.91626e-05
4710  -0.0806164    0.154817     0.88028  0.00015632
4720  -0.0812724    0.154304    0.980663  -1.80639e-06
4730  -0.0805802    0.154845     1.14808  4.20857e-05
4740  -0.0821141    0.153645     1.24905  7.79256e-05
4750  -0.0821387    0.153626     1.08128  3.44232e-05
4760  -0.0828026    0.153107    0.712342  7.05134e-05
4770   -0.083549    0.152523    0.645573  0.00010687
4780    -0.08494    0.151435    0.410898  -1.26585e-06
4790  -0.0835237    0.152543    0.779602  -1.30821e-05
4800  -0.0846784     0.15164     0.37748  6.72895e-05
4810  -0.0848695     0.15149    0.410701  0.000120186
4820  -0.0870821     0.14976    0.209837  0.000120452
4830  -0.0872785    0.149606    0.377284  -4.11648e-05
4840  -0.0862588    0.150404    0.108668  -5.55441e-07
4850  -0.0872674    0.149615     0.20951  8.47679e-05
4860  -0.0879541    0.149078    0.812987  0.000109615
4870  -0.0894597      0.1479    0.645671  5.27229e-05
4880  -0.0890086    0.148253    0.309958  2.44476e-05
4890  -0.0899487    0.147518    0.511281  -2.48563e-05
4900  -0.0885115    0.148642    0.343212  4.93083e-05
4910  -0.0909348    0.146746    0.510986  0.00014803
4920  -0.0914721    0.146326    0.544633  6.62174e-05
4930  -0.0922592     0.14571    0.611926  6.23152e-05
4940  -0.0927184    0.145351    0.611599  5.43084e-05
4950  -0.0933453    0.144861    0.242894  6.28162e-05
4960  -0.0939747    0.144369    0.410669  5.47327e-05
4970    -0.09444    0.144005    0.544666  4.24605e-05
4980  -0.0948239    0.143704    0.779373  0.000105321
4990  -0.0965464    0.142357    0.645376  0.000168181
