Time   C(t)   
ps   
0           1           1  1.26616e-09        0.05
10    0.504678    0.818241    0.563575   0.0259752
20    0.480497    0.809368     1.75636  0.00195028
30    0.465673    0.803928    -1.05077  0.00133189
40    0.453859    0.799593    -1.50062  0.000870775
50    0.448257    0.797537    -1.50155  0.000631706
60    0.441225    0.794957   -0.072822  0.000938118
70    0.429495    0.790653  -0.0990612  0.000801149
80    0.425202    0.789077   -0.523291  0.000757007
90    0.414355    0.785097   -0.417402  0.000658524
100    0.412031    0.784244   -0.523757  0.000332442
110    0.407706    0.782657    0.561092  0.000532769
120    0.401376    0.780334   -0.100121  0.00076585
130    0.392389    0.777036   -0.920092  0.000570706
140    0.389962    0.776146     1.93838  0.000139229
150    0.389604    0.776015     1.27582  0.000236256
160    0.385237    0.774412   -0.419264  0.000229453
170    0.385015    0.774331    0.135802  0.000431128
180    0.376614    0.771248   -0.074684  0.000553657
190    0.373942    0.770267      0.1365  9.47952e-05
200    0.374718    0.770552  -0.0765976  0.000325514
210    0.367432    0.767878     -1.6652  0.00071505
220    0.360417    0.765304   -0.763921  0.000319698
230    0.361038    0.765532     -1.6128  0.000154595
240    0.357325     0.76417    -1.02978  0.000270441
250    0.355629    0.763547    -1.53444  0.000433896
260    0.348647    0.760985   -0.923997  0.000423551
270    0.347158    0.760439    -2.24945  0.000272463
280    0.343198    0.758986   -0.607416  0.000309254
290    0.340973    0.758169  -0.0514708  0.000233626
300    0.338526    0.757271    -1.87925  0.000310561
310    0.334762     0.75589    -1.16403  0.000292906
320    0.332667    0.755122    -2.64754  0.000238906
330    0.329984    0.754137   -0.873484  0.000261264
340    0.327442    0.753204   -0.556075  0.00027637
350    0.324456    0.752108     -1.1653  0.000408541
360    0.319271    0.750206     0.55654  0.000376436
370    0.316928    0.749346     -2.0394  0.000186789
380    0.315536    0.748835   -0.424488  0.000304487
390    0.310838    0.747111   -0.238613  0.000316118
400    0.309213    0.746515   -0.926972  0.000162554
410    0.307587    0.745918    0.502819  0.00035048
420    0.302204    0.743943    -1.35074  0.000546202
430    0.296663     0.74191   -0.290653  0.000304031
440    0.296123    0.741711    0.635129  0.000153644
450     0.29359    0.740782   -0.372061  0.000249878
460    0.291125    0.739878    -1.03472  -7.86662e-05
470    0.295163    0.741359    -0.37413  0.000121418
480    0.288697    0.738987    -1.93592  0.000528701
490    0.284589    0.737479   -0.638052  4.02674e-05
500    0.287892    0.738691   -0.400861  0.000141048
510    0.281768    0.736444    0.235613  0.000218917
520    0.283513    0.737084    -2.75881  0.000208603
530    0.277596    0.734913   -0.798153  0.000387442
540    0.275765    0.734241    -1.77763  0.000201993
550    0.273556    0.733431    -1.22158  0.000176303
560    0.272238    0.732947    -1.69894  0.000202885
570    0.269499    0.731942    -2.46718  0.000341611
580    0.265406     0.73044   -0.586788  8.01682e-05
590    0.267895    0.731353   -0.639862  5.81592e-05
600    0.264243    0.730013    -2.12288  0.00018938
610    0.264108    0.729963   -0.719564  -4.29556e-05
620    0.265102    0.730328   -0.243863  9.98139e-05
630    0.262111    0.729231    -0.19198  0.000412408
640    0.256854    0.727302   -0.746605  0.000243543
650     0.25724    0.727444   -0.138569  8.21099e-05
660    0.255212    0.726699   -0.721297  6.61016e-06
670    0.257108    0.727395   -0.695342  2.57045e-05
680    0.254698     0.72651    0.152575  0.000426864
690    0.248571    0.724262   -0.376562  0.000359292
700    0.247512    0.723874   -0.588185  -3.81693e-06
710    0.248647     0.72429   -0.906991  5.71273e-05
720    0.246369    0.723454   -0.986408  -6.08794e-05
730    0.249865    0.724737    0.204019  9.91896e-05
740    0.244386    0.722726    -2.76202  0.000327487
750    0.243315    0.722334   0.0978974  0.000374219
760    0.236901     0.71998   -0.855107  0.000309872
770    0.237118    0.720059    0.178607  0.000142656
780    0.234048    0.718933   -0.961022  0.00013131
790    0.234492    0.719096    0.176849  0.00010113
800    0.232025    0.718191      -1.889  0.000220136
810    0.230089     0.71748    -1.04041  0.000182265
820     0.22838    0.716853    0.335373  3.27297e-05
830    0.229434     0.71724    -1.54489  0.000133032
840     0.22572    0.715877     -0.9095  0.000167687
850     0.22608    0.716009    -1.57146  3.32743e-05
860    0.225054    0.715633   -0.724736  -3.99746e-05
870     0.22688    0.716303   -0.698264  0.000130051
880    0.222453    0.714678    -1.57239  0.000292418
890    0.221032    0.714157    -1.46576  0.000169417
900    0.219065    0.713435    -2.36703  -8.22641e-05
910    0.222677     0.71476    -2.81833  0.000344827
920    0.212168    0.710904    -1.09548  0.000441921
930    0.213838    0.711517     -1.3867  -7.77073e-05
940    0.213722    0.711474    -1.49313  0.000221874
950    0.209401    0.709889   -0.539586  0.000155845
960    0.210605    0.710331   0.0159972  -0.000186919
970    0.213139    0.711261   -0.488503  -3.87646e-05
980    0.211381    0.710615    0.280126  0.000265991
990     0.20782    0.709308    -1.41465  0.000211641
1000    0.207148    0.709062    -1.62617  -1.50576e-05
1010    0.208121    0.709419    -2.52744  -3.2492e-06
1020    0.207213    0.709086    -2.10339  -3.47607e-05
1030    0.208816    0.709674    -1.30938  -9.76212e-05
1040    0.209165    0.709802    -1.38926  -3.89591e-05
1050    0.209595     0.70996    -1.33655  0.000363109
1060    0.201903    0.707137    -2.66004  0.000162261
1070     0.20635    0.708769    -1.12387  -0.000204234
1080    0.205988    0.708636    -2.23728  0.000162952
1090    0.203091    0.707573   -0.409888  0.000321607
1100    0.199556    0.706276   -0.674663  0.000429194
1110    0.194507    0.704423   -0.647156  0.000251558
1120    0.194524     0.70443   -0.859297  -0.000216368
1130    0.198834    0.706011    -1.49704  9.75572e-05
1140    0.192573    0.703714     1.07329  0.000216668
1150    0.194501    0.704421    -1.54928  5.41873e-05
1160     0.19149    0.703316   -0.330962  6.99267e-05
1170    0.193102    0.703908    0.145022  8.23692e-05
1180    0.189842    0.702712   -0.118821  0.000362362
1190    0.185855    0.701249    0.834234  6.26661e-05
1200    0.188589    0.702252     1.15146  -5.70379e-05
1210    0.186996    0.701667    0.621887  0.000151387
1220    0.185561    0.701141    0.568735  0.000163683
1230    0.183722    0.700466     2.34342  5.13531e-05
1240    0.184534    0.700764     1.65395  -4.08761e-05
1250     0.18454    0.700766    0.329268  0.000164609
1260    0.181242    0.699556   -0.227039  0.000273699
1270    0.179066    0.698757    0.753705  0.000262377
1280    0.175994     0.69763   -0.385951  7.67566e-05
1290    0.177531    0.698194     1.28194  0.00015816
1300    0.172831    0.696469  -0.0944959  0.000296114
1310    0.171608    0.696021    0.991542  0.000110259
1320    0.170626     0.69566     1.54715   0.0002202
1330    0.167204    0.694405     1.49459  0.00023283
1340    0.165969    0.693951     3.21599  0.000111283
1350    0.164979    0.693588      1.7587  2.1717e-05
1360    0.165535    0.693792     1.36081  2.59481e-05
1370     0.16446    0.693398     2.63244  6.28047e-05
1380    0.164279    0.693331     2.07525  3.84234e-05
1390    0.163691    0.693116    0.273762  0.000218739
1400    0.159904    0.691726    0.804917  0.000174022
1410    0.160211    0.691838     2.71072  0.000150006
1420    0.156904    0.690625     1.73127  0.000150071
1430    0.157209    0.690737     2.44524  8.48144e-05
1440    0.155208    0.690003     1.67716  -2.6387e-05
1450    0.157737    0.690931   0.0865681  -0.000216116
1460     0.15953    0.691589      1.4903  0.000436147
1470    0.149014     0.68773     1.54469  0.000465482
1480     0.15022    0.688172     2.12688  -0.000108375
1490    0.151182    0.688525     2.17912  -0.000108732
1500    0.152395     0.68897     2.36342  0.000331036
1510    0.144561    0.686096     2.36453  0.000402027
1520    0.144355     0.68602     2.04694  -4.59678e-05
1530     0.14548    0.686433     2.76079  5.80937e-05
1540    0.143193    0.685594     3.39721  0.000470947
1550    0.136061    0.682977     1.83483  0.000275598
1560    0.137681    0.683571      2.6017  7.18601e-05
1570    0.134624    0.682449     2.33726  1.72667e-05
1580    0.137335    0.683444     2.49467  -1.15737e-05
1590    0.134856    0.682534      3.0774  2.16603e-05
1600    0.136902    0.683285     2.41523  0.000181494
1610    0.131226    0.681202     2.94535  0.000341295
1620    0.130076     0.68078     2.57458  0.000157186
1630    0.128082    0.680049     2.52114  0.000241829
1640     0.12524    0.679006     3.97785  0.000162123
1650     0.12484    0.678859     3.10382  -2.75083e-05
1660     0.12579    0.679208      3.2359  7.83246e-05
1670    0.123273    0.678284     2.59934  0.000184182
1680    0.122106    0.677856     2.52112  -6.18845e-06
1690    0.123397    0.678329       2.652  8.74128e-05
1700    0.120358    0.677214     2.62566  0.000304211
1710    0.117313    0.676097     2.81089  0.000100578
1720    0.118346    0.676476     2.28124  0.000186285
1730    0.113587     0.67473     3.07611  0.000335763
1740    0.111631    0.674012     2.36068  0.000204274
1750    0.109501    0.673231     2.81169  -1.76404e-05
1760    0.111984    0.674141     2.06853  8.11756e-05
1770    0.107878    0.672635     1.91008   1.228e-05
1780    0.111738    0.674051       3.101  3.85448e-05
1790    0.107107    0.672352     3.84274  0.00031753
1800    0.105388    0.671721     2.06868  0.000292679
1810    0.101254    0.670204     1.85732  0.000202748
1820    0.101333    0.670233     1.38007  0.000138806
1830   0.0984774    0.669185     2.83635  4.39376e-05
1840    0.100454    0.669911     3.71051  -0.000193497
1850    0.102347    0.670605     4.21328  8.85501e-07
1860    0.100436    0.669904     2.80926  0.000325709
1870   0.0958331    0.668215     4.00155  9.53488e-06
1880    0.100246    0.669834     2.35928  7.9665e-05
1890   0.0942398     0.66763     2.81022  9.66065e-05
1900   0.0983135    0.669125     3.15325  5.98542e-06
1910   0.0941201    0.667586     3.44519  0.000162505
1920   0.0950634    0.667932     3.04738  9.33904e-05
1930   0.0922523    0.666901     3.04671  3.21861e-05
1940   0.0944197    0.667696     3.76092  6.31534e-05
1950   0.0909893    0.666437     3.39139  6.00182e-06
1960   0.0942996    0.667652     2.49038  -0.000309555
1970   0.0971804    0.668709     3.94674  0.000269661
1980   0.0889064    0.665673     2.94054  0.000445633
1990   0.0882677    0.665439     3.49633   0.0001301
2000   0.0863044    0.664718     2.86047  3.33145e-05
2010   0.0876014    0.665194     2.75489  4.68127e-05
2020   0.0853681    0.664375     1.69561  0.000188186
2030   0.0838377    0.663813     2.94043  7.3598e-05
2040   0.0838962    0.663835     2.51703  0.000131578
2050   0.0812061    0.662848     2.88749  0.000105037
2060   0.0817954    0.663064     2.88674  -0.000232245
2070    0.085851    0.664552     2.43554  6.55495e-05
2080   0.0804844    0.662583     2.48989  0.000158607
2090   0.0826789    0.663388     4.07833  -4.11846e-05
2100   0.0813081    0.662885     2.88666  -1.25095e-06
2110   0.0827039    0.663397     4.79228  2.12297e-05
2120   0.0808835    0.662729      3.8664  0.000267339
2130   0.0773571    0.661435     4.26322  -5.04352e-05
2140   0.0818923    0.663099     3.22928  -0.000193749
2150   0.0812321    0.662857      2.8317  0.000322387
2160   0.0754445    0.660733     3.62719   0.0001969
2170   0.0772941    0.661412     3.20285  0.000130311
2180   0.0728383    0.659777     2.88501  -4.57492e-05
2190   0.0782091    0.661748     2.99017  -5.88085e-05
2200   0.0740145    0.660209      3.8642  0.000293279
2210   0.0723435    0.659595     5.18918  0.000244363
2220   0.0691272    0.658415      3.7336  0.000108805
2230   0.0701674    0.658797     4.92449  -0.000167686
2240   0.0724809    0.659646     3.99638  -8.15894e-05
2250   0.0717992    0.659396     5.10894  0.000296016
2260   0.0665606    0.657473      5.1624  0.00015509
2270   0.0686974    0.658257     4.89688  -9.06125e-05
2280   0.0683729    0.658138     5.10881  2.3317e-05
2290   0.0682311    0.658086     5.58524  0.000124057
2300   0.0658917    0.657228      5.9036  0.000174671
2310   0.0647376    0.656804     5.53265  -5.42361e-05
2320   0.0669764    0.657626      5.7168  -8.2273e-06
2330   0.0649022    0.656865     6.77667  0.000239928
2340   0.0621779    0.655865     3.49307  -6.35028e-05
2350   0.0661722    0.657331     4.15382  0.000273495
2360    0.056708    0.653858       4.685  1.46352e-05
2370   0.0658795    0.657223     4.04689  -0.000173713
2380   0.0601822    0.655133     3.86257  0.000195308
2390   0.0619734     0.65579     4.68339  7.57096e-05
2400    0.058668    0.654577     5.66302  0.000261361
2410   0.0567461    0.653872     4.18034  7.62211e-05
2420   0.0571436    0.654018     4.47218  0.000188307
2430     0.05298     0.65249     3.96879  2.99362e-05
2440   0.0565449    0.653798     4.94793  -0.000100123
2450   0.0549824    0.653225     4.36456  0.00029189
2460   0.0507071    0.651656      4.6836  5.37489e-05
2470   0.0539075     0.65283     5.45124  -6.74173e-05
2480   0.0520554    0.652151     4.36479  2.59079e-05
2490   0.0533893     0.65264     4.65625  0.000218828
2500   0.0476789    0.650545     5.29197  0.000298916
2510    0.047411    0.650446     3.94105  -3.44193e-05
2520   0.0483672    0.650797     5.21255  0.000102373
2530   0.0453635    0.649695     5.39791  0.000263026
2540   0.0431067    0.648867     4.15327  -1.08834e-06
2550   0.0453853    0.649703     3.64957  2.75809e-05
2560   0.0425551    0.648664      3.7815  5.57385e-05
2570   0.0442705    0.649294     3.27795  0.000122742
2580   0.0401003    0.647764     4.65534  0.000241585
2590   0.0394388    0.647521     2.82818  0.000147245
2600   0.0371554    0.646683     3.62222  0.000123692
2610    0.036965    0.646613     3.01313  3.81798e-05
2620   0.0363918    0.646403     3.46316  5.7379e-05
2630   0.0358174    0.646192     4.54883  -5.25711e-05
2640   0.0374432    0.646789      4.7072  1.45622e-05
2650   0.0355262    0.646085     2.95868  0.000191962
2660    0.033604     0.64538     4.75981  0.000206874
2670   0.0313887    0.644567     3.93906  4.46662e-07
2680    0.033595    0.645377      3.6207  -3.77493e-05
2690   0.0321437    0.644844     3.51447  1.98005e-05
2700    0.033199    0.645231     4.49428  -3.32093e-05
2710   0.0328079    0.645088     3.22268  -3.8204e-05
2720   0.0339631    0.645512     3.85846  -1.39285e-05
2730   0.0330864     0.64519      1.9245  3.43706e-05
2740   0.0332757    0.645259     3.14311  0.000160913
2750   0.0298682    0.644009     2.48078  5.40331e-05
2760    0.032195    0.644863     2.87774  9.36015e-05
2770   0.0279961    0.643322     2.82492  9.82957e-05
2780   0.0302291    0.644141     1.76533  -1.83061e-05
2790   0.0283623    0.643456      1.7129  -3.33148e-05
2800   0.0308954    0.644386     2.74491  -6.74337e-05
2810   0.0297109    0.643951      1.9236  0.000226617
2820   0.0263631    0.642723      1.9762  6.00349e-05
2830   0.0285102    0.643511     2.90297  -4.77063e-05
2840   0.0273172    0.643073      3.5124  -7.27858e-05
2850    0.029966    0.644045     2.18723  -0.000196129
2860   0.0312398    0.644512     2.63801  6.02867e-05
2870   0.0287602    0.643602     2.02806  0.000233447
2880   0.0265708    0.642799     2.95527  0.000219291
2890   0.0243744    0.641993     3.24675  0.000120622
2900   0.0241584    0.641914      4.1208  -0.000231872
2910   0.0290118    0.643695     2.31897  -8.28566e-05
2920   0.0258155    0.642522     2.37194  0.000275257
2930   0.0235067    0.641675     2.21332  0.000156357
2940   0.0226884    0.641374     1.10094  -3.30712e-05
2950   0.0241681    0.641917     1.63025  -1.80381e-05
2960   0.0230491    0.641507     1.44497  -0.000103469
2970   0.0262375    0.642677     2.84819  -0.000404626
2980   0.0311416    0.644476     2.10559  -0.000179455
2990   0.0298266    0.643994     1.84074  9.64684e-05
3000   0.0292123    0.643768     2.15877  -9.47466e-05
3010   0.0317215    0.644689     1.20496  4.65855e-05
3020   0.0282806    0.643426     2.10645  8.67062e-05
3030   0.0299874    0.644053      2.6355  6.29425e-06
3040   0.0281547     0.64338     3.21839  0.000107506
3050   0.0278373    0.643264     2.23837  -0.000232294
3060   0.0328006    0.645085     2.50198  4.19724e-05
3070   0.0269978    0.642956     2.68871  0.000331581
3080   0.0261689    0.642652     2.26463  1.4619e-06
3090   0.0269686    0.642945     1.97349  -9.03691e-05
3100   0.0279763    0.643315     1.99962  -1.90289e-05
3110   0.0273492    0.643085     0.51676  -3.96335e-05
3120    0.028769    0.643606     1.04592  6.52978e-06
3130   0.0272186    0.643037    0.489848  -0.000183735
3140   0.0324437    0.644954     1.62772  -3.45819e-05
3150   0.0279102    0.643291     1.76057  3.14957e-05
3160   0.0318138    0.644723     1.52196  -0.000112224
3170   0.0301547    0.644114     1.38936  0.000222987
3180   0.0273541    0.643086    0.939258  0.000182127
3190   0.0265122    0.642778    0.833161  -2.44704e-05
3200   0.0278435    0.643266     2.71324  -3.9942e-05
3210    0.027311    0.643071     2.50149  4.81124e-05
3220   0.0268812    0.642913    0.965134  -1.93944e-05
3230   0.0276989    0.643213   -0.730052  6.92529e-05
3240   0.0254962    0.642405     1.01878  9.01011e-05
3250   0.0258969    0.642552   -0.094613  -0.000186545
3260   0.0292271    0.643774     1.89159  0.00011164
3270   0.0236641    0.641732   -0.676745  0.000315833
3280   0.0229104    0.641456    0.567559  0.000191077
3290   0.0198425     0.64033   -0.305797  2.30978e-05
3300   0.0224484    0.641286    0.673861  -9.22859e-05
3310   0.0216883    0.641007     0.17024  1.27346e-05
3320   0.0221937    0.641193    0.249347  0.000129109
3330   0.0191061     0.64006  -0.0415643  0.000155707
3340   0.0190796     0.64005    0.752864  -0.000103299
3350    0.021172    0.640818    0.593875  -6.10257e-05
3360   0.0203001    0.640498     1.22947  0.000183077
3370   0.0175105    0.639474  -0.0151441  0.000204843
3380   0.0162033    0.638995   -0.810012  -8.23531e-05
3390   0.0191576    0.640079    0.381915  -6.09039e-05
3400   0.0174213    0.639442     1.17583  7.75776e-05
3410    0.017606    0.639509   -0.148023  -2.92134e-05
3420   0.0180056    0.639656   -0.572019  5.12229e-05
3430   0.0165816    0.639133   -0.227363  0.000164105
3440   0.0147235    0.638452   -0.598828  0.000159151
3450   0.0133985    0.637965    -1.63148  5.18808e-05
3460   0.0136859    0.638071     -1.3408  0.000160101
3470   0.0101965     0.63679     -1.8969  0.000187341
3480  0.00993906    0.636696    -1.97658  -6.08146e-05
3490   0.0114128    0.637237     -1.7124  6.37708e-05
3500  0.00866364    0.636228    -2.21506  0.000204819
3510  0.00731643    0.635734     -1.1031  0.000221963
3520  0.00422437    0.634599    -2.21545  0.000151695
3530  0.00428252     0.63462    -1.84463  -1.12972e-05
3540  0.00445031    0.634682    -1.36803  -0.00014251
3550  0.00713272    0.635666    -1.79218  2.14816e-05
3560  0.00402068    0.634524   -0.917816  4.30283e-05
3570  0.00627215     0.63535    -1.55445  0.000191727
3580  0.000186147    0.633117    -1.55359  0.00045014
3590  -0.00273065    0.632047     -1.6329  9.93841e-05
3600  -0.00180153    0.632388    -2.00435  -5.44148e-05
3610  -0.00164235    0.632446     -1.5813  -6.02623e-05
3620  -0.000596288     0.63283    -0.65423  4.47582e-05
3630  -0.00253751    0.632118   -0.681272  0.000177741
3640  -0.00415111    0.631526    -1.92563  0.000150477
3650  -0.00554706    0.631013   -0.786333  -7.13645e-05
3660  -0.00272382    0.632049   -0.707796  -0.000260517
3670  -0.000336722    0.632925   -0.866604  -0.000105248
3680  -0.000618866    0.632822     -1.1056  0.000201416
3690  -0.00436504    0.631447   -0.866371  5.63315e-05
3700  -0.0017455    0.632408    -2.32398  -0.000122344
3710  -0.00191816    0.632345    -2.08604  -0.000111688
3720  0.000488271    0.633228    -2.40368  4.55947e-05
3730  -0.00283005     0.63201    -1.31764  7.33543e-05
3740  -0.000978816     0.63269    -2.56254  -0.000151541
3750  0.000200766    0.633123    -1.47715  0.000181193
3760  -0.00460268     0.63136    -1.95355  0.000254807
3770  -0.00489538    0.631252    -2.13893  -0.000146303
3780  -0.00167662    0.632434    -3.04041  -6.70439e-05
3790  -0.0035545    0.631745    -2.51032  0.00010282
3800  -0.00373301    0.631679    -3.94073  0.00026846
3810  -0.00892369    0.629774    -1.34497  0.000377346
3820  -0.0112799     0.62891    -3.30415  8.74209e-05
3830  -0.0106721    0.629133    -3.41056  -0.000140942
3840  -0.00846109    0.629944    -3.78244  -0.000147009
3850  -0.00773193    0.630212    -3.33226  5.90522e-05
3860  -0.00964213    0.629511    -3.17303  -0.000101918
3870  -0.00569357     0.63096    -3.25312  -3.2722e-05
3880  -0.00898769    0.629751      -4.021  8.19713e-05
3890   -0.007333    0.630358    -3.54473  6.53464e-05
3900  -0.0102946    0.629271    -3.30633  4.77632e-05
3910  -0.00828826    0.630007    -3.86294  -7.34193e-05
3920  -0.00882624     0.62981    -3.38639  7.71471e-05
3930  -0.0098312    0.629441    -3.20041  0.000263489
3940   -0.014096    0.627876    -3.72955  -3.88944e-05
3950  -0.00905332    0.629727    -4.12824  -7.32488e-05
3960   -0.012631    0.628414    -3.17451  -2.15385e-05
3970  -0.00862254    0.629885    -4.02266  -1.52118e-05
3980  -0.0123268    0.628525    -4.73744  0.000253857
3990  -0.0136997    0.628022    -3.46666  4.93388e-05
4000  -0.0133136    0.628163    -3.75783  0.000114352
4010  -0.0159867    0.627182    -4.02292  0.000197038
4020  -0.0172543    0.626717    -5.16172  0.000221403
4030  -0.0204148    0.625558    -3.36033  0.000227852
4040  -0.0218114    0.625045    -4.63152  6.29586e-05
4050   -0.021674    0.625096    -4.23459  -3.16418e-05
4060  -0.0211785    0.625277    -3.25506  -0.000227876
4070  -0.0171164    0.626768    -4.05024  -0.000264017
4080  -0.0158982    0.627215    -3.36219  0.000289438
4090  -0.0229052    0.624644    -3.78469  0.000188186
4100  -0.0196619    0.625834    -2.85819  -4.37024e-05
4110  -0.0220312    0.624964    -3.59923  9.59979e-06
4120  -0.0198539    0.625763    -3.30904  -0.000260102
4130  -0.0168291    0.626873    -3.46847  6.38439e-05
4140  -0.0211308    0.625295    -3.62612  0.000328478
4150  -0.0233987    0.624463    -4.28826  -8.1866e-06
4160  -0.0209671    0.625355    -2.67368  -0.00028584
4170  -0.0176819     0.62656    -3.49489  -1.42777e-05
4180  -0.0206815     0.62546    -3.70664  5.18564e-05
4190   -0.018719     0.62618    -2.75325  -8.25161e-06
4200  -0.0205165     0.62552    -3.04463  0.000186098
4210   -0.022441    0.624814    -2.69974  0.000156284
4220  -0.0236422    0.624373    -2.83275  -0.000130173
4230  -0.0198375    0.625769    -2.99215  -6.29099e-05
4240   -0.022384    0.624835    -3.28309  -3.299e-05
4250  -0.0191777    0.626012    -3.57449  4.10466e-05
4260  -0.0232049    0.624534    -4.10396  0.000175849
4270  -0.0226947    0.624721    -4.36938  0.000115237
4280  -0.0255096    0.623688    -3.54809  -0.000131505
4290  -0.0200646    0.625686    -2.67461  -4.46769e-05
4300  -0.0246161    0.624016    -3.57454  0.00025778
4310  -0.0252202    0.623794    -4.87251  -2.63709e-05
4320  -0.0240887    0.624209    -4.44942  1.09317e-05
4330  -0.0254388    0.623714     -3.7872  2.94408e-05
4340  -0.0246775    0.623993    -4.02563  -0.000101228
4350  -0.0234143    0.624457    -4.39694  -7.65461e-05
4360  -0.0231466    0.624555    -4.21153  9.21396e-05
4370  -0.0252571    0.623781    -3.70817  -3.3193e-05
4380  -0.0224827    0.624799    -4.13149  1.10697e-05
4390  -0.0254784    0.623699    -3.60236  -0.000140414
4400  -0.0196744    0.625829    -3.78821  -0.000146449
4410  -0.0225495    0.624774    -2.96679  -4.0405e-05
4420  -0.0188663    0.626126    -4.18547  -5.89142e-05
4430  -0.0213712    0.625207    -4.18524  5.44148e-05
4440  -0.0199546    0.625726    -4.15918  0.000194675
4450  -0.0252647    0.623778    -3.73511  0.000112094
4460  -0.0221965    0.624904    -4.18568  0.000106848
4470  -0.0274016    0.622994    -4.13274  0.000298014
4480  -0.0281568    0.622717    -4.05329  -1.39123e-05
4490  -0.0271234    0.623096     -4.3182  7.59127e-05
4500   -0.029675     0.62216    -4.76841  -0.000103883
4510  -0.0250457    0.623858    -4.55728  -0.000193643
4520  -0.0258022    0.623581    -3.49745  0.000133763
4530   -0.027721    0.622877    -3.78867  5.03538e-06
4540  -0.0259029    0.623544    -4.50415  -0.000285621
4550  -0.0220086    0.624973    -3.62997  -0.000208693
4560   -0.021729    0.625075    -2.54447  0.000166663
4570  -0.0253418     0.62375    -4.74201  2.3845e-05
4580  -0.0222059      0.6249    -3.86861  -5.3627e-05
4590  -0.0242693    0.624143    -4.47807  4.35724e-05
4600  -0.0230774    0.624581     -4.0807  7.67492e-05
4610  -0.0258043     0.62358    -4.29214  0.000142144
4620  -0.0259203    0.623537    -3.39177  6.41932e-05
4630  -0.0270882    0.623109    -4.66353  -7.94288e-06
4640  -0.0257614    0.623596    -4.18721  -0.000113207
4650   -0.024824     0.62394    -5.40556  6.45017e-05
4660  -0.0270514    0.623122    -5.03331  0.000104168
4670  -0.0269074    0.623175    -4.63693  -2.77109e-05
4680  -0.0264972    0.623326     -4.3191  -7.87787e-06
4690  -0.0267498    0.623233    -5.32598  -0.000114352
4700  -0.0242102    0.624165    -5.27343  0.00019193
4710  -0.0305884    0.621824    -3.81597  5.16616e-05
4720  -0.0252434    0.623786    -3.04887  -6.07496e-05
4730  -0.0293734     0.62227    -4.58476  0.000119022
4740  -0.0276239    0.622912    -4.58486  0.000140179
4750   -0.032177    0.621241    -4.24033  0.000180446
4760  -0.0312328    0.621588    -3.94932  -0.000141771
4770  -0.0293416    0.622282    -5.11511  -4.09491e-05
4780  -0.0304138    0.621888    -4.24064  8.71691e-05
4790   -0.031085    0.621642    -5.72377  5.36513e-05
4800  -0.0314868    0.621495     -4.2938  0.000305088
4810  -0.0371867    0.619403    -5.67048  -3.97861e-07
4820  -0.0314789    0.621498    -4.71756  -0.000128825
4830  -0.0346102    0.620349    -5.22069  9.52339e-05
4840  -0.0333835    0.620799    -4.58558  7.55066e-05
4850  -0.0361203    0.619794    -4.79749  6.16511e-05
4860  -0.0346166    0.620346    -4.98306  -4.07135e-05
4870  -0.0353061    0.620093    -5.51279  -0.000130563
4880  -0.0320053    0.621304    -5.69817  0.00010381
4890  -0.0373823    0.619331    -5.88361  0.000414291
4900  -0.0402911    0.618264    -5.48552  -6.15779e-05
4910  -0.0361507    0.619783    -5.00969  -0.000144321
4920  -0.0374047    0.619323    -5.67224  0.000216027
4930  -0.0404713    0.618198    -6.17496  0.000133089
4940  -0.0400665    0.618346     -5.0624  0.000196786
4950   -0.044407    0.616754    -6.01636  -0.000110584
4960  -0.0378548    0.619158    -5.27488  -8.89722e-05
4970  -0.0426275    0.617407    -6.20195  0.000337867
4980  -0.0446121    0.616678    -5.80455  -5.44066e-05
4990  -0.0415394    0.617806    -6.51982  -0.00044668
