Time   C(t)   
ps   
0           1           1  3.7129e-10   0.0200735
10    0.800993    0.843869  -0.0301059   0.0109762
20    0.780475    0.827772   -0.772805  0.00187898
30    0.763414    0.814386    0.483891  0.00148539
40    0.750768    0.804465   0.0834541  0.00122775
50    0.738859    0.795121    0.635063  0.00111927
60    0.728382    0.786902    0.120415  0.00112392
70     0.71638    0.777486    0.177493  0.00112378
80    0.705907    0.769269     0.76742  0.000993401
90    0.696512    0.761898     1.37687  0.000813448
100    0.689638    0.756505     1.03325   0.0007397
110    0.681718    0.750292    0.861905  0.000780708
120    0.674024    0.744255    0.632273  0.000767827
130    0.666362    0.738244     1.33693  0.000810319
140    0.657817     0.73154     1.64145  0.000827608
150    0.649809    0.725258     2.19362  0.000748527
160    0.642847    0.719795     2.49877  0.000599378
170    0.637822    0.715853     2.47882  0.000675583
180    0.629335    0.709194     1.14562  0.000669512
190    0.624432    0.705348     2.15432  0.000592443
200    0.617486    0.699898     1.64015  0.000654081
210     0.61135    0.695084     0.95412  0.000505152
220    0.607383    0.691972     1.94408  0.000541463
230    0.600521    0.686588    0.934766  0.000609249
240    0.595198    0.682412    0.762584  0.000583863
250    0.588843    0.677427    0.458026  0.000564253
260    0.583913    0.673559    0.553237  0.000393689
270     0.58097    0.671249    0.247787  0.000442234
280    0.575068     0.66662    0.419094  0.000497922
290    0.571011    0.663437   0.0756975  0.000412244
300    0.566823    0.660151    0.532822  0.000430223
310    0.562407    0.656686     0.45598  0.000480103
320    0.557221    0.652618   -0.439323  0.000473693
330    0.552933    0.649253   -0.325558  0.000429308
340    0.548635    0.645881   -0.230887  0.000541997
350    0.542093    0.640749    0.322452  0.000506118
360    0.538513     0.63794    0.702902  0.000414968
370    0.533794    0.634237     1.27403  0.000424388
380    0.530025    0.631281   -0.021075  0.00037106
390    0.526372    0.628415    0.302279  0.000413856
400    0.521748    0.624787     0.26357  0.000464109
410     0.51709    0.621133    0.606167  0.000419244
420    0.513363    0.618209    0.587091  0.00041649
430     0.50876    0.614598    0.148856  0.000402445
440    0.505314    0.611894   -0.746466  0.000385934
450    0.501042    0.608542   -0.689592  0.000438915
460    0.496536    0.605007   -0.861328  0.000367692
470    0.493688    0.602772   -0.690262  0.000329919
480    0.489938     0.59983   -0.938151  0.000390409
490     0.48588    0.596647    -1.39488  0.000421168
500    0.481514    0.593222    -1.35727  0.000388287
510    0.478114    0.590554    -1.12948  0.000411694
520     0.47328    0.586762    -1.39591  0.00037118
530     0.47069     0.58473    -1.09187  0.000264302
540    0.467994    0.582614    -1.94928  0.000283669
550    0.465017    0.580279     -1.3215  0.000365867
560    0.460677    0.576874   -0.768852  0.000400521
570    0.457007    0.573994    -1.26433  0.000320861
580     0.45426    0.571839    -1.98844  0.000332956
590    0.450347     0.56877    -2.08361  0.000334866
600    0.447562    0.566585     -1.3414  0.000297737
610    0.444393    0.564098    -1.77917  0.000369138
620     0.44018    0.560793    -1.32232  0.000357221
630    0.437248    0.558493    -2.52281  0.000316264
640    0.433854     0.55583    -1.77999  0.000339736
650    0.430454    0.553162     -1.5321  0.000235102
660    0.429152    0.552141    -1.24687  0.000229359
670    0.425866    0.549563    -0.86622  0.000306073
680    0.423031    0.547338    -1.53317  0.000229108
690    0.421284    0.545968    -1.64789  0.000288264
700    0.417266    0.542815    -1.49555  0.000375538
710    0.413774    0.540076    -1.32388  0.000237149
720    0.412523    0.539094    -1.36297  0.000269757
730    0.408378    0.535843    -1.53407  0.000300902
740    0.406505    0.534373    -1.83933  0.000286271
750    0.402653    0.531351    -1.34382  0.000282946
760    0.400846    0.529933    -1.53479  0.000278555
770    0.397082     0.52698    -2.25832   0.0003986
780    0.392874    0.523679    -1.38278  0.000313213
790    0.390818    0.522065    -1.91636  0.000268914
800    0.387495    0.519459    -1.32578  0.000295234
810    0.384913    0.517433    -1.36427  0.000244279
820     0.38261    0.515626    -1.28836  0.000262898
830    0.379655    0.513308    -2.05024  0.000295797
840    0.376694    0.510985   -0.831306  0.000353445
850    0.372586    0.507762    -1.84063  0.000294498
860    0.370804    0.506364    -1.89834  0.000204389
870    0.368498    0.504555    -2.01311  0.000174886
880    0.367306     0.50362    -2.35668  0.000180539
890    0.364887    0.501722     -1.9187  0.000307265
900    0.361161    0.498798    -1.34701  0.000335237
910    0.358183    0.496462   -0.546679  0.000265493
920    0.355851    0.494632    -1.30907  0.00022039
930    0.353775    0.493004   -0.890652  0.000281093
940    0.350229    0.490222    -1.69022  0.00029209
950    0.347933     0.48842    -1.13785  0.000183979
960     0.34655    0.487335   -0.947656  0.000240888
970    0.343115    0.484641    -1.15728  0.000213675
980    0.342276    0.483982    -1.48179  0.000230099
990    0.338513     0.48103   -0.547758  0.000288446
1000    0.336507    0.479456    -1.02431  0.000273339
1010    0.333047    0.476741   -0.300743  0.000240846
1020     0.33169    0.475677    -1.53907   0.0001781
1030    0.329485    0.473947    -1.38688  0.000272351
1040    0.326243    0.471404    -1.44358  0.000290094
1050    0.323683    0.469395     -1.2722  0.000221875
1060    0.321806    0.467922    -1.13921  0.000242339
1070    0.318836    0.465592    -1.21546  0.000237472
1080    0.317056    0.464196    -0.35877  0.00019283
1090    0.314979    0.462566    -1.95894  0.000222573
1100    0.312605    0.460704    -2.03596  0.000223011
1110    0.310519    0.459067    -2.16869  0.000299652
1120    0.306612    0.456002    -1.69242  0.000236122
1130    0.305797    0.455362   -0.664797  0.000193959
1140    0.302733    0.452958   -0.302492  0.00026125
1150    0.300572    0.451263      -1.217  0.000271292
1160    0.297307    0.448701   -0.740467  0.000309424
1170    0.294383    0.446408   -0.683575  0.000220098
1180    0.292905    0.445248   -0.722117  0.000181659
1190     0.29075    0.443557    -0.43643  0.000159116
1200    0.289722    0.442751   -0.112946  0.000229688
1210    0.286156    0.439953    -1.02695  0.000242244
1220    0.284878     0.43895    -1.06503  0.000194226
1230    0.282272    0.436906    -1.67457  0.000277153
1240    0.279335    0.434601    -1.33149  0.000214103
1250     0.27799    0.433546    -1.35109  0.000117019
1260    0.276994    0.432765   -0.551236  0.000109163
1270    0.275806    0.431833   -0.132915  0.000235829
1280    0.272278    0.429065    -0.53231  0.000211734
1290    0.271572    0.428511   -0.780459  0.000178312
1300    0.268711    0.426267   -0.971121  0.000246823
1310    0.266635    0.424638    -1.25725  0.000229692
1320    0.264118    0.422663    -2.32364  0.00021787
1330    0.262278     0.42122    -2.17096  0.000184181
1340    0.260434    0.419773    -2.24799  0.000249028
1350    0.257297    0.417312    -1.54248  0.000265993
1360    0.255114    0.415599    -1.77133  0.00017738
1370     0.25375    0.414529     -2.0572  0.00017647
1380    0.251585     0.41283    -2.15261  0.000201614
1390    0.249717    0.411365    -2.01964  0.000197974
1400    0.247625    0.409724    -2.51471  0.000159768
1410    0.246522    0.408858    -1.08649  0.000178158
1420    0.244062    0.406928    -1.10545  0.000218616
1430     0.24215    0.405428    -1.12469  0.000239912
1440    0.239264    0.403164    -1.82933  0.000221021
1450    0.237729     0.40196    -1.83012  0.000231352
1460    0.234637    0.399534    -1.63936  0.000248466
1470     0.23276    0.398061   -0.115978  0.000205985
1480    0.230517    0.396301   -0.991834  0.000200874
1490    0.228743    0.394909    -1.04912  0.000191592
1500    0.226685    0.393295   -0.725298  0.000253484
1510    0.223673    0.390932   -0.897033  0.000241455
1520    0.221856    0.389507  -0.0209912  0.000222483
1530    0.219223    0.387441   -0.459431  0.00020896
1540    0.217677    0.386228   -0.783454  0.000213725
1550    0.214949    0.384087    0.321438  0.000256302
1560    0.212551    0.382206   -0.783547  0.000181001
1570    0.211329    0.381247   -0.745582  0.000140651
1580    0.209738    0.379999    -1.73617  0.000152246
1590    0.208284    0.378858   -0.612983  0.000187905
1600     0.20598    0.377051   -0.517475  0.000212314
1610    0.204037    0.375527   -0.479603  0.000251038
1620    0.200959    0.373112   -0.726953  0.000247329
1630    0.199091    0.371646    -1.22254  0.00020262
1640    0.196907    0.369932    -1.45095  0.000176097
1650    0.195569    0.368883    -1.48945  0.000126816
1660     0.19437    0.367942    -1.54688  0.000148486
1670    0.192599    0.366553   -0.766294  0.000183015
1680     0.19071    0.365071    -2.53764  0.000166322
1690    0.189273    0.363943    -1.77544  0.000146742
1700    0.187775    0.362768     -1.6611  0.000132807
1710    0.186617    0.361859    -2.32798  0.000120261
1720     0.18537    0.360881    -2.57581  0.000111937
1730    0.184378    0.360103     -2.2712  9.21324e-05
1740    0.183527    0.359436    -2.93782  9.81204e-05
1750    0.182416    0.358563    -2.53796  0.000129993
1760    0.180927    0.357396    -2.99499  0.000107234
1770    0.180271    0.356881    -2.42412  0.000130618
1780    0.178315    0.355346    -3.14793  0.00014241
1790    0.177423    0.354646    -2.32922  0.000115356
1800    0.176008    0.353536    -2.08158  0.000187974
1810    0.173663    0.351697    -2.44319  0.000162299
1820    0.172762     0.35099    -3.28171  0.00013812
1830    0.170901     0.34953    -2.55787  0.000206671
1840    0.168628    0.347747    -2.67173  0.000211517
1850     0.16667    0.346211    -3.16691  3.43934e-05
1860    0.167941    0.347207    -2.61556  6.23755e-05
1870    0.165423    0.345232    -2.46264  0.000180554
1880    0.164329    0.344374    -2.46269  0.00010215
1890     0.16338    0.343629    -2.48209  0.000137516
1900    0.161579    0.342216    -3.12984  0.000117306
1910    0.161034    0.341788    -2.52083  9.12666e-05
1920    0.159754    0.340784    -1.87295  0.000163426
1930    0.157765    0.339224    -1.28252  9.61289e-05
1940    0.157831    0.339276    -1.70166  2.72803e-05
1950     0.15722    0.338796      -1.664  9.0719e-05
1960    0.156017    0.337852    -1.81612  5.54636e-05
1970     0.15611    0.337926    -1.43567  0.000132548
1980    0.153366    0.335773    -1.64468  0.000107557
1990    0.153959    0.336238    -1.37891  0.00012433
2000    0.150879    0.333822    -1.09246  0.000118461
2010     0.15159    0.334379    -1.37891  0.000116037
2020    0.148559    0.332001   -0.731268  0.000165169
2030    0.148287    0.331788    -1.34079  -9.98452e-06
2040    0.148758    0.332158   -0.960565  -5.47171e-06
2050    0.148396    0.331874   -0.846391  9.14998e-05
2060    0.146928    0.330722   -0.808258  5.87784e-05
2070    0.147221    0.330951    -1.22746  4.10751e-05
2080    0.146107    0.330077    -1.05618  0.00013101
2090      0.1446    0.328896    -1.36098  0.00013582
2100     0.14339    0.327946   -0.846688  6.55644e-05
2110    0.143289    0.327867   -0.942289  7.33294e-05
2120    0.141924    0.326796    -1.13252  0.00011561
2130    0.140977    0.326053    -1.41871  0.000111397
2140    0.139696    0.325048    -1.38038  1.95406e-05
2150    0.140586    0.325746    -0.71437  4.99763e-05
2160    0.138696    0.324263   -0.504501  0.000119572
2170    0.138195     0.32387    -1.17153  4.56832e-05
2180    0.137783    0.323547    -1.99068  8.37468e-05
2190     0.13652    0.322556    -1.85726  8.23945e-05
2200    0.136135    0.322254    -1.81909  2.17944e-05
2210    0.136084    0.322214    -1.97183  0.000104146
2220    0.134052     0.32062    -2.10504  8.44516e-05
2230    0.134395    0.320889    -1.85775  4.81606e-05
2240    0.133089    0.319864    -1.76248  7.57225e-05
2250     0.13288    0.319701    -1.76293  9.43735e-05
2260    0.131201    0.318383    -1.38147  4.23551e-05
2270    0.132033    0.319036    -1.95379  3.80211e-05
2280    0.130441    0.317787    -1.78226  9.18038e-05
2290    0.130197    0.317595    -2.14418  3.05317e-05
2300     0.12983    0.317308    -1.76362  7.68423e-05
2310     0.12866     0.31639    -2.22054  7.54617e-05
2320    0.128321    0.316123    -2.12512  6.48849e-05
2330    0.127363    0.315372     -1.8779  0.000125363
2340    0.125814    0.314156    -1.70635  9.31315e-05
2350      0.1255     0.31391    -2.03023  8.56895e-05
2360      0.1241    0.312812     -2.3164  0.000124674
2370    0.123007    0.311954    -2.12562  0.000137484
2380     0.12135    0.310655    -2.83045  0.000162723
2390    0.119752    0.309401    -2.67827  0.000164706
2400    0.118056     0.30807    -2.75413  7.61211e-05
2410     0.11823    0.308206    -2.54517  4.20321e-05
2420    0.117215    0.307411    -2.50743  0.000161078
2430    0.115008    0.305679    -2.43057  0.000153595
2440    0.114143    0.305001    -3.05965  4.73175e-05
2450    0.114062    0.304936    -2.54558  6.16331e-05
2460    0.112911    0.304033    -3.23145  0.000123131
2470    0.111599    0.303004    -2.81236  0.000177057
2480     0.10937    0.301255    -2.75502  0.000108003
2490    0.109439     0.30131     -2.5076  6.41819e-05
2500    0.108086    0.300248    -2.50786  0.000119654
2510    0.107046    0.299432    -2.41285  0.000120003
2520    0.105686    0.298365    -2.46986  0.000155215
2530    0.103942    0.296997    -2.35548  0.000130174
2540    0.103082    0.296323    -1.42238  8.12646e-05
2550    0.102316    0.295722    -2.12715  0.000108571
2560    0.100911    0.294619    -2.16509  0.000131156
2570   0.0996933    0.293664    -2.52692  8.67955e-05
2580   0.0991752    0.293257    -2.62244  2.78819e-05
2590   0.0991356    0.293226    -2.45162  0.00010006
2600    0.097174    0.291687    -2.64183  0.000121063
2610   0.0967144    0.291327    -2.75673  9.58074e-05
2620   0.0952578    0.290184    -2.05185   0.0001555
2630   0.0936044    0.288887    -2.85166  0.000159133
2640   0.0920751    0.287687     -2.3185  0.000148295
2650   0.0906385     0.28656    -2.22333  0.000155165
2660   0.0889718    0.285252    -2.52811  0.000153948
2670   0.0875595    0.284144    -2.16636  6.04555e-05
2680   0.0877627    0.284304    -2.35749  0.00010614
2690   0.0854367    0.282479    -2.45216  0.00017284
2700   0.0843059    0.281591    -2.18564  7.5819e-05
2710   0.0839203    0.281289     -1.9194   0.0001347
2720   0.0816119    0.279478     -1.9382  0.00014636
2730   0.0809931    0.278992    -2.05319  7.66624e-05
2740   0.0800787    0.278275    -1.71002  0.000155342
2750   0.0778863    0.276555    -1.53854  0.000167142
2760   0.0767358    0.275652    -1.82432  7.91356e-05
2770   0.0763036    0.275313    -1.32931  4.49304e-05
2780   0.0758372    0.274947    -1.38715  0.000156857
2790   0.0731664    0.272852    -1.63468  0.000218056
2800   0.0714761    0.271526    -1.95835  0.000114852
2810   0.0708694     0.27105    -1.76784  7.56312e-05
2820   0.0699635    0.270339    -1.88235  9.40107e-05
2830   0.0689892    0.269575     -1.6347  0.000114125
2840    0.067681    0.268548    -1.99676  0.000179086
2850   0.0654075    0.266765    -2.07251  0.000118092
2860   0.0653191    0.266695    -1.82536  4.3764e-05
2870   0.0645322    0.266078    -2.09253  0.000170366
2880   0.0619118    0.264022    -2.26321  0.000109027
2890   0.0623516    0.264367    -2.07353  9.62006e-05
2900   0.0599878    0.262513    -2.41611  0.000156455
2910   0.0592225    0.261912    -2.83545  6.65998e-05
2920   0.0586558    0.261468    -2.51165  8.86034e-05
2930   0.0574505    0.260522    -2.39718  6.02599e-05
2940   0.0574506    0.260522    -2.70254  5.88315e-05
2950   0.0562738    0.259599    -2.85477  9.93252e-05
2960   0.0554641    0.258964    -3.33119  0.000129992
2970    0.053674    0.257559    -2.85488  0.000106657
2980    0.053331     0.25729    -2.87431  2.41954e-05
2990   0.0531901     0.25718    -2.70291  0.000108949
3000    0.051152    0.255581    -2.64591  0.000149841
3010   0.0501933    0.254828    -3.25551  7.22162e-05
3020   0.0497077    0.254447    -3.35094  5.20397e-05
3030   0.0491525    0.254012    -3.37016  8.62578e-05
3040   0.0479825    0.253094    -3.31297  7.96367e-05
3050   0.0475597    0.252762    -3.23708  0.000103836
3060   0.0459058    0.251465    -3.27518  0.000127999
3070   0.0449998    0.250754    -3.42739  8.73024e-05
3080   0.0441598    0.250095    -3.56099  6.18221e-05
3090   0.0437633    0.249784    -3.46584  9.46833e-05
3100   0.0422661    0.248609    -3.44687  0.000148216
3110    0.040799    0.247458    -3.71352  5.90499e-05
3120   0.0410851    0.247683    -4.13255  2.48337e-05
3130   0.0403023    0.247068    -4.03745  0.000125056
3140    0.038584     0.24572    -3.52353  0.000170351
3150   0.0368953    0.244395    -3.88541  8.59424e-05
3160   0.0368651    0.244372    -3.80929  2.90291e-05
3170   0.0363147     0.24394     -4.0189  7.59853e-05
3180   0.0353454    0.243179    -3.73345  0.000147564
3190   0.0333634    0.241624    -3.79027  0.000116562
3200   0.0330142    0.241351    -4.00027  4.7181e-05
3210   0.0324198    0.240884    -3.79044  0.000106743
3220   0.0308793    0.239676    -4.39989  5.9711e-05
3230   0.0312256    0.239947     -4.3435  9.15939e-05
3240   0.0290474    0.238238    -3.65749  0.000137343
3250   0.0284787    0.237792    -4.36231  4.81565e-05
3260   0.0280843    0.237483    -4.28627  0.000101166
3270   0.0264554    0.236205    -4.53392  9.78541e-05
3280   0.0261272    0.235947    -4.03889  2.7562e-05
3290   0.0259042    0.235772    -3.62028  0.000101971
3300   0.0240878    0.234347    -3.65791  8.08884e-05
3310   0.0242864    0.234503    -4.24879  3.15857e-05
3320   0.0234561    0.233852    -3.96309  0.000106266
3330   0.0221611    0.232836    -3.58208  0.000145711
3340   0.0205419    0.231565    -3.67718  8.72834e-05
3350   0.0204154    0.231466    -3.33467  5.90927e-05
3360     0.01936    0.230638     -3.6394  6.09978e-05
3370   0.0191954    0.230509    -3.46826  5.04983e-05
3380   0.0183501    0.229846       -3.83  0.000127719
3390   0.0166411    0.228505    -3.77268  0.000124449
3400   0.0158611    0.227893    -3.44907  0.000101518
3410   0.0146107    0.226912    -3.73483  0.000110792
3420   0.0136452    0.226155    -3.94421  8.95009e-05
3430   0.0128207    0.225508    -3.84917  5.00367e-05
3440   0.0126445    0.225369    -3.84945  9.72853e-05
3450    0.010875    0.223981    -4.32554  0.000150031
3460  0.00964387    0.223015    -3.83008  8.33547e-05
3470  0.00920788    0.222673     -3.3351  2.91318e-05
3480  0.00906124    0.222558     -3.8115   5.656e-05
3490  0.00807669    0.221786    -3.83041  7.30793e-05
3500  0.00759965    0.221412     -3.7736  4.9598e-05
3510  0.00708473    0.221008    -3.35449  5.15752e-05
3520  0.00656815    0.220602    -3.73548  9.20479e-05
3530  0.00524377    0.219563    -4.11634  3.9053e-05
3540  0.00578709    0.219989    -3.37385  6.23453e-06
3550  0.00511908    0.219465     -4.0405  1.35213e-05
3560  0.00551666    0.219777    -4.11727  1.18052e-05
3570  0.00488297     0.21928    -3.75521  0.00014471
3580  0.00262245    0.217507    -3.37403  0.000128391
3590  0.00231514    0.217266    -3.79328  4.93007e-05
3600  0.00163644    0.216733    -3.79356  5.86948e-05
3610  0.00114125    0.216345    -3.54595  5.33207e-05
3620  0.000570025    0.215896    -3.43184  5.16255e-05
3630  0.000108736    0.215535    -3.69839  3.33046e-06
3640  0.000503416    0.215844     -3.4701  1.46105e-05
3650  -0.000183475    0.215305    -3.64144  8.93689e-05
3660  -0.00128396    0.214442    -3.66022  3.15525e-05
3670  -0.000814525     0.21481    -3.37487  1.76732e-06
3680  -0.00131931    0.214414    -3.37524  8.24867e-05
3690  -0.00246426    0.213516     -3.1656  3.56494e-05
3700  -0.0020323    0.213855    -2.93727  5.85068e-05
3710  -0.00363439    0.212598    -3.24209  0.000139702
3720  -0.00482633    0.211663    -3.45147  0.000113712
3730  -0.00590863    0.210814    -3.62272  9.89339e-05
3740  -0.00680501     0.21011    -3.12748  6.32228e-05
3750  -0.00717308    0.209822    -2.93727  6.53662e-05
3760  -0.00811234    0.209085    -3.35643  0.00012072
3770  -0.00958748    0.207927    -2.42306  0.000117251
3780  -0.0104574    0.207245    -2.67056  7.56719e-05
3790  -0.0111009     0.20674    -2.91825  5.49047e-05
3800  -0.0115554    0.206383    -2.91845  0.000102978
3810  -0.0131605    0.205124    -3.12789  0.000120489
3820  -0.0139652    0.204493    -2.93719  9.59643e-05
3830  -0.0150798    0.203618    -3.22308  3.08128e-05
3840  -0.0145815    0.204009    -2.86149  5.03292e-05
3850  -0.0160864    0.202829      -3.071  4.06712e-05
3860  -0.0153949    0.203371    -3.43316  6.0313e-05
3870  -0.0172926    0.201882    -3.29939  8.54886e-05
3880  -0.0171047     0.20203    -3.39504  3.93787e-05
3890  -0.0180802    0.201264    -2.61406  6.46663e-05
3900   -0.018398    0.201015     -2.6714  6.88267e-05
3910  -0.0194567    0.200184    -2.61403  3.78022e-05
3920  -0.0191541    0.200422    -2.65249  2.82772e-05
3930  -0.0200223    0.199741    -2.91938  0.000108478
3940  -0.0213236     0.19872    -2.53828  0.000142104
3950  -0.0228643    0.197511    -2.15692  1.24313e-06
3960  -0.0213485      0.1987    -2.00549  -3.58498e-05
3970  -0.0221474    0.198073    -1.96711  8.98646e-05
3980  -0.0231458     0.19729    -2.15776  0.000137489
3990  -0.0248971    0.195916    -2.27189  8.25645e-05
4000  -0.0247971    0.195995    -2.38646  3.54936e-05
4010   -0.025607    0.195359    -2.15796  8.70783e-05
4020  -0.0265386    0.194628    -1.89137  0.000107221
4030  -0.0277514    0.193677    -2.23408  7.97098e-05
4040  -0.0281328    0.193378    -2.10094  0.000135832
4050  -0.0304681    0.191545    -1.79601  9.82036e-05
4060  -0.0300969    0.191837    -1.75823  4.87831e-05
4070  -0.0314437     0.19078    -2.08196  5.88192e-05
4080  -0.0312733    0.190914    -2.00599  2.10369e-05
4090  -0.0318645     0.19045    -1.73934  8.33387e-05
4100  -0.0329401    0.189606    -1.70149  4.73445e-05
4110  -0.0328114    0.189707    -2.31107  3.95354e-05
4120  -0.0337308    0.188986    -1.39658  0.000106233
4130   -0.034936     0.18804    -2.00627  7.82473e-05
4140  -0.0352957    0.187758    -1.89234  4.81915e-05
4150  -0.0358998    0.187284    -1.49238  5.24053e-05
4160  -0.0363438    0.186936    -1.79718  7.69919e-05
4170  -0.0374397    0.186076    -1.53051  5.47839e-05
4180  -0.0374395    0.186076    -1.60674  3.26315e-05
4190  -0.0380923    0.185564    -1.70205  0.000136932
4200  -0.0401781    0.183927    -1.47308  0.00013523
4210  -0.0407969    0.183442    -1.37799  3.73749e-05
4220  -0.0409256    0.183341    -1.18762  4.6799e-06
4230  -0.0408905    0.183369    -1.43525  2.11766e-05
4240  -0.0413492    0.183009    -2.17823  2.9451e-05
4250  -0.0414795    0.182906    -1.83526  2.9581e-05
4260  -0.0419408    0.182545    -1.79739  0.000143442
4270  -0.0443484    0.180656    -1.53018  0.000106468
4280  -0.0440701    0.180874     -1.9876  1.78024e-05
4290  -0.0447044    0.180376    -1.81635  1.15488e-05
4300  -0.0443011    0.180693    -1.93069  5.3351e-05
4310  -0.0457714    0.179539    -1.30204  7.63264e-05
4320  -0.0458276    0.179495    -1.18796  0.000101811
4330  -0.0478076    0.177942    -1.47327  7.26795e-05
4340  -0.0472812    0.178355     -1.8926  -6.95191e-05
4350  -0.0464173    0.179033    -1.20705  -1.08821e-05
4360  -0.0470636    0.178525    -1.30228  3.52724e-05
4370  -0.0471227    0.178479    -1.05478  3.75591e-05
4380  -0.0478148    0.177936   -0.883547  6.72229e-05
4390  -0.0484672    0.177424    -1.20707  3.99427e-05
4400  -0.0486136    0.177309    -1.51202  -5.53055e-05
4410   -0.047361    0.178292    -1.32174  -1.92562e-05
4420  -0.0482285    0.177611     -1.4549  6.98723e-05
4430  -0.0487585    0.177196    -1.28352  -2.34097e-06
4440  -0.0481817    0.177648   -0.902883  -1.50617e-05
4450  -0.0484573    0.177432   -0.902716  8.32397e-05
4460  -0.0498465    0.176342    -1.09299  5.12866e-05
4470   -0.049483    0.176627    -1.28358  -2.13912e-05
4480  -0.0494187    0.176678    -1.01717  5.16558e-05
4490  -0.0505161    0.175817    -1.07434  7.54477e-05
4500  -0.0509276    0.175494    -1.07419  2.6113e-05
4510  -0.0510384    0.175407    -1.26491  -2.13483e-05
4520  -0.0505006    0.175829    -1.30291  6.80797e-06
4530  -0.0511745      0.1753    -1.45529  8.4877e-05
4540  -0.0521982    0.174497    -1.18868  5.25307e-05
4550  -0.0522251    0.174476    -1.68418  3.1035e-05
4560  -0.0528189     0.17401    -1.45548  4.20101e-05
4570  -0.0530653    0.173817    -1.39857  4.43747e-05
4580  -0.0537064    0.173314    -1.81752  2.04027e-05
4590  -0.0534734    0.173497    -1.43674  6.22712e-05
4600  -0.0549518    0.172337    -1.09349  6.23424e-05
4610  -0.0547202    0.172518   -0.960407  3.4092e-05
4620  -0.0556336    0.171802    -1.28411  7.82626e-05
4630  -0.0562855     0.17129   -0.769931  5.20321e-05
4640  -0.0566743    0.170985   -0.674888  -3.14154e-06
4650  -0.0562227     0.17134     -1.0178  3.02266e-05
4660  -0.0572788    0.170511   -0.998502  4.79894e-05
4670  -0.0571825    0.170587    -1.01793  4.15981e-05
4680  -0.0581108    0.169858   -0.922814  0.000104172
4690  -0.0592659    0.168952    -1.11327  9.78267e-05
4700  -0.0600673    0.168323   -0.789472  3.32382e-05
4710  -0.0599307    0.168431   -0.713263  -2.26704e-05
4720  -0.0596139    0.168679   -0.275549  3.12468e-05
4730  -0.0605556     0.16794    -0.40865  7.85723e-05
4740  -0.0611854    0.167446   -0.504102  5.63225e-05
4750   -0.061682    0.167057   -0.942262  7.2387e-05
4760  -0.0626331     0.16631   -0.999284  7.71485e-05
4770   -0.063225    0.165846    -1.09448  1.84365e-05
4780  -0.0630018    0.166021   -0.846959  2.76934e-05
4790  -0.0637789    0.165411   -0.656557  6.64517e-05
4800  -0.0643309    0.164978    -1.01838  6.44457e-05
4810  -0.0650678      0.1644    -1.62772  2.34872e-05
4820  -0.0648006     0.16461     -1.3232  -1.07244e-05
4830  -0.0648533    0.164568    -1.34236  7.58693e-06
4840  -0.0649523    0.164491    -1.39955  5.36464e-05
4850  -0.0659262    0.163727    -1.15176  2.6089e-05
4860  -0.0654741    0.164081    -1.30455  -1.39028e-06
4870  -0.0658984    0.163749    -1.13281  3.09296e-05
4880  -0.0660927    0.163596    -1.49484  4.49911e-05
4890  -0.0667983    0.163043     -1.7806  5.90622e-05
4900   -0.067274    0.162669    -1.57105  4.30129e-05
4910  -0.0676585    0.162368    -1.19006  3.3861e-05
4920  -0.0679512    0.162138   -0.904353  -1.74403e-05
4930  -0.0673097    0.162641   -0.714211  -3.14727e-05
4940  -0.0673217    0.162632    -1.20934  4.11138e-05
4950   -0.068132    0.161996   -0.942727  5.76627e-05
4960   -0.068475    0.161727    -1.34264  -3.34382e-06
4970  -0.0680651    0.162049   -0.923782  1.79697e-05
4980  -0.0688344    0.161445   -0.866555  2.50284e-05
4990  -0.0685657    0.161656   -0.999991  3.2087e-05
