Time   Number   
ps   
0          17         137
10          24         136
20          24         140
30          26         132
40          21         133
50          22         138
60          29         141
70          23         137
80          24         140
90          23         133
100          21         145
110          26         144
120          26         138
130          23         127
140          23         133
150          23         141
160          20         130
170          22         128
180          26         140
190          21         129
200          23         145
210          23         139
220          27         139
230          21         131
240          21         133
250          23         131
260          25         135
270          21         137
280          19         127
290          21         127
300          20         134
310          23         123
320          22         140
330          21         131
340          22         130
350          20         130
360          21         131
370          27         141
380          25         137
390          22         134
400          21         129
410          17         137
420          18         144
430          24         136
440          21         127
450          24         128
460          21         127
470          24         134
480          23         129
490          22         132
500          23         129
510          23         133
520          21         129
530          25         133
540          22         138
550          20         134
560          24         136
570          23         135
580          22         132
590          20         132
600          20         126
610          21         137
620          22         140
630          20         134
640          24         132
650          23         133
660          24         132
670          23         129
680          18         140
690          25         143
700          24         140
710          30         134
720          19         139
730          24         136
740          15         131
750          18         134
760          19         127
770          19         127
780          21         129
790          17         135
800          20         132
810          20         130
820          17         141
830          27         129
840          22         128
850          25         141
860          28         140
870          26         144
880          28         136
890          23         131
900          20         150
910          22         136
920          23         137
930          25         143
940          24         140
950          21         139
960          22         140
970          24         132
980          24         132
990          23         135
1000          25         137
1010          25         141
1020          20         138
1030          25         153
1040          23         149
1050          28         146
1060          27         147
1070          26         146
1080          24         142
1090          30         146
1100          27         147
1110          25         137
1120          26         140
1130          26         142
1140          26         140
1150          28         144
1160          25         149
1170          31         137
1180          25         149
1190          26         152
1200          25         143
1210          26         148
1220          25         135
1230          21         143
1240          29         143
1250          26         142
1260          24         142
1270          22         138
1280          21         139
1290          30         134
1300          22         138
1310          23         141
1320          22         138
1330          22         132
1340          25         135
1350          23         133
1360          28         144
1370          23         145
1380          28         144
1390          23         131
1400          29         137
1410          26         142
1420          22         144
1430          21         137
1440          23         141
1450          27         139
1460          25         145
1470          27         139
1480          21         141
1490          29         135
1500          26         134
1510          24         138
1520          26         134
1530          22         132
1540          23         137
1550          21         147
1560          21         135
1570          18         132
1580          21         127
1590          25         141
1600          23         135
1610          28         132
1620          24         128
1630          22         136
1640          18         130
1650          25         131
1660          22         132
1670          24         138
1680          28         134
1690          24         134
1700          25         135
1710          19         143
1720          19         133
1730          20         134
1740          23         137
1750          21         129
1760          23         141
1770          22         128
1780          27         133
1790          25         133
1800          22         138
1810          24         126
1820          24         130
1830          17         133
1840          23         133
1850          23         129
1860          23         127
1870          25         137
1880          21         127
1890          22         132
1900          26         134
1910          23         135
1920          23         135
1930          20         130
1940          23         129
1950          23         131
1960          23         137
1970          20         142
1980          23         131
1990          20         130
2000          24         138
2010          24         142
2020          25         131
2030          20         130
2040          23         127
2050          20         136
2060          20         130
2070          24         138
2080          21         127
2090          22         134
2100          20         132
2110          20         132
2120          23         137
2130          21         137
2140          23         131
2150          24         128
2160          21         135
2170          24         136
2180          23         127
2190          25         135
2200          25         137
2210          20         132
2220          23         139
2230          24         146
2240          23         133
2250          22         142
2260          28         138
2270          26         136
2280          23         131
2290          23         127
2300          21         125
2310          20         138
2320          19         141
2330          19         137
2340          24         150
2350          21         143
2360          23         131
2370          26         142
2380          22         136
2390          26         138
2400          23         137
2410          20         134
2420          24         148
2430          23         137
2440          26         144
2450          23         135
2460          24         134
2470          22         134
2480          23         135
2490          23         131
2500          20         138
2510          24         130
2520          23         131
2530          21         129
2540          20         126
2550          17         131
2560          19         129
2570          19         133
2580          18         136
2590          20         146
2600          23         141
2610          21         131
2620          19         133
2630          23         135
2640          19         139
2650          22         144
2660          25         139
2670          26         138
2680          22         140
2690          27         143
2700          25         133
2710          20         148
2720          22         140
2730          22         136
2740          24         134
2750          24         136
2760          23         137
2770          24         140
2780          25         133
2790          20         144
2800          28         138
2810          31         151
2820          30         146
2830          27         141
2840          28         142
2850          28         146
2860          26         148
2870          30         150
2880          26         144
2890          27         147
2900          24         150
2910          26         142
2920          22         132
2930          24         140
2940          23         151
2950          20         142
2960          20         136
2970          27         141
2980          26         136
2990          21         151
3000          23         143
3010          25         145
3020          31         145
3030          27         137
3040          32         144
3050          29         149
3060          29         145
3070          31         157
3080          32         150
3090          27         145
3100          30         154
3110          24         138
3120          27         147
3130          29         147
3140          26         140
3150          25         147
3160          31         137
3170          29         141
3180          24         148
3190          25         135
3200          28         148
3210          23         135
3220          26         132
3230          22         142
3240          22         142
3250          25         129
3260          22         128
3270          18         128
3280          20         130
3290          25         133
3300          20         130
3310          25         131
3320          22         132
3330          24         126
3340          29         137
3350          29         137
3360          25         137
3370          25         137
3380          21         139
3390          25         133
3400          25         129
3410          22         134
3420          23         139
3430          23         135
3440          21         133
3450          20         140
3460          27         137
3470          19         125
3480          25         135
3490          24         140
3500          27         145
3510          23         141
3520          24         128
3530          25         135
3540          31         141
3550          28         142
3560          29         139
3570          22         140
3580          22         132
3590          25         133
3600          31         143
3610          27         137
3620          27         137
3630          27         139
3640          21         133
3650          23         131
3660          22         132
3670          23         133
3680          24         130
3690          25         139
3700          27         137
3710          24         136
3720          25         133
3730          26         134
3740          27         133
3750          25         135
3760          25         135
3770          31         139
3780          28         138
3790          25         141
3800          26         140
3810          28         140
3820          25         135
3830          25         137
3840          22         138
3850          25         137
3860          25         137
3870          27         131
3880          24         128
3890          24         132
3900          23         127
3910          22         140
3920          28         138
3930          25         127
3940          26         132
3950          28         148
3960          25         135
3970          24         136
3980          27         131
3990          22         130
4000          28         136
4010          27         139
4020          25         135
4030          25         135
4040          27         129
4050          27         133
4060          27         135
4070          29         129
4080          25         129
4090          25         119
4100          20         128
4110          24         128
4120          22         124
4130          21         141
4140          22         138
4150          25         135
4160          23         133
4170          22         136
4180          23         129
4190          25         133
4200          21         131
4210          23         137
4220          25         135
4230          22         138
4240          24         134
4250          27         147
4260          28         136
4270          30         132
4280          25         133
4290          27         131
4300          23         135
4310          24         138
4320          30         142
4330          26         130
4340          23         137
4350          25         131
4360          27         131
4370          25         135
4380          22         128
4390          24         140
4400          17         133
4410          26         134
4420          21         133
4430          23         133
4440          20         138
4450          19         137
4460          19         131
4470          21         125
4480          20         130
4490          20         130
4500          19         125
4510          19         131
4520          21         131
4530          22         138
4540          23         133
4550          23         133
4560          25         131
4570          23         133
4580          28         132
4590          25         135
4600          21         131
4610          22         134
4620          22         132
4630          20         140
4640          22         138
4650          18         144
4660          21         133
4670          24         130
4680          22         132
4690          21         133
4700          23         131
4710          23         131
4720          24         128
4730          21         131
4740          23         129
4750          23         125
4760          24         128
4770          19         133
4780          23         131
4790          26         126
4800          20         132
4810          21         135
4820          23         137
4830          21         135
4840          25         141
4850          24         124
4860          21         133
4870          20         128
4880          26         140
4890          27         137
4900          25         125
4910          23         129
4920          19         139
4930          20         128
4940          19         127
4950          19         129
4960          24         130
4970          21         129
4980          24         132
4990          23         131
5000          18         130
5010          25         135
5020          21         127
5030          23         135
5040          19         133
5050          20         132
5060          20         128
5070          18         132
5080          20         132
5090          21         137
5100          21         135
5110          18         130
5120          23         123
5130          24         142
5140          20         144
5150          23         131
5160          20         130
5170          29         151
5180          24         144
5190          23         149
5200          27         139
5210          23         135
5220          25         131
5230          23         139
5240          25         127
5250          19         137
5260          19         135
5270          22         126
5280          22         134
5290          24         128
5300          22         138
5310          27         131
5320          21         139
5330          24         136
5340          18         144
5350          22         140
5360          25         141
5370          22         132
5380          19         133
5390          25         139
5400          21         137
5410          19         135
5420          27         127
5430          21         137
5440          22         140
5450          26         138
5460          24         130
5470          22         140
5480          20         136
5490          22         126
5500          25         137
5510          18         138
5520          20         124
5530          25         127
5540          24         126
5550          24         132
5560          23         131
5570          22         134
5580          19         133
5590          20         128
5600          24         124
5610          18         126
5620          17         123
5630          19         121
5640          21         123
5650          14         126
5660          18         132
5670          19         133
5680          20         132
5690          20         138
5700          19         139
5710          20         130
5720          16         132
5730          23         139
5740          21         139
5750          23         129
5760          19         127
5770          20         132
5780          24         134
5790          21         131
5800          26         140
5810          30         148
5820          24         140
5830          28         142
5840          30         138
5850          26         140
5860          24         136
5870          23         143
5880          27         143
5890          27         135
5900          25         141
5910          28         136
5920          27         143
5930          29         131
5940          28         134
5950          24         138
5960          27         139
5970          26         138
5980          26         138
5990          25         127
6000          27         143
6010          30         146
6020          31         147
6030          23         137
6040          25         139
6050          22         140
6060          25         137
6070          27         137
6080          27         139
6090          26         132
6100          25         137
6110          25         137
6120          27         141
6130          26         132
6140          25         129
6150          29         141
6160          26         146
6170          27         139
6180          28         138
6190          25         139
6200          27         123
6210          28         144
6220          27         135
6230          19         151
6240          19         139
6250          20         132
6260          25         139
6270          22         150
6280          23         143
6290          20         126
6300          23         149
6310          24         138
6320          19         143
6330          22         138
6340          23         145
6350          23         141
6360          21         135
6370          17         121
6380          23         135
6390          19         135
6400          25         139
6410          22         130
6420          20         138
6430          23         145
6440          24         136
6450          28         142
6460          23         131
6470          22         134
6480          22         130
6490          28         146
6500          24         138
6510          23         133
6520          24         144
6530          23         133
6540          25         137
6550          25         143
6560          25         137
6570          24         136
6580          27         139
6590          24         132
6600          20         126
6610          24         134
6620          24         134
6630          26         130
6640          24         134
6650          23         139
6660          21         129
6670          22         134
6680          21         133
6690          25         135
6700          22         132
6710          19         139
6720          22         134
6730          25         137
6740          24         146
6750          26         144
6760          24         134
6770          25         133
6780          24         130
6790          24         134
6800          24         136
6810          31         139
6820          31         137
6830          26         144
6840          27         131
6850          26         134
6860          20         134
6870          30         130
6880          25         139
6890          26         130
6900          27         137
6910          22         138
6920          27         137
6930          25         127
6940          26         140
6950          27         141
6960          27         143
6970          28         140
6980          27         139
6990          24         142
7000          25         135
7010          23         139
7020          28         138
7030          23         131
7040          24         126
7050          26         134
7060          22         134
7070          21         135
7080          21         133
7090          24         134
7100          26         130
7110          25         133
7120          30         144
7130          27         135
7140          27         139
7150          26         142
7160          24         142
7170          22         126
7180          23         139
7190          21         139
7200          21         127
7210          20         130
7220          21         129
7230          24         128
7240          23         129
7250          27         135
7260          27         137
7270          23         139
7280          27         141
7290          22         146
7300          28         142
7310          22         128
7320          23         139
7330          22         130
7340          22         134
7350          19         131
7360          18         140
7370          21         135
7380          20         128
7390          20         140
7400          23         133
7410          23         135
7420          19         137
7430          25         131
7440          24         140
7450          22         144
7460          24         140
7470          22         132
7480          22         130
7490          18         136
7500          21         121
7510          21         135
7520          16         144
7530          18         128
7540          21         123
7550          23         129
7560          18         124
7570          20         138
7580          20         124
7590          19         127
7600          20         134
7610          21         139
7620          19         145
7630          19         133
7640          20         144
7650          22         132
7660          24         134
7670          21         127
7680          21         137
7690          22         128
7700          20         120
7710          23         129
7720          19         125
7730          19         129
7740          23         121
7750          20         130
7760          21         125
7770          21         125
7780          24         130
7790          21         129
7800          20         128
7810          22         136
7820          26         138
7830          30         142
7840          27         143
7850          28         138
7860          28         132
7870          26         136
7880          32         148
7890          24         140
7900          30         134
7910          26         134
7920          27         137
7930          26         134
7940          22         142
7950          20         132
7960          24         130
7970          23         137
7980          22         140
7990          27         139
8000          29         147
8010          22         134
8020          25         135
8030          28         148
8040          20         152
8050          27         145
8060          28         138
8070          24         146
8080          28         144
8090          26         152
8100          31         151
8110          25         145
8120          30         138
8130          29         139
8140          27         153
8150          27         149
8160          31         147
8170          31         153
8180          34         144
8190          34         156
8200          27         143
8210          24         146
8220          22         136
8230          28         146
8240          24         134
8250          28         150
8260          24         134
8270          24         126
8280          21         131
8290          26         144
8300          30         146
8310          25         147
8320          26         148
8330          27         155
8340          31         139
8350          24         150
8360          23         145
8370          28         138
8380          26         152
8390          22         146
8400          28         142
8410          29         143
8420          29         145
8430          29         147
8440          31         139
8450          30         148
8460          29         147
8470          32         140
8480          26         144
8490          22         144
8500          23         157
8510          26         142
8520          32         156
8530          22         146
8540          23         147
8550          23         133
8560          23         141
8570          27         133
8580          24         136
8590          28         136
8600          30         144
8610          25         141
8620          31         149
8630          23         145
8640          28         150
8650          29         141
8660          25         147
8670          29         153
8680          28         146
8690          24         140
8700          25         139
8710          31         151
8720          25         145
8730          27         141
8740          32         146
8750          27         143
8760          30         144
8770          25         133
8780          29         139
8790          32         158
8800          24         150
8810          26         140
8820          24         150
8830          33         143
8840          25         145
8850          24         146
8860          28         136
8870          23         141
8880          29         139
8890          25         139
8900          31         145
8910          33         147
8920          25         147
8930          31         141
8940          25         141
8950          23         139
8960          26         138
8970          24         142
8980          22         132
8990          30         146
9000          34         150
9010          30         152
9020          26         134
9030          27         149
9040          24         144
9050          27         147
9060          26         136
9070          25         147
9080          27         153
9090          36         144
9100          28         144
9110          26         140
9120          28         156
9130          32         142
9140          23         139
9150          29         147
9160          23         155
9170          28         132
9180          21         147
9190          23         147
9200          20         154
9210          24         152
9220          20         146
9230          26         144
9240          27         157
9250          31         143
9260          24         144
9270          27         145
9280          25         147
9290          28         146
9300          26         134
9310          28         134
9320          26         136
9330          29         135
9340          27         143
9350          30         138
9360          31         137
9370          31         139
9380          25         139
9390          26         136
9400          27         137
9410          27         131
9420          27         141
9430          28         142
9440          29         147
9450          26         140
9460          23         139
9470          27         141
9480          23         137
9490          26         126
9500          21         131
9510          21         131
9520          22         136
9530          23         141
9540          24         134
9550          21         135
9560          20         130
9570          23         139
9580          29         141
9590          23         135
9600          23         129
9610          19         129
9620          23         139
9630          23         139
9640          23         135
9650          20         130
9660          22         132
9670          19         135
9680          20         140
9690          20         150
9700          27         149
9710          26         148
9720          25         137
9730          19         129
9740          19         135
9750          26         138
9760          25         133
9770          21         145
9780          24         134
9790          21         135
9800          27         137
9810          26         136
9820          23         135
9830          27         139
9840          29         141
9850          27         151
9860          24         150
9870          26         146
9880          29         137
9890          26         134
9900          27         145
9910          22         140
9920          24         132
9930          19         133
9940          20         130
9950          20         134
9960          26         132
9970          24         138
9980          23         139
9990          22         140
10000          23         141
