Time   C(t)   
ps   
0           1           1  5.24802e-11   0.0172433
10    0.830414     0.83557    0.285834   0.0100842
20    0.798315    0.804448     1.76827  0.00292514
30    0.771911    0.778846     2.56538  0.00254796
40    0.747356    0.755038     1.53905  0.00210024
50    0.729906    0.738119     2.44971  0.00186225
60    0.710111    0.718925     2.67665  0.00203065
70    0.689293    0.698741     1.87927  0.00169328
80    0.676245     0.68609     3.30256  0.00149143
90    0.659464    0.669819     3.70142  0.00152032
100    0.645839    0.656608     3.01475  0.00142199
110    0.631025    0.642244     3.24303  0.00147129
120    0.616413    0.628077      0.5629  0.00143936
130    0.602238    0.614332     1.75925   0.0013608
140    0.589197    0.601688     2.21458  0.00124415
150    0.577354    0.590206     2.61266  0.00113002
160    0.566597    0.579775     1.24428  0.00113824
170     0.55459    0.568133    0.674339  0.00109084
180     0.54478    0.558622    0.388645  0.00106386
190    0.533312    0.547503   -0.237434  0.00105129
200    0.523754    0.538235   -0.694879  0.00089525
210    0.515407    0.530142   -0.981965  0.000908899
220    0.505576     0.52061    0.271974  0.000992915
230    0.495549    0.510888    0.215391  0.000850825
240     0.48856    0.504111    0.271528  0.000785016
250    0.479849    0.495665      1.0125  0.000827792
260    0.472004    0.488058      1.4676  0.000711539
270    0.465618    0.481867     2.03643  0.000680596
280    0.458392     0.47486     1.63679  0.000764744
290    0.450323    0.467037     0.26919  0.000849146
300    0.441409    0.458394      1.5796  0.000741219
310    0.435499    0.452663    0.724631  0.000639105
320    0.428627       0.446    0.324771  0.000747257
330    0.420554    0.438173   -0.131004  0.000665535
340    0.415316    0.433094   0.0387977  0.000595689
350     0.40864    0.426621     0.15224  0.000710005
360    0.401116    0.419326    0.722516  0.000627957
370    0.396081    0.414444    0.435931  0.000527936
380    0.390557    0.409088     1.68887  0.00063356
390     0.38341    0.402158     1.46126  0.000682636
400    0.376905    0.395851     1.06134  0.000621235
410    0.370985    0.390111     1.68731  0.000553659
420    0.365832    0.385114    0.547148  0.000548852
430    0.360008    0.379468     1.05989  0.000495917
440    0.355913    0.375498    0.660312  0.000475997
450    0.350488    0.370237     1.45814  0.000531085
460    0.345292    0.365199    0.830281  0.000514154
470    0.340205    0.360267     1.51406  0.000506191
480    0.335168    0.355383   -0.252352  0.000483109
490    0.330543    0.350898     1.05745  0.000450905
500     0.32615    0.346639    0.658753  0.000430693
510    0.321929    0.342546     1.85483  0.000561824
520    0.314913    0.335744     1.79853  0.000487079
530    0.312187    0.333101     1.39839  0.000315376
540    0.308606    0.329628     2.36685  0.000446613
550    0.303255     0.32444     1.96744  0.000502193
560    0.298562     0.31989     1.96771  0.000411983
570    0.295015    0.316451    0.827275  0.000373305
580    0.291096    0.312651     1.16844  0.000288658
590    0.289242    0.310854     1.33913  0.000313823
600    0.284819    0.306565    0.940217  0.00047332
610    0.279776    0.301675      1.9656  0.00033351
620    0.278149    0.300098     1.33763  0.000371167
630    0.272352    0.294477    0.654077  0.000423883
640    0.269671    0.291878    0.652741  0.000308287
650    0.266187    0.288499     1.16515  0.000444132
660    0.260789    0.283265    0.766574  0.000432664
670    0.257533    0.280109    0.652519  0.000399846
680    0.252792    0.275512   -0.658447  0.00047771
690    0.247979    0.270845  -0.0882265  0.000361432
700    0.245563    0.268503    0.139383  0.000285094
710    0.242277    0.265317    0.765572  0.000288747
720    0.239788    0.262904   -0.945032  0.000236783
730    0.237542    0.260725   -0.318286  0.000246611
740    0.234856    0.258121   -0.546229  0.000268844
750    0.232165    0.255512   -0.603701  0.00029116
760    0.229033    0.252475   -0.945533  0.000238899
770    0.227387    0.250879    -1.40186  0.00019592
780    0.225114    0.248676   0.0227665  0.000264877
790    0.222089    0.245743    -1.28781  0.000287253
800    0.219369    0.243105   -0.432785  0.000209799
810    0.217893    0.241674    0.250376  0.000213452
820      0.2151    0.238966    -0.54762  0.000188815
830    0.214117    0.238013   0.0222101  0.000201859
840    0.211063    0.235052    0.477929  0.00025551
850    0.209007    0.233058     0.30668  0.000202732
860    0.207008     0.23112  -0.0352627  0.000269207
870    0.203623    0.227837   0.0788479  0.000247698
880    0.202055    0.226317     0.99062  0.000144361
890    0.200735    0.225038    0.419789  0.000198305
900    0.198088    0.222472    0.362483  0.00024288
910    0.195878    0.220328    0.190566  0.000230797
920    0.193472    0.217996   -0.264431  0.000272438
930    0.190429    0.215045    0.134206  0.000244489
940    0.188583    0.213255    0.590537  0.000127734
950    0.187874    0.212568   -0.949596  9.95077e-05
960    0.186593    0.211325     -0.2656  0.00011877
970    0.185499    0.210265    -1.12118  0.000179508
980    0.183002    0.207844    -0.43696  0.000288146
990    0.179736    0.204677  -0.0374334  0.000263232
1000    0.177738     0.20274   -0.379933  0.000190447
1010    0.175927    0.200984    -0.15199  0.000194073
1020    0.173856    0.198976    -1.00763  0.000239299
1030    0.171141    0.196344  -0.0381019  0.000214167
1040    0.169573    0.194823   -0.208962  0.000211501
1050    0.166911    0.192242   -0.836432  0.000179804
1060    0.165977    0.191336    -1.57751  0.000151375
1070    0.163883    0.189307   -0.152602  0.000193486
1080    0.162107    0.187584    0.303229  0.000164944
1090    0.160585    0.186108     1.44283  0.000178225
1100    0.158543    0.184128   -0.323685  0.000152769
1110    0.157529    0.183146   0.0173674  7.88227e-05
1120    0.156966      0.1826    0.301614  9.19677e-05
1130     0.15569    0.181362   -0.268383  0.000228205
1140    0.152402    0.178174   -0.438909  0.000244831
1150    0.150793    0.176615   -0.210965  0.000170797
1160    0.148986    0.174862    0.187838  0.00014191
1170    0.147955    0.173863   -0.667186  0.000155296
1180     0.14588    0.171851   -0.951711  0.000188171
1190    0.144192    0.170214    -1.40821  0.000195143
1200    0.141977    0.168067    -2.37712  0.000211889
1210    0.139954    0.166105    -2.66232  0.000189498
1220    0.138187    0.164392    -1.86426  0.000180122
1230    0.136351    0.162612    -1.29443  0.000196914
1240    0.134249    0.160573   -0.952435  0.00015142
1250    0.133323    0.159676    -1.00996  0.000151831
1260    0.131213    0.157629  -0.0977457  0.000109369
1270    0.131136    0.157555    0.357696   9.657e-05
1280    0.129281    0.155757    -0.38344  0.000132938
1290    0.128477    0.154977   -0.896632  0.000120112
1300    0.126879    0.153427   -0.839437  0.000150073
1310    0.125475    0.152067    -1.63771  0.000170271
1320    0.123473    0.150125    -1.35252  9.77907e-05
1330     0.12352     0.15017   -0.669023  2.85201e-05
1340    0.122903    0.149572    -1.01152  6.83732e-05
1350    0.122152    0.148844    -2.03768  8.84622e-05
1360    0.121134    0.147857    -1.35402  0.000141867
1370    0.119315    0.146093    -2.37963  0.000148808
1380    0.118158    0.144971    -1.41127  9.91873e-05
1390    0.117331     0.14417    -1.35441  4.93713e-05
1400     0.11717    0.144014     -1.9816  0.000102987
1410    0.115271    0.142173     -1.8108  0.000143273
1420    0.114305    0.141236    -1.58269  0.000103471
1430    0.113202    0.140166    -2.15302  9.69972e-05
1440    0.112365    0.139355    -1.75438  0.000103954
1450    0.111123     0.13815    -1.41227  0.000198287
1460    0.108399    0.135509    -1.46908  0.000228955
1470    0.106544     0.13371    -2.21038  0.000189111
1480    0.104617    0.131842    -1.92535  0.000203043
1490    0.102483    0.129773    -1.52672  0.000162984
1500    0.101357    0.128682    -1.86894  9.24259e-05
1510    0.100634    0.127981    -1.47025  0.000173913
1520   0.0978789    0.125309    -1.69797  0.000221643
1530   0.0962015    0.123683    -1.24197  0.000117049
1540   0.0955379    0.123039    -1.35658  0.000120786
1550   0.0937858     0.12134    -1.41361  0.000127809
1560   0.0929817    0.120561     -2.1548  0.000162216
1570   0.0905414    0.118195    -1.47069  0.000159095
1580   0.0897998    0.117476    -1.58458  0.000115208
1590   0.0882373    0.115961   -0.730003  9.83454e-05
1600   0.0878329    0.115569    -0.95828  6.78565e-05
1610   0.0868802    0.114645      -1.072  0.000133069
1620   0.0851715    0.112988    -1.07189  0.00014363
1630   0.0840076     0.11186    -1.98422  0.000150871
1640   0.0821541    0.110062    -2.21233  0.000158067
1650   0.0808462    0.108794     -1.3005  7.58763e-05
1660   0.0806366    0.108591    -1.98494  7.95707e-05
1670   0.0792548    0.107251    -1.92775  0.000152144
1680   0.0775937    0.105641    -1.69986  0.000149037
1690   0.0762741    0.104361    -2.32694  0.000132124
1700   0.0749512    0.103079    -2.49797  7.35808e-05
1710   0.0748025    0.102934    -1.70042  4.60938e-05
1720   0.0740293    0.102185    -2.27092  0.000129472
1730    0.072213    0.100424    -2.61258  6.36939e-05
1740   0.0727555     0.10095    -2.55583  2.57194e-05
1750   0.0716986   0.0999249    -3.46744  6.05214e-05
1760    0.071545    0.099776    -2.84075  0.00010955
1770   0.0695076   0.0978005    -3.12538  0.000109703
1780    0.069351   0.0976486    -2.84108  4.71517e-05
1790   0.0685646   0.0968862    -2.61258  4.72289e-05
1800   0.0684064   0.0967328    -2.78372  2.28476e-05
1810   0.0681076   0.0964431    -2.27069  5.44768e-05
1820   0.0673169   0.0956764    -2.38497  9.67409e-05
1830   0.0661728   0.0945671    -2.61258  5.47431e-05
1840    0.066222   0.0946148    -2.72669  9.16496e-06
1850   0.0659895   0.0943894    -2.72697  3.38566e-05
1860   0.0655449   0.0939583    -2.89827  7.2765e-05
1870   0.0645342   0.0929784     -3.3541  9.05819e-05
1880   0.0637332   0.0922017    -2.95497  6.95799e-05
1890   0.0631426   0.0916291    -2.89827  6.62239e-05
1900   0.0624087   0.0909175    -2.49958  0.000116054
1910   0.0608215   0.0893786    -2.38514  6.65491e-05
1920   0.0610778    0.089627    -2.78455  4.19309e-05
1930   0.0599829   0.0885654    -3.01216  5.61982e-05
1940   0.0599538   0.0885372    -2.89861  4.21407e-05
1950   0.0591401   0.0877483    -2.89838  7.43281e-05
1960   0.0584672   0.0870958    -2.61358  9.59698e-05
1970   0.0572207   0.0858872    -2.89839  0.000117648
1980   0.0561143   0.0848144    -2.72736  0.000128703
1990   0.0546467   0.0833914    -2.49925  6.08291e-05
2000   0.0548977   0.0836348    -2.44267  3.23459e-05
2010   0.0539997   0.0827642    -2.15758  8.63124e-05
2020   0.0531715   0.0819611    -2.72736  8.29313e-05
2030   0.0523411    0.081156    -2.95547  5.7896e-05
2040   0.0520135   0.0808384    -2.84164  7.61282e-05
2050   0.0508186   0.0796797    -2.89861  8.34942e-05
2060   0.0503436   0.0792193    -2.67089  4.39322e-05
2070   0.0499399   0.0788278    -3.01311  7.30444e-05
2080   0.0488828   0.0778028    -3.35511  7.31885e-05
2090   0.0484761   0.0774085    -3.07053  7.34143e-05
2100   0.0474145   0.0763792     -3.1275  8.08334e-05
2110   0.0468595    0.075841    -3.69749  6.65005e-05
2120   0.0460845   0.0750896    -3.24178  0.000106776
2130    0.044724   0.0737704    -3.24178  0.000139878
2140   0.0432869   0.0723771     -3.1275  0.000129261
2150   0.0421387   0.0712638    -3.29864  6.00427e-05
2160    0.042086   0.0712127      -3.128  1.26079e-05
2170   0.0418866   0.0710193    -2.55811  0.000100729
2180   0.0400715   0.0692594      -2.558  0.00011926
2190   0.0395014   0.0687066    -2.95697  4.23631e-05
2200   0.0392242   0.0684379    -2.72908  8.67093e-05
2210   0.0377672   0.0670252    -3.01366  5.73395e-05
2220   0.0380774    0.067326    -3.29903  5.87963e-06
2230   0.0376496   0.0669112    -3.58383  6.13347e-05
2240   0.0368507   0.0661366    -3.18486  3.1838e-05
2250   0.0370128   0.0662938    -2.78606  3.93987e-05
2260   0.0360627   0.0653726    -2.67222  6.54239e-05
2270   0.0357043   0.0650251    -2.15942  7.67866e-05
2280    0.034527   0.0638836    -1.81748  0.000102992
2290   0.0336445   0.0630279    -2.38764  8.46393e-05
2300   0.0328342   0.0622422    -2.04559  6.24692e-05
2310   0.0323951   0.0618165    -2.50114  1.03297e-05
2320   0.0326276   0.0620419    -2.38764  -8.31187e-06
2330   0.0325614   0.0619777    -2.55856  2.16244e-05
2340   0.0321951   0.0616226    -2.55867  2.91666e-05
2350    0.031978   0.0614121    -1.98901  3.67682e-05
2360   0.0314598   0.0609096    -1.93203  6.3178e-05
2370   0.0307145   0.0601869    -1.81809  3.69607e-05
2380   0.0307206   0.0601928     -1.9894  4.0879e-05
2390   0.0298969   0.0593942    -2.21689  5.22612e-05
2400   0.0296753   0.0591794    -2.27403  3.35305e-05
2410   0.0292263    0.058744    -1.53356  3.7392e-05
2420   0.0289275   0.0584543    -1.59043  8.3002e-05
2430   0.0275662   0.0571344    -1.70426  0.000113526
2440    0.026657   0.0562528    -1.76145  5.30265e-05
2450   0.0265057   0.0561061    -1.53384  5.32169e-05
2460   0.0255926   0.0552208    -2.33173  5.33088e-05
2470   0.0254395   0.0550724    -2.04687  6.1135e-05
2480   0.0243699   0.0540353    -2.50314  0.000118568
2490   0.0230682   0.0527731    -2.27492  8.82511e-05
2500   0.0226049    0.052324     -1.6479  8.06246e-06
2510   0.0229069   0.0526168    -2.04709  4.60818e-07
2520   0.0225957    0.052315    -1.93326  2.34759e-05
2530   0.0224374   0.0521615    -1.47737  5.04841e-05
2540    0.021586    0.051336    -1.81937  0.000100663
2550   0.0204241   0.0502095    -2.04726  5.84729e-05
2560   0.0204166   0.0502021    -1.99023  4.32533e-05
2570   0.0195591   0.0493707    -1.99029  4.71819e-05
2580   0.0194729   0.0492872    -1.70565  4.74965e-06
2590   0.0194641   0.0492786    -1.87668  2.4162e-05
2600   0.0189897   0.0488187    -1.93393  8.24616e-05
2610   0.0178148   0.0476795    -2.21884  4.37415e-05
2620   0.0181149   0.0479704    -2.38998  1.1161e-06
2630   0.0177925   0.0476579    -2.16198  5.95797e-05
2640   0.0169233   0.0468151    -2.27587  7.53271e-05
2650    0.016286   0.0461971    -2.44673  9.51013e-05
2660   0.0150212   0.0449709    -2.50365  7.18213e-05
2670   0.0148495   0.0448044    -2.61809  1.32701e-05
2680   0.0147558   0.0447135    -2.27631  3.29461e-05
2690   0.0141906   0.0441655    -2.16215  6.83939e-05
2700    0.013388   0.0433873    -1.82021  5.67519e-05
2710   0.0130556    0.043065    -1.76329  3.72257e-05
2720   0.0126434   0.0426654    -1.47821  3.73231e-05
2730   0.0123091   0.0423412    -2.16243  4.13851e-05
2740   0.0118157   0.0418628    -1.53551  5.33652e-05
2750   0.0112418   0.0413064    -1.76335  7.3331e-05
2760   0.0103491   0.0404408     -2.6182  4.96906e-05
2770    0.010248   0.0403428    -2.39054  1.01259e-05
2780   0.0101466   0.0402445    -2.16254  2.60795e-05
2790  0.00972641    0.039837    -1.93459  6.99837e-05
2800  0.00874692   0.0388873     -2.0482  4.2193e-05
2810  0.00888255   0.0390188    -1.82026  -1.58832e-06
2820  0.00877869   0.0389181    -2.44751  2.64149e-05
2830  0.00835425   0.0385066    -2.21929  3.04757e-05
2840  0.00816918   0.0383272     -1.7634  6.48973e-06
2850  0.00822446   0.0383808     -1.5926  2.50391e-06
2860   0.0081191   0.0382786    -1.76346  2.26299e-05
2870  0.00777186   0.0379419    -2.10557  4.68654e-05
2880  0.00718179   0.0373698    -2.04848  6.31288e-05
2890  0.00650929   0.0367177    -1.82043  3.90441e-05
2900  0.00640091   0.0366127     -1.5354  6.80438e-06
2910   0.0063732   0.0365858    -1.64929  4.33183e-05
2920  0.00553454   0.0357726    -1.99129  7.99243e-05
2930  0.00477471   0.0350359    -2.33334  6.38932e-05
2940  0.00425668   0.0345336    -2.39015  3.15186e-05
2950  0.00414434   0.0344247    -2.61837  7.17188e-06
2960  0.00411324   0.0343946    -2.56162  2.3532e-05
2970   0.0036737   0.0339684    -2.39048  8.49059e-05
2980  0.00241512   0.0327481    -2.50442  5.64251e-05
2990   0.0025452   0.0328742    -2.39065  7.47656e-06
3000  0.00226559   0.0326031    -2.67562  -7.44208e-07
3010  0.00256008   0.0328886    -2.10551   3.407e-06
3020  0.00219745    0.032537    -2.16237  7.48886e-06
3030  0.00241031   0.0327434    -2.16248  -4.19394e-05
3040  0.00303624   0.0333503    -1.64957  -1.31203e-05
3050  0.00267271   0.0329978     -1.7066  -1.32278e-05
3060  0.00330079   0.0336068    -1.93498  -9.05241e-06
3070  0.00285376   0.0331734    -1.47854  -9.15825e-06
3080  0.00348396   0.0337844     -1.7066  -2.98763e-05
3090  0.00345129   0.0337527    -1.30763  -9.20936e-06
3100  0.00366815    0.033963    -1.42168  -4.67136e-05
3110  0.00438556   0.0346586    -1.42174  -9.18645e-07
3120  0.00368652   0.0339808    -1.87751  1.98658e-05
3130  0.00398824   0.0342734    -1.47837  -2.60301e-05
3140  0.00420712   0.0344856    -1.42157  -5.15976e-06
3150  0.00409144   0.0343734    -1.25071  7.38953e-06
3160  0.00405933   0.0343423    -1.02288  3.21527e-06
3170  0.00402713   0.0343111    -1.13671  3.22394e-06
3180  0.00399485   0.0342798    -1.19385  -4.31326e-05
3190  0.00488978   0.0351475    -1.19413  -5.16329e-05
3200  0.00502751    0.035281    -1.19418  -5.33822e-06
3210  0.00499655    0.035251    -1.13688  7.33384e-06
3220  0.00488083   0.0351388     -1.3079  2.43091e-05
3230  0.00451036   0.0347796    -1.07985  7.37782e-06
3240  0.00473328   0.0349957   -0.851962  -5.63446e-05
3250  0.00563726   0.0358722   -0.852352  -2.66489e-05
3260  0.00526625   0.0355125   -0.624186  6.27454e-05
3270  0.00438235   0.0346555   -0.566991  1.16353e-05
3280  0.00503355   0.0352869   -0.738519  -9.60452e-06
3290  0.00457444   0.0348417   -0.908934  3.74109e-05
3300  0.00428533   0.0345614   -0.168188  1.17915e-05
3310  0.00433861   0.0346131   -0.510019  7.55475e-06
3320  0.00413424   0.0344149   -0.453048  -5.35205e-06
3330  0.00444565   0.0347169    -0.33916  -9.6391e-06
3340  0.00432702   0.0346018   -0.339104  -1.06832e-06
3350  0.00446702   0.0347376   -0.111161  -2.69899e-05
3360  0.00486682   0.0351252   0.0595879  -1.40617e-05
3370  0.00474825   0.0350103    0.230671  -1.41438e-05
3380  0.00514969   0.0353995    0.173532  3.22121e-06
3390  0.00468383   0.0349478  0.00261609  2.05636e-05
3400  0.00473842   0.0350007   -0.168411  -1.85361e-05
3410  0.00505455   0.0353072    0.116671  -3.16615e-05
3420  0.00537165   0.0356147    0.116616  -1.865e-05
3430  0.00542755   0.0356689    0.344726  -1.87253e-05
3440  0.00574616   0.0359778    0.287532  2.50608e-05
3450  0.00492634   0.0351829    0.857695  3.38283e-05
3460  0.00506959   0.0353218    0.629641  -3.6328e-05
3470  0.00565289   0.0358874     1.19947  -3.20031e-05
3480  0.00570965   0.0359424      0.9145  -1.0095e-05
3490  0.00585479   0.0360832    0.857696  -5.70323e-06
3500  0.00582372    0.036053     1.08558  -1.45801e-05
3510  0.00614639   0.0363659     1.25639  -1.0168e-05
3520  0.00602708   0.0362502     1.08564  2.52594e-05
3530  0.00564121   0.0358761    0.971583  -1.0231e-05
3540   0.0062317   0.0364486     1.31325  -5.73704e-06
3550  0.00575595   0.0359873    0.629418  2.98202e-05
3560  0.00563529   0.0358703    0.629418  1.6549e-05
3570  0.00542497   0.0356664    0.686502  2.55361e-05
3580  0.00512457   0.0353751    0.857584  2.11297e-05
3590  0.00500237   0.0352567     1.08547  3.26906e-06
3600  0.00505919   0.0353117     1.25661  -1.46749e-05
3610  0.00529587   0.0355412     1.71244  -2.8204e-05
3620  0.00562327   0.0358587     1.59833  -5.75397e-06
3630  0.00541095   0.0356528     1.48433  -2.3868e-05
3640  0.00610063   0.0363215      1.4273  -1.93522e-05
3650    0.005798   0.0360281     1.42736  -1.38124e-06
3660  0.00612826   0.0363483     1.71227  -4.66828e-05
3670  0.00673165   0.0369333     1.82627  -1.95567e-05
3680  0.00651939   0.0367275      1.6553  2.1258e-05
3690  0.00630649   0.0365211     1.71239  3.04373e-05
3700  0.00591065   0.0361373     2.05455  1.6829e-05
3710  0.00596991   0.0361948     1.94044  -1.96474e-05
3720  0.00630359   0.0365183     1.88352  -2.42657e-05
3730  0.00645522   0.0366653     1.76958  -1.9773e-05
3740  0.00669906   0.0369017     1.88347  -1.06444e-05
3750  0.00666811   0.0368717     1.82655  2.15009e-05
3760  0.00626904   0.0364848     1.82661  1.23274e-05
3770  0.00642156   0.0366327      1.8265  -1.06634e-05
3780  0.00648231   0.0366916      1.5985  -1.4625e-06
3790  0.00645081    0.036661     2.05444  -1.47403e-06
3800  0.00651179   0.0367202     1.88336  -1.0746e-05
3810  0.00666573   0.0368694     2.33941  3.16168e-06
3820  0.00644855   0.0366589     2.11141  3.57084e-05
3830  0.00595156    0.036177     2.11152  2.6481e-05
3840  0.00591893   0.0361453     2.28255  1.26035e-05
3850   0.0056995   0.0359326     2.16827  3.1329e-05
3860  0.00529235   0.0355378     2.51044  2.67315e-05
3870  0.00516486   0.0354142     2.11136  3.39125e-06
3880  0.00522453   0.0354721     2.05427  3.63041e-05
3890  0.00443878   0.0347102     2.11147  3.63541e-05
3900  0.00449745   0.0347671     2.22535  -1.16415e-06
3910  0.00446207   0.0347328      2.3393  3.54338e-06
3920  0.00442658   0.0346984     2.28222  1.30152e-05
3930  0.00420176   0.0344804     2.22519  6.04101e-05
3940  0.00321838   0.0335269     2.22513  7.00348e-05
3950  0.00280107   0.0331223     1.88324  2.75424e-05
3960  0.00266753   0.0329928     1.88291  2.76567e-05
3970  0.00224793    0.032586     2.11091  9.44801e-05
3980  0.000777926   0.0311607     2.05427  8.03795e-05
3990  0.00064034   0.0310272     1.94022  2.81333e-05
4000  0.00021526   0.0306151      2.2821  3.7786e-05
4010  -0.000115379   0.0302945     2.16822  3.79206e-05
4020  -0.000543152   0.0298797     2.05427  9.1913e-06
4030  -0.000299205   0.0301163     1.94016  3.3359e-05
4040  -0.00121033   0.0292329      2.2253  6.23203e-05
4050  -0.00154561   0.0289078     2.05427  5.77457e-05
4060  -0.00236525   0.0281131     1.82622  7.24211e-05
4070  -0.00299403   0.0275034     1.71222  9.64832e-06
4080  -0.00255821    0.027926     1.42697  9.77127e-06
4090  -0.00318946   0.0273139     1.31319  3.89058e-05
4100  -0.00333633   0.0271715     1.59805  1.9584e-05
4110  -0.00358114   0.0269341     1.31297  3.91691e-05
4120  -0.00411971   0.0264119     1.36994  2.46088e-05
4130  -0.00407331   0.0264569     1.54086  2.96403e-05
4140  -0.00471252   0.0258372     1.42691  4.93102e-05
4150  -0.00505952   0.0255007     1.31291   4.459e-05
4160  -0.00560432   0.0249725     1.19897  2.01067e-05
4170  -0.00546165   0.0251108     1.54097  5.05242e-07
4180  -0.00561442   0.0249627     1.76886  2.02454e-05
4190  -0.00586656   0.0247182     1.54097  1.04093e-05
4200  -0.00582261   0.0247608     1.54086  2.03839e-05
4210  -0.00627424   0.0243229     1.99669  8.99398e-05
4220  -0.0076214   0.0230167     1.82588  7.5251e-05
4230  -0.00777926   0.0228637      1.8828  2.07962e-05
4240  -0.00803733   0.0226134     1.93977  3.58366e-05
4250  -0.00849599   0.0221687     1.59761  4.09442e-05
4260  -0.00885621   0.0218195     1.42652  5.61244e-05
4270  -0.00961848   0.0210804     1.65474  6.1303e-05
4280  -0.0100823   0.0206307     1.54069  5.65168e-05
4290  -0.0107488   0.0199844    0.970804  2.64825e-05
4300  -0.0106119   0.0201171     1.14161  1.42208e-06
4310  -0.0107773   0.0199568     1.14161  1.15081e-05
4320  -0.0108421    0.019894     1.08469  2.1683e-05
4330  -0.0112109   0.0195363     1.02755  2.68044e-05
4340  -0.0113782   0.0193742     1.19875  -3.5665e-06
4350  -0.0111396   0.0196055     1.02778  -1.37223e-05
4360  -0.0111037   0.0196403    0.970637  1.68025e-05
4370  -0.0114756   0.0192797    0.856861  -3.60399e-06
4380  -0.0110316   0.0197102    0.685611  -1.88944e-05
4390  -0.0110977   0.0196461    0.628472  4.25018e-05
4400  -0.0118817    0.018886    0.742694  3.74557e-05
4410  -0.0118469   0.0189197    0.742527  -1.89221e-05
4420  -0.0115032   0.0192529     0.91361  1.19572e-05
4430   -0.012086   0.0186879    0.856638  1.59075e-06
4440  -0.0115351   0.0192221      0.6855  -8.64468e-06
4450  -0.0119131   0.0188555    0.856526  1.71471e-05
4460   -0.011878   0.0188895    0.799499  2.24374e-05
4470  -0.0123619   0.0184204    0.913443  3.80708e-05
4480  -0.0126394   0.0181513    0.742416  2.25996e-05
4490  -0.0128138   0.0179822    0.742416  1.22543e-05
4500  -0.0128845   0.0179136    0.400306  1.84979e-06
4510  -0.0128508   0.0179463    0.571333  1.86646e-06
4520  -0.0129218   0.0178775    0.457278  1.23582e-05
4530   -0.013098   0.0177066    0.229223  7.13742e-06
4540  -0.0130646    0.017739     0.17214  1.91578e-06
4550  -0.0131363   0.0176695    0.229168  1.91471e-06
4560  -0.0131029   0.0177019    0.286195  -3.35462e-06
4570  -0.0130692   0.0177345   0.0581408  -8.66558e-06
4580  -0.0129296     0.01787   0.0580295  -3.38019e-06
4590  -0.0130016   0.0178001    0.228889  2.3165e-05
4600  -0.0133929   0.0174207   0.0581966  -3.40645e-06
4610  -0.0129335   0.0178661    0.229056  -2.46807e-05
4620  -0.0128992   0.0178994    0.457111  -8.77674e-06
4630   -0.012758   0.0180363    0.286251  1.91182e-06
4640  -0.0129375   0.0178623    0.457222  1.79834e-05
4650  -0.0131176   0.0176876    0.286195  2.88013e-05
4660  -0.0135135   0.0173038     0.22939  1.27352e-05
4670  -0.0133723   0.0174406    0.229279  -1.95415e-05
4680  -0.0131227   0.0176827     0.34339  -1.96045e-05
4690  -0.0129802   0.0178208   0.0583077  -3.44063e-06
4700  -0.0130539   0.0177494  0.00133575  1.94986e-06
4710  -0.0130192    0.017783   -0.055636  1.82799e-05
4720  -0.0134195    0.017395   0.0583635  -3.47896e-06
4730  -0.0129497   0.0178505    0.058141  -1.43255e-05
4740   -0.013133   0.0176727     0.11528  1.28964e-05
4750  -0.0132076   0.0176004  0.00133607  -8.95653e-06
4760  -0.0129538   0.0178464    0.286307  7.50511e-06
4770  -0.0133577   0.0174548    0.172307  4.04663e-05
4780  -0.0137632   0.0170617   0.0582521  3.51125e-05
4790  -0.0140599   0.0167739  -0.0558029  5.18169e-05
4800  -0.0147995   0.0160569   -0.112719  5.75053e-05
4810  -0.0152101   0.0156588  -0.0558028  5.22179e-05
4820  -0.0158438   0.0150443  -0.0558032  3.57408e-05
4830  -0.0159249   0.0149657   -0.112775  2.48074e-05
4840    -0.01634   0.0145632    0.229335  1.9298e-05
4850  -0.0163108   0.0145915    0.343167  2.66181e-06
4860  -0.0163932   0.0145116    0.400139  -1.97206e-05
4870  -0.0159164   0.0149739    0.684943  -2.53486e-05
4880  -0.0158863   0.0150032    0.570888  3.62999e-05
4890  -0.0166424     0.01427    0.399972  2.51076e-05
4900  -0.0163884   0.0145163       0.343  2.74759e-06
4910  -0.0166974   0.0142167    0.456888  4.79077e-05
4920  -0.0173466   0.0135873    0.399972  3.67395e-05
4930  -0.0174322   0.0135043    0.229001  -8.44225e-06
4940  -0.0171777    0.013751    0.571055  -2.54932e-05
4950  -0.0169223   0.0139986    0.286084  1.9968e-05
4960  -0.0175771   0.0133638    0.229168  -2.87173e-06
4970  -0.0168649   0.0140543    0.400028  -3.13364e-05
4980  -0.0169504   0.0139714    0.229112  2.83737e-06
4990  -0.0169216   0.0139993   0.0581964  3.70111e-05
