Time   Number   
ps   
0          19          23
10          18          26
20          15          21
30          18          26
40          15          23
50          19          23
60          16          18
70          18          20
80          17          23
90          18          26
100          19          19
110          18          22
120          18          26
130          20          22
140          16          28
150          20          24
160          19          25
170          18          18
180          20          22
190          16          24
200          15          21
210          17          25
220          16          22
230          17          25
240          16          22
250          15          25
260          20          24
270          15          25
280          17          23
290          19          25
300          16          24
310          21          29
320          17          23
330          17          25
340          18          24
350          17          25
360          16          28
370          17          21
380          18          22
390          17          19
400          16          24
410          17          21
420          15          23
430          12          26
440          19          25
450          15          21
460          16          24
470          13          17
480          15          23
490          17          23
500          13          25
510          14          28
520          14          20
530          17          21
540          15          21
550          18          20
560          18          26
570          19          21
580          20          24
590          22          30
600          21          23
610          19          23
620          17          23
630          23          29
640          20          30
650          17          23
660          22          30
670          16          26
680          20          24
690          17          21
700          20          26
710          23          27
720          22          32
730          21          29
740          20          28
750          25          29
760          22          28
770          22          28
780          20          30
790          23          25
800          20          24
810          20          24
820          17          27
830          21          21
840          17          25
850          21          25
860          18          22
870          21          29
880          17          25
890          16          22
900          18          26
910          18          24
920          20          24
930          20          20
940          19          23
950          18          26
960          18          26
970          20          24
980          18          22
990          18          22
1000          19          25
1010          19          25
1020          22          22
1030          20          24
1040          16          28
1050          17          27
1060          21          23
1070          17          23
1080          18          24
1090          17          27
1100          19          25
1110          15          19
1120          19          19
1130          16          26
1140          18          22
1150          13          19
1160          16          18
1170          13          19
1180          16          18
1190          16          24
1200          21          21
1210          17          17
1220          16          22
1230          16          18
1240          16          18
1250          16          18
1260          20          20
1270          19          21
1280          20          24
1290          18          22
1300          18          18
1310          14          24
1320          16          20
1330          18          20
1340          17          17
1350          17          23
1360          17          19
1370          15          19
1380          17          23
1390          17          19
1400          17          21
1410          16          20
1420          16          22
1430          13          23
1440          12          20
1450          15          23
1460          16          16
1470          15          23
1480          15          19
1490          15          19
1500          14          22
1510          14          16
1520          11          17
1530          15          15
1540          11          19
1550          14          14
1560          16          16
1570          13          15
1580          17          17
1590          14          16
1600          17          21
1610          13          17
1620          15          15
1630          13          15
1640          12          12
1650           9          17
1660          11          13
1670          12          12
1680          13          13
1690          15          17
1700          16          18
1710          14          16
1720          14          16
1730          15          17
1740          16          20
1750          18          22
1760          18          22
1770          19          23
1780          17          29
1790          17          21
1800          19          25
1810          22          26
1820          21          21
1830          19          23
1840          19          23
1850          20          20
1860          19          23
1870          21          23
1880          15          23
1890          19          21
1900          14          22
1910          19          19
1920          18          18
1930          18          18
1940          18          20
1950          15          23
1960          17          21
1970          18          24
1980          15          23
1990          16          28
2000          19          19
2010          17          17
2020          18          18
2030          19          21
2040          19          19
2050          17          17
2060          19          21
2070          17          23
2080          16          18
2090          19          21
2100          19          23
2110          17          19
2120          19          25
2130          15          21
2140          13          25
2150          15          17
2160          15          23
2170          15          17
2180          14          20
2190          19          19
2200          18          22
2210          13          21
2220          16          20
2230          18          22
2240          15          21
2250          18          22
2260          19          21
2270          14          26
2280          18          18
2290          20          20
2300          18          24
2310          17          25
2320          18          22
2330          17          19
2340          18          20
2350          19          23
2360          19          27
2370          18          20
2380          19          21
2390          15          19
2400          16          20
2410          19          25
2420          18          24
2430          18          24
2440          14          22
2450          15          25
2460          16          22
2470          17          25
2480          19          23
2490          17          21
2500          18          22
2510          18          24
2520          18          22
2530          15          19
2540          16          22
2550          19          23
2560          18          20
2570          18          22
2580          19          21
2590          17          25
2600          18          24
2610          17          21
2620          16          22
2630          18          22
2640          17          23
2650          17          21
2660          17          27
2670          16          28
2680          17          25
2690          17          25
2700          17          23
2710          16          22
2720          15          21
2730          18          22
2740          16          24
2750          16          24
2760          18          22
2770          16          24
2780          18          22
2790          16          22
2800          18          22
2810          17          19
2820          19          21
2830          18          20
2840          16          22
2850          18          20
2860          19          19
2870          18          22
2880          20          22
2890          17          23
2900          21          21
2910          18          22
2920          20          22
2930          17          25
2940          21          23
2950          16          22
2960          14          22
2970          18          20
2980          17          25
2990          20          24
3000          17          17
3010          18          26
3020          15          21
3030          20          26
3040          17          25
3050          18          22
3060          16          24
3070          20          20
3080          21          21
3090          19          21
3100          15          19
3110          15          21
3120          16          22
3130          16          22
3140          17          23
3150          18          18
3160          18          26
3170          17          21
3180          18          24
3190          16          16
3200          16          18
3210          14          16
3220          14          24
3230          15          15
3240          16          22
3250          17          25
3260          16          18
3270          15          21
3280          15          21
3290          17          21
3300          18          20
3310          16          22
3320          13          23
3330          17          21
3340          17          17
3350          19          21
3360          15          21
3370          18          22
3380          16          22
3390          13          19
3400          14          22
3410          14          20
3420          16          16
3430          17          23
3440          15          21
3450          16          20
3460          18          24
3470          19          23
3480          17          27
3490          20          24
3500          20          26
3510          18          24
3520          23          27
3530          23          27
3540          20          24
3550          26          32
3560          23          31
3570          25          27
3580          24          28
3590          20          36
3600          22          32
3610          20          24
3620          21          23
3630          21          21
3640          20          24
3650          20          22
3660          16          20
3670          18          22
3680          21          23
3690          18          24
3700          18          22
3710          16          18
3720          18          20
3730          19          19
3740          18          18
3750          20          24
3760          17          23
3770          20          20
3780          21          25
3790          19          25
3800          21          25
3810          20          22
3820          20          26
3830          18          26
3840          22          26
3850          21          29
3860          22          28
3870          21          27
3880          20          22
3890          22          30
3900          21          27
3910          22          26
3920          20          26
3930          17          27
3940          17          29
3950          20          26
3960          23          25
3970          23          25
3980          22          26
3990          20          28
4000          22          24
4010          22          24
4020          24          26
4030          20          20
4040          21          21
4050          21          25
4060          21          25
4070          23          25
4080          20          22
4090          20          20
4100          20          20
4110          20          20
4120          19          23
4130          20          22
4140          19          21
4150          18          26
4160          21          23
4170          22          22
4180          21          23
4190          20          20
4200          20          22
4210          20          22
4220          17          21
4230          20          20
4240          18          24
4250          20          22
4260          19          21
4270          18          24
4280          17          25
4290          18          20
4300          19          23
4310          19          21
4320          19          21
4330          17          17
4340          17          25
4350          21          25
4360          21          23
4370          20          22
4380          19          23
4390          20          26
4400          21          21
4410          20          32
4420          17          23
4430          19          23
4440          18          24
4450          20          22
4460          21          21
4470          20          22
4480          19          23
4490          21          27
4500          20          26
4510          18          26
4520          21          23
4530          15          21
4540          22          22
4550          20          24
4560          21          25
4570          21          23
4580          20          22
4590          19          23
4600          21          27
4610          20          22
4620          21          21
4630          23          23
4640          20          22
4650          20          24
4660          19          23
4670          19          21
4680          19          19
4690          17          23
4700          17          21
4710          16          24
4720          19          23
4730          18          22
4740          18          26
4750          18          26
4760          18          24
4770          18          22
4780          21          23
4790          19          21
4800          19          25
4810          17          27
4820          16          20
4830          14          20
4840          20          22
4850          18          20
4860          18          20
4870          19          25
4880          17          25
4890          19          21
4900          17          21
4910          16          22
4920          18          26
4930          18          24
4940          18          22
4950          16          18
4960          20          24
4970          20          22
4980          20          24
4990          20          24
5000          14          18
5010          17          23
5020          16          28
5030          20          24
5040          21          23
5050          19          25
5060          17          23
5070          16          22
5080          19          19
5090          20          20
5100          20          22
5110          20          24
5120          20          26
5130          20          24
5140          18          24
5150          19          21
5160          19          25
5170          19          23
5180          21          29
5190          18          26
5200          19          23
5210          19          21
5220          17          21
5230          17          21
5240          19          23
5250          20          24
5260          17          25
5270          18          20
5280          17          19
5290          16          20
5300          15          19
5310          17          21
5320          19          25
5330          18          22
5340          18          24
5350          15          21
5360          19          21
5370          18          22
5380          15          19
5390          18          22
5400          21          23
5410          21          21
5420          20          20
5430          18          24
5440          23          23
5450          21          25
5460          19          21
5470          20          22
5480          21          25
5490          24          24
5500          18          24
5510          19          25
5520          18          24
5530          20          26
5540          22          24
5550          20          22
5560          23          25
5570          21          23
5580          21          21
5590          19          23
5600          18          26
5610          22          22
5620          19          23
5630          19          23
5640          18          28
5650          21          25
5660          23          23
5670          22          26
5680          20          28
5690          18          22
5700          21          27
5710          21          27
5720          18          22
5730          19          31
5740          22          36
5750          19          23
5760          21          29
5770          21          23
5780          19          25
5790          20          26
5800          20          24
5810          18          22
5820          20          24
5830          20          26
5840          16          26
5850          21          27
5860          20          30
5870          20          26
5880          19          27
5890          20          30
5900          21          27
5910          20          32
5920          24          24
5930          22          28
5940          22          24
5950          22          26
5960          22          24
5970          24          24
5980          22          30
5990          21          27
6000          22          30
6010          21          29
6020          21          25
6030          19          19
6040          20          26
6050          20          22
6060          20          22
6070          19          21
6080          19          23
6090          17          27
6100          19          31
6110          18          20
6120          21          25
6130          23          25
6140          19          25
6150          21          27
6160          24          32
6170          18          30
6180          20          22
6190          23          27
6200          19          29
6210          23          25
6220          23          31
6230          23          29
6240          24          28
6250          22          30
6260          20          26
6270          22          26
6280          20          34
6290          22          26
6300          19          27
6310          20          24
6320          19          29
6330          21          25
6340          20          22
6350          21          25
6360          22          26
6370          18          22
6380          20          24
6390          19          19
6400          20          26
6410          20          26
6420          19          29
6430          19          29
6440          22          22
6450          20          24
6460          17          21
6470          18          24
6480          17          25
6490          17          23
6500          21          23
6510          20          26
6520          18          24
6530          17          27
6540          19          21
6550          16          22
6560          21          23
6570          17          25
6580          16          22
6590          19          21
6600          16          24
6610          20          26
6620          19          23
6630          18          24
6640          15          27
6650          15          19
6660          14          20
6670          15          15
6680          15          19
6690          19          23
6700          16          20
6710          17          21
6720          19          23
6730          14          22
6740          16          20
6750          15          17
6760          14          18
6770          16          22
6780          16          20
6790          17          17
6800          16          20
6810          15          25
6820          16          20
6830          14          16
6840          13          19
6850          14          20
6860          18          20
6870          16          20
6880          19          23
6890          20          20
6900          16          24
6910          19          23
6920          18          24
6930          17          21
6940          15          17
6950          16          20
6960          17          21
6970          15          19
6980          18          18
6990          16          18
7000          15          15
7010          14          20
7020          15          17
7030          18          24
7040          14          18
7050          16          24
7060          15          23
7070          17          17
7080          13          17
7090          13          19
7100          19          19
7110          14          18
7120          13          15
7130          14          16
7140          13          21
7150          15          21
7160          14          16
7170          14          18
7180          18          18
7190          15          19
7200          13          13
7210          16          16
7220          15          19
7230          14          18
7240          13          21
7250          12          20
7260          12          22
7270          15          21
7280          16          16
7290          13          19
7300          17          21
7310          15          17
7320          13          19
7330          16          18
7340          14          20
7350          16          20
7360          16          18
7370          13          21
7380          15          21
7390          17          17
7400          16          20
7410          14          24
7420          17          19
7430          16          26
7440          13          19
7450          15          17
7460          16          18
7470          17          19
7480          14          22
7490          15          21
7500          15          19
7510          14          14
7520          16          16
7530          14          18
7540          14          18
7550          15          17
7560          15          19
7570          12          16
7580          15          17
7590          18          24
7600          16          18
7610          13          21
7620          16          22
7630          18          22
7640          14          22
7650          15          15
7660          16          20
7670          16          20
7680          17          21
7690          15          23
7700          18          20
7710          17          25
7720          16          22
7730          16          20
7740          16          18
7750          18          18
7760          16          20
7770          18          24
7780          17          23
7790          21          23
7800          17          17
7810          15          23
7820          18          20
7830          19          25
7840          17          21
7850          19          23
7860          18          22
7870          18          24
7880          13          23
7890          18          18
7900          17          23
7910          14          22
7920          15          23
7930          17          19
7940          13          17
7950          16          16
7960          13          19
7970          16          20
7980          17          17
7990          15          23
8000          17          19
8010          14          30
8020          20          26
8030          19          21
8040          16          22
8050          21          23
8060          17          25
8070          20          22
8080          15          21
8090          16          20
8100          16          20
8110          12          32
8120          15          21
8130          16          18
8140          14          26
8150          14          18
8160          15          19
8170          16          20
8180          15          21
8190          13          17
8200          13          23
8210          16          20
8220          16          18
8230          16          18
8240          13          21
8250          15          19
8260          14          20
8270          16          18
8280          16          18
8290          17          17
8300          18          18
8310          18          20
8320          16          20
8330          16          18
8340          14          18
8350          14          20
8360          18          22
8370          17          21
8380          16          16
8390          14          22
8400          15          17
8410          16          22
8420          12          14
8430          14          20
8440          13          23
8450          14          16
8460          13          15
8470          13          21
8480          13          19
8490          14          20
8500          12          16
8510          15          15
8520          13          17
8530          14          20
8540          14          18
8550          14          18
8560          13          17
8570          13          19
8580          17          17
8590          15          15
8600          15          17
8610          14          20
8620          12          20
8630          12          18
8640          15          15
8650          16          18
8660          14          16
8670          14          14
8680          14          16
8690          13          15
8700          16          20
8710          17          23
8720          15          17
8730          17          21
8740          16          16
8750          17          23
8760          18          20
8770          16          22
8780          17          23
8790          16          20
8800          19          19
8810          15          19
8820          17          19
8830          16          22
8840          20          20
8850          17          23
8860          18          20
8870          19          21
8880          19          23
8890          15          21
8900          19          21
8910          15          21
8920          14          20
8930          15          21
8940          16          20
8950          17          19
8960          16          18
8970          17          19
8980          17          17
8990          18          18
9000          16          18
9010          13          17
9020          12          12
9030          13          17
9040          12          16
9050          14          16
9060          13          15
9070          16          18
9080          14          16
9090          17          17
9100          17          21
9110          17          23
9120          18          20
9130          17          21
9140          18          22
9150          14          16
9160          18          22
9170          18          26
9180          19          27
9190          18          22
9200          18          22
9210          17          23
9220          19          19
9230          18          22
9240          20          28
9250          18          24
9260          17          19
9270          18          20
9280          19          29
9290          21          23
9300          21          25
9310          18          22
9320          19          25
9330          20          20
9340          19          23
9350          18          24
9360          17          17
9370          17          21
9380          16          18
9390          18          20
9400          16          18
9410          15          23
9420          15          19
9430          16          22
9440          14          16
9450          16          20
9460          21          25
9470          19          19
9480          17          21
9490          18          22
9500          20          22
9510          17          17
9520          18          20
9530          19          23
9540          19          19
9550          17          21
9560          19          19
9570          19          23
9580          17          25
9590          16          18
9600          17          25
9610          17          21
9620          18          22
9630          19          23
9640          18          26
9650          15          23
9660          13          23
9670          13          19
9680          15          19
9690          15          17
9700          16          20
9710          16          16
9720          17          23
9730          15          19
9740          13          17
9750          14          18
9760          16          20
9770          17          23
9780          19          19
9790          19          21
9800          18          22
9810          18          18
9820          18          26
9830          18          20
9840          17          19
9850          18          24
9860          17          17
9870          17          19
9880          16          20
9890          15          21
9900          15          17
9910          11          21
9920          15          17
9930          15          17
9940          17          17
9950          15          23
9960          17          23
9970          16          24
9980          16          18
9990          16          34
10000          15          29
