Time   Number   
ps   
0          37          41
10          39          49
20          41          43
30          39          43
40          39          45
50          41          41
60          45          53
70          41          49
80          45          51
90          41          53
100          40          50
110          40          50
120          40          54
130          40          46
140          42          48
150          41          53
160          45          51
170          39          53
180          42          54
190          40          52
200          43          51
210          35          51
220          38          44
230          34          46
240          38          44
250          40          52
260          38          48
270          45          49
280          36          56
290          39          49
300          42          52
310          40          44
320          40          50
330          39          53
340          39          47
350          40          62
360          37          49
370          41          61
380          45          53
390          46          54
400          41          57
410          41          51
420          40          54
430          42          54
440          44          50
450          40          58
460          43          49
470          42          48
480          37          49
490          40          50
500          38          48
510          37          55
520          37          55
530          39          43
540          37          39
550          37          39
560          39          51
570          41          49
580          35          43
590          34          42
600          33          41
610          31          41
620          35          39
630          30          42
640          34          56
650          34          44
660          35          51
670          34          48
680          37          53
690          37          55
700          40          56
710          46          60
720          44          58
730          39          47
740          44          58
750          43          55
760          47          55
770          43          51
780          41          61
790          43          47
800          40          44
810          37          45
820          38          48
830          36          50
840          36          46
850          36          50
860          39          49
870          41          47
880          36          48
890          44          54
900          42          58
910          40          48
920          39          53
930          40          52
940          38          54
950          41          49
960          37          47
970          34          44
980          38          50
990          37          45
1000          40          46
1010          41          45
1020          38          50
1030          34          46
1040          42          52
1050          34          44
1060          41          57
1070          39          49
1080          33          57
1090          39          51
1100          36          56
1110          33          51
1120          40          54
1130          36          44
1140          36          54
1150          39          45
1160          35          49
1170          41          55
1180          40          54
1190          38          50
1200          35          41
1210          43          51
1220          41          51
1230          39          51
1240          41          53
1250          44          56
1260          42          50
1270          41          53
1280          40          56
1290          43          53
1300          41          55
1310          43          59
1320          40          56
1330          42          52
1340          43          57
1350          38          50
1360          38          62
1370          40          56
1380          37          63
1390          36          56
1400          42          56
1410          41          57
1420          43          55
1430          41          55
1440          37          49
1450          40          54
1460          40          56
1470          35          53
1480          39          51
1490          36          62
1500          40          60
1510          39          53
1520          41          65
1530          45          51
1540          39          55
1550          40          58
1560          39          61
1570          41          49
1580          32          50
1590          41          47
1600          39          57
1610          44          52
1620          38          50
1630          41          53
1640          38          56
1650          35          53
1660          41          53
1670          42          50
1680          37          49
1690          38          52
1700          43          53
1710          39          61
1720          47          57
1730          41          65
1740          39          63
1750          40          52
1760          43          57
1770          40          58
1780          40          56
1790          40          52
1800          39          59
1810          42          62
1820          43          65
1830          39          59
1840          46          60
1850          43          59
1860          43          53
1870          40          62
1880          38          50
1890          45          59
1900          43          55
1910          40          60
1920          38          56
1930          41          59
1940          41          57
1950          41          65
1960          42          58
1970          37          65
1980          44          56
1990          40          62
2000          41          59
2010          40          58
2020          33          53
2030          38          58
2040          38          60
2050          36          56
2060          44          60
2070          35          59
2080          41          57
2090          36          56
2100          41          51
2110          43          55
2120          33          57
2130          39          55
2140          36          52
2150          38          48
2160          32          64
2170          31          51
2180          32          54
2190          31          57
2200          32          62
2210          39          61
2220          41          55
2230          36          54
2240          40          62
2250          38          56
2260          46          64
2270          39          59
2280          40          58
2290          40          54
2300          40          62
2310          41          53
2320          34          62
2330          38          58
2340          46          60
2350          43          65
2360          43          73
2370          45          63
2380          45          59
2390          47          61
2400          47          67
2410          38          64
2420          44          74
2430          40          60
2440          39          61
2450          40          66
2460          37          59
2470          41          61
2480          39          73
2490          43          67
2500          40          66
2510          34          56
2520          37          65
2530          37          63
2540          38          52
2550          38          54
2560          38          58
2570          39          55
2580          40          62
2590          38          56
2600          39          55
2610          37          61
2620          35          63
2630          39          57
2640          40          60
2650          41          57
2660          41          53
2670          41          59
2680          41          63
2690          47          67
2700          37          65
2710          42          54
2720          41          57
2730          42          54
2740          30          54
2750          41          61
2760          46          64
2770          40          58
2780          35          57
2790          33          49
2800          40          48
2810          34          54
2820          30          50
2830          36          48
2840          38          64
2850          32          54
2860          38          54
2870          33          59
2880          38          64
2890          36          56
2900          35          55
2910          33          59
2920          35          57
2930          37          63
2940          36          66
2950          39          71
2960          39          63
2970          39          65
2980          41          61
2990          36          54
3000          37          51
3010          40          62
3020          33          55
3030          42          62
3040          42          62
3050          38          66
3060          40          62
3070          38          74
3080          40          78
3090          35          71
3100          43          73
3110          38          66
3120          39          71
3130          47          73
3140          40          66
3150          37          67
3160          42          76
3170          41          71
3180          39          67
3190          45          61
3200          39          63
3210          38          60
3220          39          65
3230          39          53
3240          35          67
3250          34          64
3260          36          54
3270          39          61
3280          34          58
3290          42          66
3300          41          55
3310          39          69
3320          43          61
3330          39          71
3340          38          66
3350          38          62
3360          40          66
3370          45          63
3380          45          67
3390          45          65
3400          45          69
3410          45          69
3420          51          65
3430          46          68
3440          48          70
3450          49          71
3460          49          75
3470          49          77
3480          47          79
3490          44          74
3500          45          61
3510          44          70
3520          44          80
3530          50          72
3540          43          67
3550          41          75
3560          42          64
3570          47          73
3580          44          68
3590          43          63
3600          47          67
3610          43          79
3620          45          63
3630          41          69
3640          45          63
3650          48          66
3660          55          71
3670          44          56
3680          54          64
3690          45          69
3700          51          67
3710          46          64
3720          50          70
3730          55          63
3740          46          60
3750          51          71
3760          51          67
3770          49          83
3780          51          67
3790          46          66
3800          50          64
3810          47          69
3820          42          78
3830          45          67
3840          45          61
3850          49          61
3860          45          59
3870          46          70
3880          43          69
3890          44          64
3900          43          69
3910          48          72
3920          39          73
3930          47          63
3940          48          60
3950          42          66
3960          45          77
3970          45          71
3980          46          64
3990          44          80
4000          47          71
4010          48          70
4020          40          62
4030          43          63
4040          46          72
4050          46          72
4060          44          66
4070          44          72
4080          48          72
4090          49          71
4100          42          62
4110          49          67
4120          40          62
4130          40          58
4140          45          63
4150          41          57
4160          41          71
4170          44          58
4180          42          66
4190          46          58
4200          41          61
4210          44          74
4220          45          61
4230          42          60
4240          45          65
4250          43          71
4260          44          58
4270          43          59
4280          45          67
4290          43          55
4300          45          63
4310          41          61
4320          44          62
4330          39          51
4340          45          67
4350          42          56
4360          44          64
4370          43          59
4380          48          62
4390          42          66
4400          46          58
4410          47          53
4420          39          57
4430          42          58
4440          41          57
4450          44          64
4460          42          60
4470          43          67
4480          47          71
4490          49          65
4500          41          67
4510          45          65
4520          41          59
4530          40          64
4540          40          58
4550          41          63
4560          41          73
4570          39          61
4580          36          66
4590          42          54
4600          41          53
4610          35          61
4620          39          55
4630          32          62
4640          39          55
4650          41          55
4660          36          64
4670          35          57
4680          38          62
4690          39          59
4700          36          66
4710          42          72
4720          42          70
4730          39          61
4740          42          66
4750          44          58
4760          45          55
4770          45          61
4780          42          64
4790          46          62
4800          39          65
4810          43          65
4820          38          60
4830          47          67
4840          39          55
4850          44          60
4860          47          55
4870          39          67
4880          43          65
4890          44          70
4900          45          57
4910          42          64
4920          38          58
4930          41          65
4940          40          56
4950          49          67
4960          47          63
4970          43          67
4980          44          66
4990          40          64
5000          40          54
5010          44          64
5020          43          71
5030          44          62
5040          36          60
5050          37          59
5060          42          62
5070          44          66
5080          44          64
5090          44          64
5100          43          63
5110          43          63
5120          40          68
5130          45          61
5140          49          61
5150          44          54
5160          35          61
5170          43          65
5180          45          63
5190          47          55
5200          44          58
5210          45          59
5220          43          57
5230          42          58
5240          44          72
5250          43          63
5260          40          62
5270          44          66
5280          45          69
5290          40          64
5300          39          57
5310          41          63
5320          40          64
5330          41          67
5340          45          61
5350          44          64
5360          44          62
5370          40          60
5380          43          55
5390          44          62
5400          38          68
5410          47          65
5420          44          70
5430          42          72
5440          43          67
5450          43          67
5460          45          65
5470          48          70
5480          46          68
5490          43          65
5500          50          64
5510          43          59
5520          44          72
5530          46          72
5540          45          69
5550          43          69
5560          44          74
5570          41          59
5580          38          66
5590          44          58
5600          44          66
5610          44          54
5620          45          69
5630          40          68
5640          42          56
5650          40          54
5660          46          66
5670          43          71
5680          45          65
5690          45          59
5700          44          70
5710          42          66
5720          42          70
5730          37          61
5740          44          64
5750          46          62
5760          39          59
5770          42          60
5780          40          64
5790          38          58
5800          44          62
5810          40          76
5820          42          62
5830          37          69
5840          44          62
5850          35          53
5860          46          54
5870          40          62
5880          40          54
5890          41          57
5900          39          59
5910          41          57
5920          44          56
5930          40          56
5940          40          64
5950          32          52
5960          37          55
5970          35          53
5980          42          58
5990          40          64
6000          38          70
6010          36          64
6020          38          60
6030          41          57
6040          40          70
6050          38          70
6060          42          56
6070          43          67
6080          39          69
6090          39          65
6100          37          59
6110          38          64
6120          42          62
6130          42          58
6140          44          68
6150          42          58
6160          37          67
6170          36          56
6180          39          55
6190          37          59
6200          41          57
6210          42          50
6220          41          59
6230          38          56
6240          39          55
6250          43          53
6260          41          61
6270          44          58
6280          40          58
6290          46          60
6300          33          53
6310          41          63
6320          39          47
6330          37          61
6340          40          56
6350          36          56
6360          35          61
6370          42          58
6380          39          59
6390          32          44
6400          37          61
6410          37          51
6420          38          54
6430          34          54
6440          31          49
6450          38          60
6460          32          66
6470          42          56
6480          42          60
6490          38          62
6500          38          64
6510          38          56
6520          40          58
6530          36          50
6540          37          47
6550          37          63
6560          40          60
6570          43          57
6580          36          62
6590          40          54
6600          41          73
6610          42          58
6620          43          61
6630          42          64
6640          43          61
6650          40          64
6660          46          64
6670          41          63
6680          38          62
6690          47          63
6700          40          62
6710          43          59
6720          41          59
6730          38          52
6740          41          57
6750          42          64
6760          42          58
6770          43          55
6780          46          60
6790          45          63
6800          39          63
6810          42          52
6820          39          55
6830          44          56
6840          45          79
6850          46          60
6860          41          63
6870          44          60
6880          41          65
6890          40          68
6900          41          57
6910          41          59
6920          46          62
6930          39          57
6940          43          55
6950          46          58
6960          35          47
6970          39          55
6980          43          63
6990          40          48
7000          41          57
7010          46          52
7020          42          52
7030          44          58
7040          40          60
7050          46          64
7060          42          64
7070          41          55
7080          41          59
7090          44          60
7100          42          54
7110          44          54
7120          41          57
7130          43          55
7140          38          52
7150          38          48
7160          39          59
7170          35          59
7180          39          65
7190          43          61
7200          36          56
7210          45          63
7220          43          67
7230          39          53
7240          40          54
7250          43          69
7260          39          57
7270          41          75
7280          41          57
7290          42          60
7300          40          56
7310          48          66
7320          43          59
7330          41          59
7340          40          60
7350          42          68
7360          38          52
7370          40          56
7380          39          59
7390          36          50
7400          41          57
7410          36          60
7420          43          63
7430          45          65
7440          44          54
7450          37          53
7460          45          59
7470          44          56
7480          43          61
7490          43          59
7500          43          59
7510          44          62
7520          40          60
7530          43          53
7540          38          62
7550          41          59
7560          43          59
7570          38          62
7580          44          66
7590          44          70
7600          45          67
7610          40          52
7620          46          60
7630          41          61
7640          41          61
7650          45          61
7660          43          55
7670          46          62
7680          40          62
7690          39          57
7700          44          66
7710          37          59
7720          36          54
7730          34          60
7740          38          56
7750          38          64
7760          28          56
7770          38          60
7780          38          58
7790          40          58
7800          45          65
7810          44          72
7820          39          57
7830          43          63
7840          37          65
7850          44          60
7860          50          76
7870          46          66
7880          44          74
7890          43          69
7900          43          61
7910          46          58
7920          43          71
7930          43          67
7940          45          63
7950          41          51
7960          46          62
7970          45          53
7980          45          59
7990          41          57
8000          47          59
8010          41          55
8020          39          69
8030          46          66
8040          42          62
8050          47          63
8060          45          55
8070          46          64
8080          45          65
8090          48          66
8100          48          72
8110          43          65
8120          46          58
8130          45          61
8140          47          61
8150          47          59
8160          45          55
8170          47          63
8180          50          64
8190          40          60
8200          45          55
8210          44          52
8220          45          59
8230          40          58
8240          46          58
8250          41          59
8260          47          59
8270          42          60
8280          43          59
8290          44          60
8300          45          69
8310          48          66
8320          50          66
8330          44          68
8340          51          79
8350          48          72
8360          52          78
8370          50          72
8380          49          71
8390          49          69
8400          42          64
8410          46          68
8420          50          72
8430          50          68
8440          48          58
8450          41          55
8460          43          65
8470          44          66
8480          48          62
8490          41          59
8500          41          67
8510          47          63
8520          53          67
8530          49          67
8540          47          65
8550          44          74
8560          43          59
8570          45          67
8580          51          71
8590          50          66
8600          46          74
8610          52          72
8620          49          69
8630          44          58
8640          46          64
8650          46          68
8660          45          63
8670          44          72
8680          45          63
8690          43          69
8700          52          74
8710          48          62
8720          50          62
8730          43          59
8740          45          61
8750          45          65
8760          44          64
8770          45          55
8780          45          59
8790          46          58
8800          46          56
8810          41          63
8820          44          64
8830          50          66
8840          40          62
8850          42          62
8860          42          74
8870          44          62
8880          44          66
8890          47          67
8900          46          66
8910          42          62
8920          42          62
8930          42          68
8940          41          69
8950          45          65
8960          39          63
8970          41          51
8980          43          59
8990          48          58
9000          41          49
9010          46          66
9020          38          72
9030          44          64
9040          44          70
9050          44          70
9060          39          55
9070          42          56
9080          38          58
9090          38          52
9100          39          53
9110          43          53
9120          39          63
9130          37          59
9140          40          62
9150          40          64
9160          41          69
9170          40          62
9180          43          55
9190          43          65
9200          46          56
9210          45          73
9220          44          64
9230          47          75
9240          47          59
9250          45          63
9260          43          61
9270          43          61
9280          44          60
9290          45          63
9300          41          65
9310          46          68
9320          39          55
9330          45          59
9340          41          63
9350          44          72
9360          44          68
9370          46          68
9380          44          56
9390          44          72
9400          42          64
9410          42          64
9420          41          57
9430          44          62
9440          42          60
9450          44          66
9460          38          68
9470          48          76
9480          45          57
9490          44          56
9500          43          61
9510          43          49
9520          45          57
9530          47          63
9540          46          62
9550          46          66
9560          46          56
9570          42          56
9580          38          60
9590          47          59
9600          41          59
9610          49          55
9620          48          62
9630          47          65
9640          49          63
9650          45          61
9660          43          53
9670          47          71
9680          45          65
9690          46          62
9700          49          63
9710          47          65
9720          46          64
9730          44          52
9740          43          55
9750          44          52
9760          40          56
9770          40          56
9780          46          62
9790          42          52
9800          45          55
9810          42          62
9820          41          51
9830          45          59
9840          40          62
9850          38          62
9860          40          56
9870          39          51
9880          41          59
9890          42          58
9900          41          63
9910          36          46
9920          44          62
9930          47          67
9940          44          54
9950          47          61
9960          49          63
9970          43          73
9980          47          59
9990          44          70
10000          42          66
