Time   C(t)   
ps   
0           1           1  8.74585e-10   0.0205005
10    0.797623    0.837697     0.50044   0.0110284
20    0.779432    0.823108    -1.24406  0.00155631
30    0.766497    0.812734    -1.54475  0.00125804
40    0.754272     0.80293   -0.460008  0.000980771
50    0.746882    0.797003   -0.521392  0.000865015
60    0.736971    0.789055   -0.883404  0.000958872
70    0.727704    0.781623   -0.221233  0.000835285
80    0.720266    0.775658    -1.24418  0.000907281
90    0.709559    0.767071    0.682416  0.000842345
100    0.703419    0.762147   -0.763164  0.00051828
110    0.699193    0.758758   -0.401857  0.00072338
120    0.688951    0.750544    -2.44799  0.000924999
130    0.680693    0.743921    -1.90565  0.000362152
140    0.681708    0.744735    -1.30651  0.000378236
150    0.673128    0.737854    -2.32887  0.000829044
160    0.665127    0.731437    -3.89169  0.000726399
170      0.6586    0.726203    -3.71124  0.000698122
180    0.651165     0.72024    -3.71254  0.000550103
190    0.647598     0.71738    -5.21762  0.000371951
200    0.643726    0.714274     -5.6994  0.000406399
210     0.63947    0.710861    -4.91758  0.000504598
220    0.633634     0.70618    -4.13652  0.000528032
230     0.62891    0.702392    -5.64066  0.00061554
240    0.621323    0.696307    -3.71371  0.00051145
250    0.618681    0.694188    -6.30266  0.000441262
260    0.612498    0.689229    -5.15794  0.000588822
270    0.606904    0.684744    -5.21879  0.000416699
280    0.604164    0.682546    -7.14686  0.000432813
290    0.598248    0.677801    -4.91987  0.000512847
300    0.593907     0.67432    -5.40053  0.000377858
310    0.590691    0.671741    -6.12462  0.000329483
320    0.587317    0.669035     -6.1843  0.000481722
330    0.581056    0.664014    -7.56802  0.000433269
340    0.578652    0.662086    -8.04998  0.000309065
350    0.574875    0.659057    -7.80886  0.000393283
360    0.570786    0.655777    -8.53276  0.000500599
370    0.564863    0.651027    -9.19393  0.000459626
380    0.561593    0.648405    -6.54643  0.000170958
390    0.561444    0.648285    -8.29299  0.000270718
400    0.556179    0.644063    -7.44931  0.000351268
410    0.554419    0.642651    -5.46392  0.000294805
420    0.550283    0.639334    -4.08025  0.000222564
430    0.549967    0.639081    -6.12844  0.000315183
440    0.543979    0.634279    -6.54878  0.000507367
450     0.53982    0.630943    -6.30742  0.00039334
460    0.536113     0.62797    -5.40447  0.000298074
470    0.533858    0.626162    -6.30777  0.000271827
480    0.530676     0.62361    -3.60064  0.000337845
490    0.527102    0.620743    -5.16552  0.000176555
500    0.527145    0.620778    -5.28699  0.000316104
510    0.520779    0.615673    -5.28594  0.000513551
520    0.516874    0.612541     -5.4665  0.000309703
530    0.514585    0.610705    -6.24903  0.000306562
540    0.510743    0.607624    -5.04528  0.000345904
550    0.507667    0.605157    -6.66996  0.000319517
560    0.504352    0.602499    -5.04628  0.000250238
570    0.502663    0.601144    -5.82869  0.000320858
580    0.497935    0.597352    -5.46768  0.000426523
590    0.494132    0.594302    -4.92669  0.000388502
600    0.490165    0.591121    -6.31129  0.000330798
610    0.487516    0.588996    -6.73269  0.000155793
620    0.487049    0.588622    -6.43295  0.000210969
630    0.483297    0.585613    -7.09453  0.000383487
640     0.47938    0.582471    -6.97441  0.000423484
650    0.474827     0.57882    -5.52929  0.000345908
660    0.472461    0.576923    -4.62676  0.000240731
670    0.470012    0.574959    -6.55383  0.000146903
680    0.469523    0.574566    -4.92921  0.000273265
690    0.464547    0.570576    -6.13149  0.000265707
700    0.464209    0.570305    -5.17057  0.000242876
710     0.45969     0.56668    -4.92863  0.000247119
720    0.459267    0.566341    -5.23031  0.000141156
730    0.456867    0.564416    -5.53212  0.00027985
740     0.45367    0.561852    -5.53235  0.000197226
750    0.452922    0.561252    -5.11119  0.000146231
760    0.450745    0.559507    -4.02856  0.000285429
770    0.447213    0.556674    -4.81085  0.00019059
780    0.446933     0.55645    -4.51134  0.00031845
790    0.440844    0.551566    -2.28329  0.000342742
800    0.440079    0.550952    -4.57108  8.86321e-05
810    0.439072    0.550145    -4.99283  0.000224522
820    0.435588    0.547351    -5.29322  0.000336747
830    0.432337    0.544744     -4.0893  0.000165491
840    0.432278    0.544697    -4.57267  0.000101951
850    0.430298    0.543108    -4.99471  0.000198276
860    0.428313    0.541516    -4.45343  0.000254896
870      0.4252     0.53902    -6.25932  0.000291537
880    0.422482     0.53684    -5.41634  0.00014341
890    0.422332     0.53672    -6.38014  0.000401548
900    0.414451    0.530399    -4.33266  0.000401995
910    0.414292    0.530272    -6.25925  0.000205585
920    0.410339    0.527102    -4.27333  0.00030279
930    0.408236    0.525415     -3.7922  0.000174165
940    0.406856    0.524308    -4.93591  0.000150271
950    0.405231    0.523005    -6.38149  0.000260006
960    0.401656    0.520138     -5.2974  0.000430912
970    0.396612    0.516093    -6.01848  0.000212449
980    0.397407     0.51673    -5.53882  0.000205091
990    0.392511    0.512803     -4.7567  0.000351797
1000    0.390371    0.511088    -4.75605  0.00026716
1010    0.387167    0.508518     -4.2755  0.00025952
1020    0.385181    0.506925    -5.77994  0.000276494
1030    0.381638    0.504083    -5.90036   0.0002893
1040    0.379395    0.502285    -5.23872  0.000204061
1050    0.377556     0.50081    -7.34476  0.000286503
1060    0.373665    0.497689    -5.90036  0.000311649
1070    0.371323    0.495812    -8.30786  0.000226179
1080    0.369141    0.494061    -7.82707  0.000144449
1090    0.368434    0.493495    -6.38296  0.000297168
1100    0.363198    0.489295     -6.9844  0.000318198
1110     0.36207    0.488391    -5.66058  0.00026138
1120     0.35797    0.485103     -6.0811  0.000385714
1130    0.354356    0.482204    -6.32164  0.000155027
1140    0.354869    0.482616    -7.28585  0.000139061
1150    0.351575    0.479974    -6.56265  0.000197202
1160    0.350925    0.479453    -6.14289  0.000156297
1170    0.348449    0.477467    -7.76798  0.000260392
1180    0.345718    0.475276    -7.04584  0.000348304
1190    0.341483     0.47188    -8.00805  0.00024492
1200    0.340819    0.471348    -8.55069  0.000254014
1210    0.336403    0.467806    -8.24882  0.000312807
1220    0.334563    0.466331    -7.82784  0.000196697
1230    0.332469    0.464651    -6.92578  0.000301687
1240    0.328529    0.461492    -6.38414  0.000201766
1250    0.328433    0.461415    -7.52821  0.000185683
1260    0.324816    0.458513    -8.00887  0.000265655
1270     0.32312    0.457154    -7.70777  0.000182341
1280    0.321169    0.455589    -7.46818  0.000229022
1290     0.31854     0.45348    -6.98681  0.000174759
1300    0.317674    0.452785    -7.70983  0.000192121
1310    0.314697    0.450399    -8.49201  0.000314857
1320    0.311377    0.447735    -8.01052  0.000197236
1330    0.310753    0.447235    -7.40938  0.000197841
1340     0.30742    0.444562    -6.62697  0.000295575
1350    0.304841    0.442494    -6.56664  0.000266619
1360    0.302087    0.440286    -7.04737  0.00015258
1370     0.30179    0.440047    -5.48372  0.000153078
1380    0.299026     0.43783    -6.62738  0.000221393
1390    0.297362    0.436496    -6.56776  0.000166589
1400    0.295694    0.435158    -6.14695  0.000137109
1410     0.29462    0.434296     -6.3876  0.00019725
1420    0.291749    0.431994    -5.54551  0.000244634
1430    0.289727    0.430373    -5.42539  0.00025809
1440    0.286587    0.427855     -6.3879  0.000177212
1450    0.286183     0.42753     -5.0645  0.000186369
1460     0.28286    0.424865     -5.9067  0.000242473
1470    0.281333    0.423641    -4.04149  9.2645e-05
1480    0.281007    0.423379    -3.26031  0.000131671
1490      0.2787    0.421529    -5.00499  0.000218061
1500    0.276646    0.419882    -4.46418  0.00018408
1510    0.275018    0.418576    -4.52492  0.000180225
1520    0.273041    0.416991    -4.10252  0.000189272
1530    0.271233    0.415541    -3.14078  0.000159411
1540    0.269853    0.414434    -3.80295  0.000237863
1550    0.266475    0.411725    -2.83944  0.000307773
1560    0.263698    0.409497    -4.10393    0.000239
1570    0.261695    0.407892    -4.28432  0.000270066
1580    0.258296    0.405166     -3.7428  0.000139926
1590    0.258897    0.405648    -4.10434  -7.80076e-06
1600    0.258452    0.405291    -4.40597  9.25586e-05
1610    0.257046    0.404163    -3.68377  0.000149566
1620    0.255461    0.402892    -4.04472  0.000198063
1630    0.253084    0.400986    -3.98446  0.00025984
1640    0.250264    0.398724    -2.84168  0.00027799
1650    0.247525    0.396527    -4.22511  0.000182016
1660    0.246624    0.395805    -4.70777  0.000156166
1670    0.244401    0.394022    -3.68529  0.000244541
1680    0.241733    0.391882    -4.04555  0.000249516
1690    0.239411     0.39002    -4.58706  0.000205986
1700    0.237613    0.388578    -4.40685  3.85672e-05
1710     0.23864    0.389402    -4.76881  9.1932e-05
1720    0.235775    0.387104    -4.40744  0.000282428
1730    0.232991    0.384872    -4.52774  0.000136733
1740     0.23304    0.384911    -5.25135  0.000137246
1750    0.230246     0.38267    -4.34805  0.000266357
1760    0.227713    0.380638    -3.80659  0.000164615
1770    0.226954     0.38003    -4.58947  0.000107176
1780    0.225569    0.378919     -4.4095  0.000276991
1790    0.221414    0.375587     -5.3713  0.000268553
1800    0.220198    0.374612     -6.0337  0.000193342
1810    0.217547    0.372486    -4.71012  0.000131029
1820    0.217578     0.37251    -5.07243  0.000144962
1830    0.214648    0.370161    -4.59077  0.000185542
1840    0.213867    0.369534    -4.59135  0.000100713
1850    0.212634    0.368545    -5.25294  0.000136948
1860    0.211128    0.367337     -4.7116  5.61409e-05
1870    0.211511    0.367645    -4.29096  7.44462e-05
1880    0.209639    0.366143    -5.67492  0.000191955
1890    0.207672    0.364566    -5.61489  0.000215036
1900    0.205338    0.362694    -5.37435  0.000129498
1910    0.205082    0.362489     -5.8559  8.91335e-05
1920    0.203555    0.361265     -6.5781  0.000193699
1930    0.201208    0.359382    -4.71253  0.000112308
1940    0.201309    0.359463    -4.71324  7.1767e-05
1950    0.199773    0.358231    -4.71342  0.000117422
1960    0.198961     0.35758    -5.73642  0.000113197
1970    0.197509    0.356415    -4.77427  0.000118006
1980    0.196601    0.355687    -5.67716  0.000136634
1990    0.194776    0.354224    -5.61689  0.000146079
2000    0.193679    0.353344    -5.19584  4.33922e-06
2010    0.194689    0.354154    -6.21973  -9.29981e-06
2020    0.193865    0.353493    -5.97908  0.000174451
2030      0.1912    0.351356    -6.21938  0.000285248
2040     0.18816    0.348918    -7.60317  0.000281327
2050    0.185574    0.346843    -6.15882  0.000143628
2060    0.185288    0.346614    -5.73813  0.000107174
2070     0.18343    0.345124    -6.52071  0.000116603
2080    0.182956    0.344744    -7.36322  2.89746e-05
2090    0.182851     0.34466    -6.64219  0.000121824
2100    0.180519     0.34279    -6.40118  0.000242734
2110    0.177996    0.340766    -7.24403  0.000201489
2120    0.176489    0.339558    -7.48487  0.000188093
2130    0.174234    0.337749     -8.2066  0.000211833
2140    0.172253     0.33616    -6.16052  0.000123715
2150     0.17176    0.335765    -8.44819  0.000138145
2160     0.16949    0.333944      -7.846  0.000100951
2170    0.169741    0.334146    -7.66578  5.91971e-05
2180    0.168306    0.332995    -7.12462  0.000223442
2190    0.165272    0.330562    -7.84629  0.000195731
2200    0.164391    0.329855    -7.00426  0.000106999
2210    0.163132    0.328846    -7.72676  6.9578e-05
2220       0.163    0.328739    -7.72758  8.52793e-06
2230    0.162961    0.328709    -7.24668   0.0001502
2240    0.159996     0.32633    -7.30595  0.00030642
2250    0.156833    0.323794    -6.88425  0.000117852
2260    0.157639     0.32444    -6.58474  -2.3786e-05
2270    0.157309    0.324175    -7.54784  9.47192e-05
2280    0.155744    0.322921    -7.84905  0.000128145
2290    0.154746     0.32212     -7.4878  0.000185629
2300    0.152032    0.319943    -7.48739  0.000181237
2310    0.151121    0.319213    -6.64507  0.000262916
2320    0.146773    0.315726    -7.24562  0.000134407
2330    0.148433    0.317057    -7.96918  -0.000123142
2340    0.149236    0.317701    -6.76666  0.000168639
2350     0.14506    0.314352    -7.48786  0.000298236
2360    0.143271    0.312918    -7.48751  0.00020313
2370    0.140998    0.311094    -7.90955  0.000117087
2380     0.14093     0.31104    -7.66855  0.000131982
2390    0.138358    0.308977    -6.82657  8.87789e-05
2400    0.139154    0.309616    -7.42954  9.40599e-05
2410    0.136477    0.307469    -7.00796  0.000200424
2420    0.135146    0.306401      -7.309  0.000210722
2430    0.132262    0.304089    -7.85017  0.000269332
2440    0.129759    0.302081    -7.60969  7.11031e-05
2450     0.13084    0.302948    -6.28629  8.12396e-05
2460    0.128134    0.300778    -7.00849  0.000261246
2470    0.125615    0.298758     -6.8879  8.16792e-05
2480    0.126501    0.299468    -6.34767  4.05237e-06
2490    0.125534    0.298693    -6.76813  9.67719e-05
2500    0.124565    0.297916    -6.10655  8.23524e-05
2510    0.123887    0.297372    -6.82863  0.000185455
2520    0.120856    0.294941    -5.92569  6.80786e-05
2530    0.122526     0.29628    -6.22755  8.82197e-05
2540    0.119092    0.293526    -5.62512  0.000215986
2550    0.118206    0.292816    -5.98642  0.000108396
2560    0.116924    0.291787     -5.6855  0.000192491
2570    0.114356    0.289728    -5.86595  0.000257121
2580    0.111781    0.287663     -6.2272  0.000149028
2590    0.111376    0.287338    -6.10696  8.52004e-05
2600    0.110077    0.286297    -6.22649  0.000134966
2610    0.108676    0.285173    -6.04704  6.24843e-06
2620    0.109952    0.286196    -5.98725  -1.34524e-05
2630    0.108945    0.285389    -4.90462  0.00021535
2640    0.105645    0.282742    -6.34797  0.000136033
2650    0.106225    0.283207    -5.20531  0.00010672
2660    0.103511    0.281031    -5.68679  0.00023674
2670     0.10149     0.27941    -5.86689  7.72513e-05
2680    0.101966    0.279791    -6.58968  9.76939e-05
2690    0.099536    0.277843    -6.16816  0.00014796
2700   0.0990067    0.277418    -7.43183  6.30431e-05
2710   0.0982751    0.276831    -7.37227  0.000148767
2720   0.0960314    0.275032    -6.58945  0.000133959
2730   0.0955959    0.274683    -6.34949  -1.19098e-05
2740   0.0962696    0.275223    -6.71062  3.86674e-05
2750   0.0948226    0.274063    -6.65053  0.00018033
2760    0.092663    0.272331      -7.312  0.000135167
2770   0.0921192    0.271895     -6.7108  0.000130577
2780   0.0900515    0.270236    -8.27498  0.00018166
2790    0.088486    0.268981    -7.55312  7.53362e-05
2800   0.0885447    0.269028    -8.39604  1.9595e-05
2810   0.0880941    0.268666    -8.63681  0.000106362
2820   0.0864175    0.267322    -7.01172  0.000249666
2830   0.0831008    0.264662    -7.85405  0.000106969
2840   0.0842781    0.265606    -7.43377  -7.17759e-05
2850   0.0845363    0.265813    -7.79466  5.62467e-05
2860   0.0831532    0.264704    -7.73457  9.73947e-05
2870   0.0825884    0.264251    -7.07287  6.68522e-05
2880   0.0818161    0.263632    -6.95222  8.76434e-05
2890   0.0808356    0.262845    -8.03532  0.000123998
2900   0.0793362    0.261643    -8.57725  0.000144983
2910   0.0779359     0.26052    -7.61445  0.000135046
2920   0.0766353    0.259477    -7.19323  0.000140613
2930   0.0751236    0.258264    -7.25303  8.91078e-05
2940   0.0748531    0.258047    -7.67483  7.90518e-05
2950   0.0735426    0.256996    -5.98989  0.000115629
2960   0.0725405    0.256193    -6.65177  0.000115981
2970    0.071223    0.255136    -5.44855  0.00014761
2980   0.0695883    0.253825    -5.50852  0.000148008
2990   0.0682628    0.252762    -5.56861  0.000153684
3000   0.0665146     0.25136    -6.23102  0.000164583
3010   0.0649712    0.250122    -5.99036  8.63262e-05
3020   0.0647881    0.249975    -5.08765  0.000181292
3030   0.0613453    0.247214    -5.14692  0.000128934
3040   0.0622094    0.247907    -5.68967  6.63524e-05
3050   0.0600183     0.24615    -4.30507  0.000288066
3060   0.0564481    0.243287    -5.08712  0.000246502
3070   0.0550882    0.242196    -4.60605  0.000183833
3080   0.0527714    0.240338    -4.36504  0.000242619
3090   0.0502359    0.238305    -4.60575  0.000163659
3100   0.0494983    0.237713     -4.7862  0.000174904
3110   0.0467378    0.235499    -4.36504  0.000143308
3120   0.0466321    0.235415    -3.88402  7.99123e-05
3130   0.0451395    0.234218    -5.62911  0.000213584
3140   0.0423604    0.231989    -5.44872  9.10951e-05
3150   0.0433176    0.232756    -4.78726  3.26987e-05
3160   0.0417065    0.231464    -3.46321  0.000188178
3170   0.0395541    0.229738    -3.82381  0.000108108
3180   0.0395443     0.22973     -4.5466  0.00011396
3190   0.0372749     0.22791     -3.6436  0.000194953
3200   0.0356452    0.226603    -3.70381  0.000163202
3210   0.0340108    0.225293    -4.48586  0.000136658
3220   0.0329121    0.224411    -3.88396  0.00014251
3230   0.0311606    0.223007    -4.30489  8.86878e-05
3240   0.0311383    0.222989    -4.60652  7.65696e-06
3250   0.0310075    0.222884     -4.8477  -3.20133e-06
3260   0.0312023     0.22304    -2.98231  0.000100253
3270   0.0290024    0.221276    -3.40347  0.000127631
3280   0.0286497    0.220993    -3.52383  0.000149994
3290   0.0260026     0.21887    -3.28329  0.000204957
3300   0.0245506    0.217706    -2.38017  3.02112e-06
3310   0.0259421    0.218822    -2.32102  6.90567e-05
3320   0.0231694    0.216598    -2.38011  0.000211775
3330   0.0217066    0.215425    -2.25981  0.000102489
3340   0.0211197    0.214954    -2.20002  4.77637e-05
3350   0.0207513    0.214659    -2.80204  9.75814e-05
3360    0.019168    0.213389    -1.83942  8.6735e-05
3370   0.0190166    0.213267    -2.68186  3.72908e-05
3380   0.0184222    0.212791    -3.16358  9.27979e-05
3390   0.0171607    0.211779    -2.74253  0.000120793
3400   0.0160064    0.210853     -2.9826  6.55683e-05
3410   0.0158493    0.210727    -2.32137  0.000121522
3420   0.0135759    0.208904    -2.98272  0.000127307
3430   0.0133032    0.208685    -2.32078  9.99253e-05
3440   0.0115774    0.207301    -3.10279  0.000128088
3450   0.0107414    0.206631    -2.98266  7.25239e-05
3460   0.0101269    0.206138    -4.30671  7.27636e-05
3470  0.00928616    0.205464    -3.10314  1.67725e-05
3480  0.00979149    0.205869    -2.38158  1.69258e-05
3490  0.00894764    0.205192     -3.1032   0.0001127
3500  0.00753748    0.204061    -3.40424  4.52572e-05
3510   0.0080425    0.204466     -2.8028  0.000124706
3520  0.00504337    0.202061    -2.98272  0.000130484
3530  0.00543281    0.202373    -2.62182  9.1448e-05
3540  0.00321441    0.200594    -3.40394  9.15297e-05
3550  0.00360222    0.200905    -2.26116  0.000103391
3560  0.00114658    0.198936    -3.46415  0.000166177
3570  0.000278669     0.19824    -3.16323  0.000104043
3580  -0.000934277    0.197267    -3.34426  9.86182e-05
3590  -0.00169369    0.196658    -3.16352  7.36433e-06
3600  -0.00108156    0.197149    -2.50188  1.89631e-05
3610  -0.00207296    0.196354     -1.8998  9.3555e-05
3620  -0.00295266    0.195648    -2.14075  6.50992e-05
3630  -0.00337494     0.19531    -2.44179  1.9253e-05
3640  -0.00333772     0.19534    -2.02086  2.5116e-05
3650  -0.00387726    0.194907    -2.44191  5.98242e-05
3660  -0.00453421     0.19438    -1.47922  8.89471e-05
3670  -0.0056562     0.19348    -2.68297  0.000170355
3680  -0.00794131    0.191648    -1.84018  0.000112736
3690  -0.00791093    0.191672    -2.08101  2.78144e-06
3700  -0.00799694    0.191603    -2.98413  2.60785e-05
3710  -0.0084325    0.191254    -1.96112  6.69684e-05
3720  -0.00933631    0.190529    -2.08131  4.37782e-05
3730  -0.00930807    0.190552    -2.44273  -4.38042e-05
3740  -0.00846022    0.191231    -2.56273  8.87956e-06
3750  -0.00948566    0.190409    -1.90068  0.000161424
3760  -0.0116887    0.188642    -2.08131  9.12789e-05
3770  -0.0113112    0.188945    -2.02168  -8.36304e-06
3780  -0.0115214    0.188776    -2.68339  9.26047e-06
3790  -0.0114964    0.188796    -2.56385  6.8412e-05
3800  -0.0128897    0.187679    -2.38246  6.25917e-05
3810  -0.0127483    0.187793    -1.96189  0.000181492
3820  -0.0165195    0.184768    -2.86407  0.000128323
3830  -0.0153147    0.185734    -2.26293  1.01821e-05
3840  -0.0167232    0.184605    -1.72123  3.38358e-05
3850  -0.0159914    0.185192    -2.32308  -3.15216e-05
3860  -0.0160927     0.18511     -1.3006  0.000195429
3870     -0.0199    0.182057    -2.62429  0.000183795
3880  -0.0197686    0.182162    -2.74424  2.88107e-05
3890  -0.0204762    0.181595    -2.44367  8.88997e-05
3900  -0.0215466    0.180736    -2.80451  0.000101196
3910  -0.0225002    0.179972    -1.90174  0.000113587
3920  -0.0238184    0.178915    -1.90197  2.94286e-05
3930  -0.0230887      0.1795     -3.2867  -3.07654e-05
3940  -0.0232031    0.179408    -1.78238  0.00016891
3950  -0.0264669     0.17679    -2.32355  0.000242005
3960  -0.0280431    0.175526    -2.20325  0.000163956
3970  -0.0297461    0.174161    -2.62441  0.000152315
3980  -0.0310895    0.173083     -2.5645  5.53119e-05
3990  -0.0308523    0.173273    -2.50458  8.00592e-05
4000  -0.0326906    0.171799    -1.24098  0.000251419
4010  -0.0358807    0.169241    -2.26322  0.000123476
4020  -0.0351602    0.169819    -2.50499  6.89862e-05
4030  -0.0372604    0.168134    -1.54184  5.05377e-05
4040  -0.0361709    0.169008    -2.32443  5.09763e-05
4050  -0.0382799    0.167317    -1.54225  0.000168074
4060  -0.0395324    0.166312    -1.72223  0.000193425
4070  -0.0421484    0.164214    -2.44455  0.000175397
4080  -0.0430403    0.163499    -3.04622  1.49498e-05
4090  -0.0424474    0.163974    -2.62553  2.75472e-05
4100  -0.0435913    0.163057     -2.5655  0.00012702
4110  -0.0449878    0.161937    -2.62576  5.88896e-05
4120  -0.0447691    0.162112    -2.74624  1.55369e-05
4130  -0.0452985    0.161688    -3.04734  9.05534e-05
4140  -0.0465801     0.16066    -3.58856  -3.1475e-06
4150  -0.0452356    0.161738    -2.14533  -7.82179e-05
4160  -0.0450158    0.161915    -2.68709  4.71087e-05
4170  -0.0461778    0.160983    -2.86789  0.000141578
4180  -0.0478473    0.159644    -2.80715  4.74319e-05
4190  -0.0471264    0.160222    -2.74718  5.41236e-05
4200  -0.0489298    0.158776    -3.46897  2.87717e-05
4210  -0.0477018     0.15976    -3.64948  -7.2288e-05
4220  -0.0474841    0.159935    -2.74765  5.43812e-05
4230  -0.0487895    0.158888    -2.74724  -1.55397e-05
4240  -0.0471733    0.160184    -3.10907  -5.3571e-05
4250   -0.047718    0.159747    -1.72482  -2.8817e-06
4260  -0.0471156     0.16023    -2.50723  -3.4765e-05
4270  -0.0470227    0.160305    -2.44755  6.11527e-05
4280  -0.0483387     0.15925    -1.96577  0.000151078
4290  -0.0500443    0.157882    -1.96541  0.000177287
4300  -0.0518844    0.156406    -2.62729  0.000165018
4310  -0.0533447    0.155235    -2.74806  0.000107576
4320   -0.054036     0.15468    -2.44708  0.000101562
4330  -0.0553759    0.153606     -2.5672  2.41851e-05
4340  -0.0545197    0.154293    -1.90585  -1.44463e-05
4350   -0.055087    0.153838    -2.02621  8.28229e-05
4360  -0.0561761    0.152964    -1.24351  -8.03787e-06
4370  -0.0549262    0.153967    -2.02686  5.08146e-05
4380  -0.0571924    0.152149    -1.84535  0.000200896
4390  -0.0589441    0.150744    -1.42419  5.7717e-05
4400  -0.0583467    0.151223     -1.6047  -2.05146e-05
4410  -0.0585339    0.151073    -2.20666  1.21748e-05
4420  -0.0585902    0.151028    -2.14692  -2.06633e-05
4430  -0.0581206    0.151405    -1.36445  7.15643e-05
4440  -0.0600215     0.14988    -1.60458  3.86044e-05
4450  -0.0588927    0.150785    -1.78632  1.25611e-05
4460  -0.0602727    0.149679     -1.6659  0.000131639
4470  -0.0615255    0.148674    -1.72546  -2.71738e-05
4480  -0.0597293    0.150115     -1.1245  -6.68922e-05
4490  -0.0601876    0.149747    -1.36516  8.58795e-05
4500  -0.0614469    0.148737   -0.642718  9.27905e-05
4510  -0.0620434    0.148259    -1.54554  1.96449e-05
4520  -0.0618398    0.148422   -0.161408  -1.37059e-05
4530  -0.0617693    0.148478    -1.60611  0.000120442
4540  -0.0642486     0.14649    -2.02656  0.000107208
4550  -0.0639135    0.146759    -1.54519  1.35738e-05
4560  -0.0645201    0.146272    -2.02662  -4.04458e-05
4570  -0.0631045    0.147408    -1.12462  -0.000121533
4580  -0.0620894    0.148222    -1.00473  -6.88396e-06
4590  -0.0629669    0.147518    -1.12503  0.000101477
4600  -0.0641189    0.146594    -1.54566  0.000135813
4610  -0.0656831     0.14534    -1.06429  6.81788e-05
4620  -0.0654825    0.145501    -1.54619  7.19242e-06
4630   -0.065827    0.145224   -0.944405  4.81829e-05
4640  -0.0664462    0.144728   -0.883904  3.94881e-07
4650  -0.0658349    0.145218   -0.884139  -8.18282e-05
4660  -0.0648096     0.14604   -0.643542  -6.4753e-06
4670  -0.0657054    0.145322    -1.48569  2.08687e-05
4680   -0.065227    0.145705    -2.14862  -0.000103126
4690  -0.0636428    0.146976    -1.84794  7.19801e-06
4700  -0.0653709     0.14559    -1.90809  7.61721e-05
4710  -0.0651663    0.145754    -1.78779  -2.04988e-05
4720   -0.064961    0.145919    -1.96859  2.80887e-05
4730  -0.0657281    0.145304    -2.08889  -1.36975e-05
4740   -0.064687    0.146139     -2.6307  -1.35738e-05
4750  -0.0654566    0.145521    -3.35243  0.000133038
4760  -0.0673478    0.144005    -3.05174  8.43994e-05
4770  -0.0671446    0.144168    -3.59368  0.000113003
4780  -0.0696079    0.142192    -3.77407  0.000113183
4790  -0.0694082    0.142352    -4.07505  5.0455e-05
4800   -0.070617    0.141383    -3.83416  6.46312e-05
4810  -0.0707009    0.141316    -4.01478  -1.98856e-05
4820  -0.0702192    0.141702    -4.61704  2.96988e-05
4830  -0.0712948    0.140839    -4.37638  8.36179e-06
4840  -0.0703865    0.141568    -4.49703  5.12745e-05
4850  -0.0723203    0.140017    -3.71433  0.000122476
4860   -0.072836    0.139603    -4.25608  4.45306e-05
4870  -0.0732109    0.139302    -4.19611  9.4812e-05
4880  -0.0747322    0.138082    -4.13584  6.63914e-05
4890  -0.0745388    0.138238    -3.89495  1.65291e-05
4900  -0.0750628    0.137817    -3.83463  -4.82645e-05
4910  -0.0735735    0.139012    -3.29369  5.9934e-05
4920  -0.0762615    0.136856    -3.35343  8.86649e-05
4930  -0.0753468     0.13759    -2.45125  -2.64846e-05
4940  -0.0757318    0.137281    -3.71515  3.13282e-05
4950  -0.0759733    0.137087    -3.59491  6.78137e-05
4960  -0.0770881    0.136193    -4.07646  0.000118981
4970   -0.078353    0.135179    -4.25696  -4.63575e-06
4980  -0.0769954    0.136267    -4.07687  5.4118e-05
4990  -0.0794353    0.134311     -4.1967  0.000112872
