Time   Number   
ps   
0          17          23
10          17          27
20          18          26
30          15          25
40          18          22
50          19          25
60          17          23
70          16          26
80          17          21
90          14          22
100          17          21
110          16          22
120          17          25
130          15          23
140          16          22
150          15          27
160          16          24
170          13          19
180          16          22
190          16          20
200          14          28
210          17          23
220          15          23
230          17          21
240          17          23
250          15          21
260          15          25
270          16          20
280          16          16
290          15          23
300          16          20
310          14          24
320          16          20
330          14          24
340          12          22
350          14          20
360          17          21
370          14          20
380          13          21
390          15          15
400          13          21
410          17          21
420          13          19
430          15          19
440          14          18
450          14          18
460          14          18
470          16          18
480          15          21
490          11          21
500          13          19
510          14          20
520          14          18
530          18          20
540          12          24
550          16          22
560          13          21
570          16          22
580          14          22
590          14          22
600          15          17
610          14          22
620          16          20
630          15          19
640          11          23
650          14          22
660          15          23
670          16          24
680          12          24
690          11          21
700          15          21
710          13          25
720          15          15
730          12          18
740          14          22
750          10          28
760          14          22
770          14          24
780          15          23
790          16          20
800          21          27
810          19          29
820          16          22
830          21          27
840          20          24
850          18          22
860          15          19
870          17          23
880          16          30
890          17          19
900          20          22
910          15          21
920          17          25
930          18          22
940          19          21
950          15          25
960          19          25
970          14          26
980          20          22
990          18          24
1000          18          22
1010          14          18
1020          17          25
1030          16          20
1040          15          23
1050          14          24
1060          16          22
1070          18          26
1080          19          25
1090          20          24
1100          17          23
1110          15          21
1120          16          26
1130          19          23
1140          16          24
1150          14          22
1160          18          22
1170          16          26
1180          15          21
1190          16          26
1200          14          22
1210          14          20
1220          18          18
1230          16          26
1240          17          21
1250          16          20
1260          17          17
1270          13          21
1280          15          17
1290          16          22
1300          14          26
1310          15          19
1320          13          19
1330          17          23
1340          13          25
1350          13          25
1360          16          24
1370          17          27
1380          14          26
1390          18          22
1400          16          22
1410          15          23
1420          15          21
1430          15          29
1440          13          23
1450          12          18
1460          14          22
1470          13          17
1480          14          18
1490          13          21
1500          16          24
1510          16          24
1520          13          25
1530          16          24
1540          13          23
1550          14          20
1560          11          19
1570           8          18
1580           9          25
1590          11          19
1600          12          20
1610          11          21
1620          13          19
1630          12          18
1640          12          18
1650          14          22
1660          12          18
1670          15          21
1680          15          15
1690          14          14
1700          12          22
1710          16          20
1720          14          26
1730          17          23
1740          14          24
1750          16          24
1760          14          20
1770          16          20
1780          17          21
1790          15          17
1800          13          21
1810          11          19
1820          12          20
1830          15          21
1840          14          18
1850          11          19
1860          12          18
1870          15          17
1880          15          21
1890          13          19
1900          13          23
1910          11          17
1920          13          21
1930          10          20
1940          13          15
1950          11          13
1960          14          18
1970           9          17
1980          11          19
1990          11          19
2000          13          25
2010          13          17
2020          14          20
2030          13          23
2040          12          24
2050          15          21
2060          13          17
2070          14          18
2080          12          18
2090          12          24
2100          10          22
2110          14          16
2120          12          18
2130          12          18
2140          14          22
2150          15          21
2160          10          14
2170          13          23
2180          13          19
2190          11          21
2200          12          20
2210          14          26
2220          15          19
2230          14          20
2240          14          22
2250          15          17
2260          12          22
2270          14          20
2280          11          19
2290          13          15
2300          14          16
2310          10          16
2320          12          16
2330          14          16
2340          14          18
2350          11          13
2360          11          21
2370          10          16
2380          13          17
2390          13          17
2400          14          20
2410          16          24
2420          14          16
2430          10          22
2440          14          20
2450          13          29
2460          14          22
2470          12          14
2480          10          22
2490          15          21
2500          16          20
2510          14          20
2520          14          18
2530          14          24
2540          17          21
2550          17          23
2560          15          21
2570          13          27
2580          17          25
2590          14          18
2600          16          18
2610          10          24
2620          13          21
2630          14          18
2640          17          25
2650          17          27
2660          17          19
2670          16          22
2680          16          28
2690          16          28
2700          18          22
2710          16          24
2720          16          22
2730          14          20
2740          16          18
2750          13          21
2760          14          16
2770          16          16
2780          16          18
2790          17          21
2800          16          16
2810          16          22
2820          16          18
2830          15          19
2840          17          19
2850          17          17
2860          15          21
2870          15          17
2880          16          20
2890          13          17
2900          17          21
2910          14          24
2920          13          23
2930          14          22
2940          14          16
2950          16          22
2960          15          23
2970          18          22
2980          19          21
2990          16          24
3000          17          23
3010          16          20
3020          15          23
3030          15          17
3040          15          21
3050          17          21
3060          15          19
3070          16          20
3080          16          24
3090          17          19
3100          15          19
3110          18          22
3120          18          22
3130          18          22
3140          14          18
3150          15          17
3160          16          18
3170          15          19
3180          15          19
3190          16          20
3200          16          20
3210          14          24
3220          12          20
3230          16          24
3240          10          18
3250          15          19
3260          14          18
3270          16          20
3280          16          26
3290          15          27
3300          16          16
3310          15          19
3320          14          26
3330          14          20
3340          18          20
3350          17          19
3360          17          19
3370          16          22
3380          16          18
3390          17          21
3400          17          19
3410          16          18
3420          15          21
3430          15          17
3440          18          18
3450          17          17
3460          15          21
3470          17          21
3480          16          20
3490          17          21
3500          18          24
3510          14          20
3520          15          25
3530          13          23
3540          14          16
3550          19          21
3560          19          19
3570          16          20
3580          16          24
3590          15          19
3600          12          24
3610          18          18
3620          17          19
3630          19          25
3640          16          24
3650          14          22
3660          18          22
3670          19          25
3680          16          24
3690          18          28
3700          19          21
3710          17          25
3720          18          26
3730          21          31
3740          18          30
3750          17          27
3760          17          27
3770          20          26
3780          23          27
3790          22          22
3800          21          27
3810          19          23
3820          19          23
3830          18          22
3840          18          24
3850          22          24
3860          18          24
3870          18          18
3880          15          21
3890          15          23
3900          18          20
3910          17          21
3920          21          25
3930          20          20
3940          19          21
3950          18          20
3960          17          21
3970          17          19
3980          18          24
3990          19          21
4000          20          24
4010          20          26
4020          16          32
4030          17          21
4040          18          26
4050          18          26
4060          20          26
4070          19          25
4080          20          30
4090          16          28
4100          19          23
4110          19          27
4120          19          23
4130          19          23
4140          21          25
4150          16          26
4160          19          27
4170          18          22
4180          20          22
4190          20          22
4200          20          22
4210          18          18
4220          18          20
4230          18          20
4240          17          21
4250          19          19
4260          18          20
4270          19          21
4280          14          20
4290          16          22
4300          16          20
4310          17          21
4320          17          19
4330          15          21
4340          18          20
4350          17          19
4360          17          19
4370          16          18
4380          17          21
4390          17          23
4400          15          19
4410          18          24
4420          15          19
4430          17          19
4440          17          23
4450          18          22
4460          16          16
4470          14          20
4480          16          22
4490          18          20
4500          17          19
4510          17          25
4520          16          26
4530          17          19
4540          18          24
4550          17          23
4560          18          26
4570          14          24
4580          18          24
4590          15          27
4600          14          18
4610          18          28
4620          17          17
4630          16          18
4640          16          20
4650          16          20
4660          16          18
4670          15          19
4680          16          24
4690          17          25
4700          16          26
4710          18          22
4720          16          24
4730          17          19
4740          19          21
4750          17          23
4760          19          25
4770          18          24
4780          17          21
4790          18          20
4800          13          25
4810          18          22
4820          14          18
4830          14          20
4840          16          18
4850          14          26
4860          16          20
4870          18          22
4880          17          21
4890          17          23
4900          16          28
4910          16          22
4920          16          24
4930          16          26
4940          14          22
4950          18          28
4960          16          20
4970          18          28
4980          20          20
4990          18          26
5000          19          21
5010          17          19
5020          17          21
5030          16          26
5040          17          23
5050          17          19
5060          17          23
5070          18          20
5080          16          26
5090          17          19
5100          18          18
5110          19          21
5120          17          21
5130          17          23
5140          19          23
5150          20          24
5160          19          23
5170          16          24
5180          18          20
5190          19          19
5200          18          20
5210          18          20
5220          20          22
5230          19          23
5240          15          29
5250          17          23
5260          18          28
5270          17          27
5280          17          31
5290          17          23
5300          18          26
5310          18          28
5320          12          24
5330          18          24
5340          19          21
5350          20          26
5360          16          24
5370          17          21
5380          16          18
5390          13          21
5400          18          26
5410          17          17
5420          15          21
5430          15          19
5440          14          18
5450          12          16
5460          13          19
5470          14          16
5480          14          22
5490          16          18
5500          14          16
5510          12          16
5520          14          16
5530          15          15
5540          13          19
5550          14          20
5560          13          17
5570          13          17
5580          13          17
5590          17          23
5600          16          22
5610          17          17
5620          17          17
5630          17          19
5640          17          21
5650          19          23
5660          17          25
5670          20          24
5680          19          21
5690          18          22
5700          16          28
5710          19          21
5720          17          21
5730          17          27
5740          16          20
5750          16          22
5760          18          22
5770          17          21
5780          15          19
5790          15          23
5800          18          24
5810          17          25
5820          19          21
5830          17          21
5840          16          18
5850          17          21
5860          17          25
5870          19          23
5880          18          28
5890          18          22
5900          16          16
5910          12          14
5920          14          20
5930          16          20
5940          15          23
5950          15          27
5960          17          17
5970          14          20
5980          17          21
5990          17          21
6000          18          20
6010          16          18
6020          19          19
6030          21          23
6040          18          28
6050          17          21
6060          21          21
6070          21          25
6080          21          27
6090          20          24
6100          19          25
6110          17          25
6120          22          24
6130          17          21
6140          19          25
6150          20          24
6160          17          23
6170          17          21
6180          17          23
6190          21          21
6200          18          20
6210          20          24
6220          19          23
6230          18          24
6240          19          25
6250          18          24
6260          20          22
6270          19          21
6280          17          27
6290          19          25
6300          16          22
6310          18          24
6320          18          24
6330          22          24
6340          21          29
6350          22          24
6360          22          30
6370          20          26
6380          22          28
6390          19          25
6400          20          24
6410          21          23
6420          18          30
6430          20          28
6440          19          27
6450          20          22
6460          20          24
6470          19          21
6480          18          26
6490          19          25
6500          22          26
6510          20          24
6520          20          26
6530          17          25
6540          19          23
6550          17          23
6560          18          26
6570          17          25
6580          17          23
6590          18          24
6600          17          21
6610          19          21
6620          16          20
6630          15          21
6640          19          19
6650          17          23
6660          16          20
6670          17          21
6680          20          22
6690          19          23
6700          16          26
6710          18          24
6720          18          26
6730          16          24
6740          17          27
6750          17          21
6760          17          25
6770          15          23
6780          17          23
6790          16          18
6800          18          22
6810          16          22
6820          15          23
6830          17          21
6840          16          22
6850          15          25
6860          16          20
6870          20          24
6880          16          26
6890          20          24
6900          20          22
6910          20          20
6920          18          20
6930          17          25
6940          18          22
6950          18          22
6960          18          22
6970          20          24
6980          21          21
6990          17          23
7000          20          20
7010          20          22
7020          17          19
7030          17          23
7040          19          19
7050          17          23
7060          18          22
7070          18          22
7080          19          23
7090          17          25
7100          19          21
7110          19          23
7120          21          23
7130          19          23
7140          17          25
7150          17          23
7160          19          27
7170          20          26
7180          19          25
7190          17          23
7200          17          25
7210          19          25
7220          17          25
7230          18          20
7240          21          27
7250          20          20
7260          19          27
7270          20          22
7280          18          22
7290          17          25
7300          20          26
7310          19          21
7320          19          19
7330          18          28
7340          21          27
7350          20          28
7360          19          27
7370          17          27
7380          19          27
7390          16          22
7400          15          25
7410          17          27
7420          18          24
7430          15          29
7440          18          28
7450          22          30
7460          19          29
7470          17          29
7480          18          28
7490          20          28
7500          17          27
7510          18          30
7520          18          24
7530          18          24
7540          16          24
7550          19          25
7560          12          32
7570          15          21
7580          15          21
7590          15          27
7600          16          24
7610          17          23
7620          16          24
7630          17          25
7640          17          21
7650          18          28
7660          19          29
7670          19          19
7680          19          23
7690          19          21
7700          15          21
7710          16          24
7720          18          30
7730          18          24
7740          19          25
7750          21          25
7760          19          27
7770          18          30
7780          19          25
7790          18          32
7800          20          30
7810          21          25
7820          23          23
7830          18          22
7840          19          29
7850          17          27
7860          20          26
7870          22          24
7880          19          25
7890          19          29
7900          19          25
7910          17          29
7920          18          24
7930          19          27
7940          19          27
7950          15          27
7960          15          23
7970          17          25
7980          18          24
7990          17          29
8000          19          27
8010          21          27
8020          18          26
8030          20          24
8040          18          26
8050          20          26
8060          18          28
8070          17          27
8080          20          22
8090          16          30
8100          16          28
8110          18          28
8120          21          23
8130          16          22
8140          19          25
8150          20          24
8160          18          24
8170          18          20
8180          17          23
8190          17          21
8200          17          19
8210          13          19
8220          16          22
8230          14          24
8240          14          24
8250          16          22
8260          15          17
8270          15          25
8280          15          23
8290          13          23
8300          15          19
8310          13          19
8320          14          20
8330          17          25
8340          17          27
8350          18          24
8360          17          23
8370          15          25
8380          11          21
8390          15          25
8400          13          17
8410          13          15
8420          15          19
8430          12          18
8440          14          16
8450          15          17
8460          16          18
8470          13          17
8480          16          18
8490          15          15
8500          16          18
8510          16          22
8520          14          18
8530          16          22
8540          14          18
8550          15          21
8560          18          20
8570          14          22
8580          15          21
8590          18          22
8600          19          23
8610          15          19
8620          21          23
8630          18          28
8640          17          21
8650          20          26
8660          18          20
8670          19          23
8680          18          22
8690          18          24
8700          19          19
8710          20          24
8720          16          24
8730          20          22
8740          18          22
8750          19          25
8760          19          29
8770          17          19
8780          17          21
8790          14          18
8800          17          23
8810          18          22
8820          19          25
8830          20          22
8840          20          24
8850          16          26
8860          20          28
8870          17          25
8880          20          32
8890          22          26
8900          19          23
8910          21          27
8920          20          22
8930          18          28
8940          16          32
8950          25          29
8960          23          29
8970          23          27
8980          22          26
8990          20          28
9000          24          26
9010          21          27
9020          22          28
9030          22          24
9040          18          32
9050          24          26
9060          21          25
9070          16          34
9080          23          25
9090          23          31
9100          20          30
9110          22          28
9120          23          25
9130          22          26
9140          19          29
9150          19          25
9160          21          29
9170          19          31
9180          23          31
9190          23          27
9200          22          28
9210          18          30
9220          21          29
9230          22          24
9240          23          27
9250          25          29
9260          25          31
9270          23          31
9280          24          30
9290          22          26
9300          24          28
9310          22          28
9320          24          26
9330          20          30
9340          22          32
9350          28          30
9360          23          27
9370          22          26
9380          22          26
9390          21          27
9400          22          30
9410          21          29
9420          23          29
9430          25          25
9440          19          27
9450          20          24
9460          19          29
9470          18          30
9480          22          26
9490          23          27
9500          25          27
9510          24          26
9520          21          27
9530          23          27
9540          23          25
9550          23          27
9560          22          26
9570          22          30
9580          25          27
9590          22          24
9600          22          26
9610          18          28
9620          21          27
9630          19          29
9640          24          30
9650          21          33
9660          19          39
9670          19          33
9680          21          29
9690          22          36
9700          21          33
9710          23          27
9720          24          30
9730          20          36
9740          23          35
9750          22          32
9760          22          26
9770          18          30
9780          23          27
9790          24          32
9800          25          35
9810          22          32
9820          23          31
9830          22          34
9840          24          38
9850          23          29
9860          22          38
9870          22          32
9880          20          36
9890          22          38
9900          21          33
9910          19          39
9920          20          34
9930          20          38
9940          23          33
9950          23          33
9960          24          36
9970          20          34
9980          26          30
9990          23          33
10000          24          32
