Time   Number   
ps   
0          22          22
10          21          18
20          22          12
30          21          20
40          24          20
50          23          19
60          20          29
70          22          15
80          20          19
90          15          24
100          22          18
110          23          19
120          25          17
130          19          18
140          20          23
150          22          17
160          21          18
170          19          20
180          19          21
190          18          20
200          19          17
210          20          19
220          22          22
230          17          22
240          18          21
250          20          12
260          23          16
270          19          23
280          21          11
290          17          23
300          20          16
310          21          15
320          22          15
330          20          23
340          19          16
350          20          19
360          22          15
370          19          18
380          21          23
390          20          21
400          20          24
410          19          19
420          22          17
430          22          22
440          18          25
450          21          15
460          18          17
470          19          23
480          19          20
490          18          21
500          24          26
510          20          21
520          18          17
530          21          18
540          18          18
550          19          19
560          21          18
570          19          22
580          18          23
590          18          19
600          18          17
610          20          18
620          14          20
630          19          14
640          19          23
650          19          19
660          23          16
670          20          16
680          21          16
690          18          16
700          22          18
710          17          16
720          21          23
730          19          20
740          21          14
750          21          21
760          21          25
770          18          13
780          19          19
790          23          18
800          19          17
810          22          15
820          19          18
830          23          21
840          22          12
850          15          22
860          22          21
870          19          12
880          22          19
890          20          19
900          21          23
910          22          22
920          22          18
930          23          10
940          23          14
950          16          23
960          22          20
970          22          18
980          16          21
990          20          18
1000          19          18
1010          23          14
1020          24          13
1030          20          18
1040          23          16
1050          19          19
1060          21          16
1070          23          19
1080          20          19
1090          22          21
1100          24          17
1110          21          13
1120          22          17
1130          20          15
1140          23          14
1150          17          17
1160          18          21
1170          20          15
1180          22          12
1190          21          14
1200          22          26
1210          21          19
1220          24          20
1230          22          15
1240          24          14
1250          20          23
1260          19          16
1270          22          16
1280          22          18
1290          18          13
1300          24          17
1310          24          16
1320          19          15
1330          21          18
1340          18          19
1350          20          24
1360          16          24
1370          19          21
1380          20          18
1390          19          21
1400          18          22
1410          19          19
1420          19          19
1430          19          20
1440          18          20
1450          19          25
1460          18          20
1470          19          20
1480          17          19
1490          20          19
1500          21          14
1510          22          14
1520          18          24
1530          20          17
1540          21          22
1550          21          19
1560          20          13
1570          19          22
1580          20          17
1590          17          24
1600          20          18
1610          19          18
1620          22          21
1630          17          22
1640          19          17
1650          18          19
1660          22          13
1670          20          19
1680          20          15
1690          21          20
1700          19          22
1710          21          15
1720          20          14
1730          21          13
1740          20          16
1750          15          22
1760          20          19
1770          16          18
1780          23          13
1790          22          20
1800          24          15
1810          20          20
1820          20          20
1830          19          17
1840          22          20
1850          23          17
1860          22          21
1870          19          20
1880          21          25
1890          18          23
1900          22          25
1910          23          16
1920          19          19
1930          20          23
1940          19          20
1950          18          18
1960          19          15
1970          23          15
1980          19          19
1990          19          20
2000          19          21
2010          23          18
2020          22          19
2030          25          18
2040          23          23
2050          15          26
2060          19          20
2070          22          17
2080          18          25
2090          17          21
2100          21          15
2110          20          18
2120          23          18
2130          20          17
2140          19          23
2150          21          21
2160          23          17
2170          17          25
2180          23          25
2190          19          24
2200          21          19
2210          19          22
2220          18          21
2230          18          23
2240          18          21
2250          19          20
2260          20          23
2270          20          18
2280          18          17
2290          18          19
2300          18          19
2310          18          19
2320          18          19
2330          18          19
2340          22          18
2350          21          21
2360          24          23
2370          18          22
2380          16          21
2390          18          22
2400          21          24
2410          19          21
2420          21          17
2430          19          21
2440          19          20
2450          17          21
2460          22          26
2470          20          23
2480          21          24
2490          20          21
2500          18          27
2510          24          18
2520          17          22
2530          19          19
2540          20          20
2550          21          16
2560          19          20
2570          20          21
2580          16          25
2590          18          23
2600          19          26
2610          25          13
2620          21          23
2630          23          18
2640          22          21
2650          22          18
2660          19          19
2670          21          18
2680          18          24
2690          19          27
2700          21          22
2710          21          23
2720          20          27
2730          19          28
2740          21          20
2750          19          19
2760          20          22
2770          20          27
2780          19          22
2790          20          17
2800          22          20
2810          21          21
2820          18          26
2830          19          25
2840          20          28
2850          22          19
2860          20          18
2870          20          20
2880          19          24
2890          18          26
2900          20          24
2910          19          23
2920          22          27
2930          24          23
2940          20          20
2950          19          26
2960          24          20
2970          19          19
2980          22          21
2990          22          23
3000          21          22
3010          16          33
3020          20          21
3030          22          24
3040          21          18
3050          19          26
3060          23          20
3070          21          28
3080          21          23
3090          19          30
3100          20          24
3110          22          20
3120          23          18
3130          20          22
3140          23          23
3150          19          22
3160          17          26
3170          23          15
3180          19          17
3190          21          17
3200          21          19
3210          20          18
3220          18          23
3230          21          21
3240          19          20
3250          19          27
3260          21          20
3270          19          23
3280          22          22
3290          19          27
3300          21          19
3310          21          17
3320          18          27
3330          22          22
3340          21          19
3350          20          22
3360          23          25
3370          19          17
3380          20          19
3390          16          26
3400          20          14
3410          17          20
3420          21          19
3430          23          16
3440          21          17
3450          20          22
3460          15          23
3470          21          18
3480          20          17
3490          22          15
3500          19          22
3510          18          23
3520          21          18
3530          18          25
3540          22          15
3550          19          17
3560          21          15
3570          22          19
3580          17          22
3590          18          24
3600          21          25
3610          20          14
3620          19          20
3630          21          21
3640          22          14
3650          22          25
3660          19          23
3670          17          26
3680          21          21
3690          20          24
3700          20          22
3710          19          18
3720          17          21
3730          19          20
3740          20          23
3750          19          24
3760          19          22
3770          19          18
3780          17          24
3790          18          18
3800          20          13
3810          20          13
3820          18          21
3830          19          21
3840          18          22
3850          22          17
3860          22          12
3870          21          17
3880          13          24
3890          18          20
3900          20          17
3910          20          16
3920          18          20
3930          17          20
3940          17          23
3950          16          18
3960          15          18
3970          19          23
3980          18          18
3990          20          19
4000          19          20
4010          20          20
4020          18          21
4030          20          19
4040          19          21
4050          21          14
4060          18          20
4070          20          16
4080          19          19
4090          22          20
4100          24          17
4110          19          19
4120          21          21
4130          23          15
4140          21          25
4150          20          14
4160          18          18
4170          22          13
4180          22          18
4190          21          17
4200          19          18
4210          19          19
4220          25          18
4230          24          18
4240          23          19
4250          24          18
4260          23          24
4270          24          25
4280          21          24
4290          23          16
4300          19          25
4310          21          18
4320          24          17
4330          20          16
4340          18          17
4350          19          23
4360          19          22
4370          17          20
4380          18          25
4390          23          30
4400          19          23
4410          19          17
4420          18          27
4430          19          21
4440          18          19
4450          22          21
4460          22          20
4470          18          17
4480          19          18
4490          21          19
4500          19          23
4510          18          21
4520          20          15
4530          16          24
4540          17          24
4550          23          20
4560          23          18
4570          18          20
4580          18          27
4590          17          23
4600          20          21
4610          20          19
4620          17          20
4630          16          23
4640          15          22
4650          18          25
4660          18          22
4670          20          13
4680          15          24
4690          18          20
4700          18          23
4710          18          18
4720          21          17
4730          19          21
4740          20          22
4750          19          18
4760          16          17
4770          17          15
4780          19          15
4790          19          17
4800          17          15
4810          16          21
4820          18          20
4830          19          16
4840          17          20
4850          18          19
4860          17          15
4870          18          22
4880          16          18
4890          17          16
4900          17          18
4910          19          25
4920          22          16
4930          21          18
4940          16          26
4950          19          24
4960          14          24
4970          20          18
4980          17          26
4990          20          17
5000          16          20
5010          18          26
5020          16          21
5030          14          26
5040          17          21
5050          20          20
5060          16          25
5070          19          19
5080          16          20
5090          19          21
5100          20          21
5110          17          26
5120          18          20
5130          18          23
5140          20          14
5150          15          21
5160          19          15
5170          18          22
5180          16          17
5190          16          18
5200          17          23
5210          14          25
5220          18          18
5230          18          16
5240          21          19
5250          20          16
5260          20          17
5270          19          20
5280          22          21
5290          17          21
5300          21          23
5310          19          18
5320          19          21
5330          18          21
5340          23          17
5350          19          18
5360          19          24
5370          18          26
5380          21          19
5390          22          19
5400          21          19
5410          20          21
5420          15          24
5430          18          20
5440          18          22
5450          17          32
5460          17          27
5470          16          23
5480          17          19
5490          19          11
5500          16          26
5510          20          18
5520          17          21
5530          17          19
5540          19          16
5550          16          27
5560          16          19
5570          18          28
5580          17          22
5590          18          21
5600          19          15
5610          18          23
5620          17          22
5630          18          18
5640          16          19
5650          17          24
5660          18          20
5670          21          20
5680          17          18
5690          18          15
5700          18          15
5710          21          17
5720          21          20
5730          20          25
5740          18          19
5750          19          20
5760          20          21
5770          20          21
5780          20          15
5790          17          21
5800          16          19
5810          13          26
5820          20          21
5830          17          21
5840          16          18
5850          17          15
5860          19          22
5870          17          22
5880          16          18
5890          18          20
5900          17          15
5910          20          20
5920          16          18
5930          18          17
5940          16          19
5950          18          17
5960          21          19
5970          21          16
5980          17          26
5990          20          16
6000          18          21
6010          20          22
6020          22          17
6030          22          27
6040          18          22
6050          18          16
6060          16          20
6070          18          22
6080          19          17
6090          17          17
6100          19          14
6110          15          20
6120          18          16
6130          22          18
6140          21          18
6150          19          19
6160          20          20
6170          17          20
6180          19          18
6190          19          27
6200          21          17
6210          16          19
6220          19          20
6230          15          17
6240          20          15
6250          18          17
6260          18          19
6270          20          19
6280          19          17
6290          21          18
6300          19          16
6310          20          16
6320          18          17
6330          20          20
6340          18          17
6350          19          25
6360          19          17
6370          21          18
6380          19          21
6390          18          24
6400          19          23
6410          19          20
6420          16          20
6430          23          20
6440          18          20
6450          20          24
6460          19          16
6470          20          11
6480          18          23
6490          21          16
6500          19          20
6510          19          20
6520          19          18
6530          20          16
6540          15          23
6550          19          19
6560          19          22
6570          21          18
6580          18          18
6590          17          19
6600          20          17
6610          19          17
6620          16          20
6630          18          16
6640          20          17
6650          19          20
6660          17          21
6670          23          14
6680          21          15
6690          20          15
6700          16          16
6710          19          27
6720          19          18
6730          18          18
6740          19          20
6750          13          29
6760          19          21
6770          17          21
6780          19          15
6790          16          25
6800          22          17
6810          20          17
6820          19          20
6830          21          16
6840          21          16
6850          23           9
6860          21          20
6870          19          19
6880          21          22
6890          21          19
6900          21          19
6910          21          19
6920          20          17
6930          21          23
6940          20          24
6950          21          21
6960          15          20
6970          19          22
6980          18          20
6990          20          22
7000          15          22
7010          17          23
7020          18          21
7030          19          26
7040          17          23
7050          19          24
7060          19          22
7070          21          24
7080          19          24
7090          18          21
7100          20          22
7110          18          18
7120          18          21
7130          19          23
7140          20          21
7150          17          24
7160          20          20
7170          18          21
7180          19          21
7190          20          25
7200          19          15
7210          18          17
7220          20          16
7230          20          19
7240          19          17
7250          22          22
7260          19          20
7270          19          21
7280          17          18
7290          20          17
7300          20          21
7310          21          20
7320          23          17
7330          22          14
7340          22          18
7350          20          14
7360          19          21
7370          18          17
7380          19          19
7390          20          14
7400          19          21
7410          18          24
7420          20          20
7430          20          19
7440          19          28
7450          21          19
7460          20          25
7470          16          27
7480          20          31
7490          18          20
7500          20          15
7510          18          21
7520          18          20
7530          21          18
7540          21          17
7550          21          18
7560          22          18
7570          21          20
7580          18          16
7590          21          25
7600          23          17
7610          20          19
7620          18          21
7630          19          17
7640          21          12
7650          19          21
7660          17          16
7670          17          24
7680          19          21
7690          18          20
7700          16          21
7710          22          21
7720          24          16
7730          21          19
7740          19          18
7750          16          20
7760          19          25
7770          19          15
7780          22          12
7790          18          19
7800          18          23
7810          19          17
7820          19          20
7830          19          18
7840          22          17
7850          19          23
7860          22          21
7870          17          26
7880          18          20
7890          21          22
7900          17          18
7910          19          21
7920          19          19
7930          20          14
7940          14          20
7950          18          17
7960          20          14
7970          21          11
7980          18          16
7990          16          20
8000          19          18
8010          19          19
8020          22          20
8030          16          21
8040          21          22
8050          21          19
8060          18          21
8070          20          16
8080          19          13
8090          25          11
8100          20          16
8110          23          13
8120          23          14
8130          24          11
8140          22          15
8150          19          14
8160          18          18
8170          18          19
8180          19          13
8190          18          15
8200          21          24
8210          18          17
8220          16          16
8230          20          14
8240          17          16
8250          20          19
8260          22          10
8270          18          19
8280          17          21
8290          15          21
8300          17          24
8310          16          26
8320          21          12
8330          15          22
8340          16          23
8350          15          22
8360          17          19
8370          19          19
8380          21          18
8390          16          22
8400          16          22
8410          19          15
8420          18          18
8430          18          15
8440          16          24
8450          19          17
8460          20          14
8470          20          18
8480          21          19
8490          17          26
8500          19          22
8510          20          16
8520          24          15
8530          19          20
8540          21          16
8550          17          18
8560          18          20
8570          21          15
8580          17          20
8590          21          16
8600          17          16
8610          22          13
8620          18          16
8630          19          15
8640          20          17
8650          18          19
8660          19          17
8670          18          15
8680          19          16
8690          18          15
8700          19          21
8710          15          23
8720          18          24
8730          14          26
8740          17          22
8750          17          21
8760          14          19
8770          17          21
8780          20          17
8790          20          20
8800          18          18
8810          21          20
8820          18          17
8830          18          19
8840          19          17
8850          19          18
8860          18          19
8870          17          19
8880          22          15
8890          19          12
8900          19          19
8910          16          24
8920          16          19
8930          20          16
8940          16          17
8950          19          16
8960          19          13
8970          21          15
8980          20          17
8990          22          16
9000          20          19
9010          19          22
9020          16          22
9030          23          16
9040          19          16
9050          20          14
9060          19          18
9070          19          15
9080          19          14
9090          18          19
9100          21          14
9110          18          15
9120          17          15
9130          18          22
9140          16          18
9150          17          24
9160          20          18
9170          16          17
9180          19          16
9190          17          23
9200          14          23
9210          17          21
9220          17          21
9230          17          18
9240          16          20
9250          16          16
9260          18          16
9270          14          21
9280          20          19
9290          16          25
9300          17          21
9310          16          20
9320          18          18
9330          18          20
9340          18          19
9350          20          15
9360          22          13
9370          18          14
9380          22          19
9390          21          20
9400          20          17
9410          20          20
9420          22          17
9430          23          18
9440          20          19
9450          18          25
9460          17          19
9470          22          16
9480          21          18
9490          21          21
9500          21          17
9510          18          18
9520          17          19
9530          16          20
9540          19          19
9550          22          15
9560          19          20
9570          18          19
9580          19          19
9590          20          21
9600          22          24
9610          22          15
9620          19          20
9630          22          18
9640          22          15
9650          20          26
9660          22          19
9670          22          23
9680          19          17
9690          21          22
9700          21          19
9710          24          21
9720          22          15
9730          25          12
9740          23          15
9750          21          16
9760          21          18
9770          21          19
9780          22          18
9790          19          19
9800          20          18
9810          22          22
9820          19          23
9830          19          21
9840          18          17
9850          23          15
9860          22          19
9870          21          19
9880          23          18
9890          18          17
9900          22          20
9910          21          15
9920          22          14
9930          22          20
9940          19          21
9950          21          21
9960          19          18
9970          22          16
9980          20          20
9990          21          19
10000          22          17
