Time   Number   
ps   
0          24         158
10          31         157
20          27         163
30          32         162
40          27         161
50          28         160
60          26         142
70          27         153
80          21         149
90          22         156
100          23         145
110          27         147
120          29         139
130          24         148
140          29         141
150          27         153
160          26         164
170          28         142
180          25         155
190          23         147
200          22         142
210          24         140
220          26         142
230          26         140
240          26         134
250          26         146
260          24         144
270          24         148
280          24         140
290          28         160
300          22         148
310          29         151
320          24         154
330          26         138
340          22         156
350          28         138
360          27         161
370          24         150
380          29         153
390          25         145
400          28         150
410          27         157
420          30         166
430          32         156
440          30         154
450          29         151
460          27         145
470          30         150
480          31         153
490          29         159
500          24         146
510          28         152
520          27         155
530          28         156
540          29         145
550          25         163
560          32         158
570          25         165
580          31         149
590          31         169
600          27         149
610          30         168
620          33         159
630          34         164
640          31         151
650          32         166
660          29         153
670          28         146
680          31         159
690          27         161
700          28         160
710          30         162
720          38         160
730          27         155
740          29         153
750          29         167
760          30         156
770          31         147
780          28         156
790          30         152
800          31         149
810          28         156
820          32         160
830          21         153
840          27         143
850          23         151
860          28         158
870          29         153
880          26         146
890          26         146
900          21         161
910          26         148
920          24         150
930          21         141
940          28         160
950          27         149
960          30         144
970          25         155
980          26         156
990          26         156
1000          24         152
1010          27         145
1020          27         161
1030          31         153
1040          31         153
1050          30         150
1060          29         155
1070          32         146
1080          30         138
1090          34         146
1100          32         154
1110          31         145
1120          30         160
1130          27         157
1140          29         155
1150          29         157
1160          29         161
1170          26         150
1180          27         145
1190          28         156
1200          27         151
1210          21         151
1220          22         160
1230          26         154
1240          28         158
1250          30         164
1260          29         159
1270          28         158
1280          26         152
1290          29         157
1300          25         143
1310          26         148
1320          25         149
1330          29         145
1340          26         150
1350          24         146
1360          26         148
1370          25         155
1380          23         145
1390          25         153
1400          27         159
1410          22         156
1420          23         153
1430          28         148
1440          22         164
1450          21         151
1460          24         156
1470          24         158
1480          27         161
1490          28         160
1500          27         163
1510          26         160
1520          31         163
1530          29         155
1540          29         155
1550          26         148
1560          30         148
1570          33         151
1580          31         145
1590          30         146
1600          27         153
1610          27         151
1620          26         142
1630          29         145
1640          27         141
1650          33         153
1660          28         154
1670          28         138
1680          26         150
1690          24         154
1700          31         147
1710          31         157
1720          32         154
1730          36         156
1740          31         161
1750          32         168
1760          30         152
1770          30         158
1780          30         158
1790          32         158
1800          31         159
1810          33         159
1820          30         148
1830          32         162
1840          29         161
1850          30         148
1860          25         165
1870          27         155
1880          28         152
1890          27         157
1900          28         156
1910          27         157
1920          27         155
1930          29         159
1940          29         165
1950          24         158
1960          30         168
1970          27         169
1980          27         167
1990          27         157
2000          31         153
2010          33         161
2020          30         168
2030          32         158
2040          30         152
2050          29         167
2060          24         168
2070          29         165
2080          31         153
2090          26         152
2100          30         148
2110          30         148
2120          26         146
2130          28         144
2140          27         157
2150          19         157
2160          29         145
2170          31         161
2180          31         169
2190          39         165
2200          33         161
2210          36         150
2220          29         157
2230          30         154
2240          26         156
2250          25         149
2260          30         158
2270          30         154
2280          25         159
2290          30         156
2300          28         152
2310          30         152
2320          36         160
2330          29         153
2340          32         158
2350          25         157
2360          34         152
2370          36         160
2380          30         166
2390          31         159
2400          32         158
2410          30         152
2420          31         157
2430          30         154
2440          26         146
2450          28         140
2460          24         142
2470          29         151
2480          31         149
2490          27         151
2500          31         157
2510          31         167
2520          27         157
2530          27         149
2540          32         150
2550          28         136
2560          29         139
2570          32         156
2580          30         144
2590          30         148
2600          31         147
2610          28         152
2620          27         155
2630          23         143
2640          27         141
2650          25         149
2660          33         151
2670          31         153
2680          34         170
2690          30         168
2700          31         155
2710          31         153
2720          30         136
2730          28         148
2740          27         139
2750          26         152
2760          24         146
2770          27         149
2780          33         143
2790          33         147
2800          28         144
2810          31         147
2820          31         159
2830          33         149
2840          29         145
2850          26         162
2860          27         153
2870          29         137
2880          29         139
2890          32         156
2900          31         149
2910          29         153
2920          31         153
2930          31         139
2940          25         151
2950          26         150
2960          30         152
2970          33         149
2980          33         147
2990          30         156
3000          31         149
3010          25         141
3020          26         146
3030          30         136
3040          34         142
3050          35         151
3060          31         143
3070          29         145
3080          28         136
3090          30         140
3100          23         137
3110          32         134
3120          25         131
3130          28         126
3140          23         129
3150          27         145
3160          30         140
3170          26         142
3180          24         148
3190          28         152
3200          30         154
3210          34         148
3220          27         147
3230          31         151
3240          29         145
3250          28         148
3260          22         152
3270          25         155
3280          26         142
3290          22         128
3300          22         142
3310          23         137
3320          27         147
3330          20         140
3340          23         135
3350          23         143
3360          24         144
3370          26         152
3380          29         131
3390          32         144
3400          29         149
3410          28         150
3420          31         147
3430          29         139
3440          26         148
3450          30         144
3460          27         157
3470          29         161
3480          27         155
3490          25         157
3500          24         138
3510          21         143
3520          21         137
3530          21         137
3540          23         127
3550          22         140
3560          21         135
3570          26         138
3580          27         141
3590          23         143
3600          24         136
3610          25         143
3620          28         134
3630          25         139
3640          28         142
3650          28         146
3660          25         153
3670          29         143
3680          28         146
3690          28         146
3700          29         153
3710          29         149
3720          27         141
3730          29         147
3740          26         154
3750          28         152
3760          30         150
3770          28         152
3780          30         156
3790          30         152
3800          30         158
3810          35         151
3820          35         147
3830          26         150
3840          30         142
3850          30         144
3860          37         147
3870          33         139
3880          31         155
3890          28         142
3900          24         136
3910          28         144
3920          29         153
3930          23         141
3940          25         149
3950          23         151
3960          26         154
3970          31         157
3980          22         152
3990          24         148
4000          22         142
4010          25         155
4020          28         142
4030          22         140
4040          31         151
4050          23         147
4060          23         137
4070          25         145
4080          23         143
4090          23         137
4100          25         139
4110          24         148
4120          19         153
4130          25         137
4140          21         129
4150          21         133
4160          20         142
4170          21         139
4180          16         138
4190          20         146
4200          21         141
4210          21         129
4220          19         125
4230          18         128
4240          20         128
4250          18         140
4260          19         135
4270          19         147
4280          23         145
4290          18         148
4300          23         135
4310          23         135
4320          18         138
4330          26         140
4340          21         145
4350          21         137
4360          24         152
4370          23         155
4380          27         147
4390          24         148
4400          23         147
4410          19         145
4420          25         147
4430          22         152
4440          23         141
4450          27         141
4460          27         143
4470          23         149
4480          23         147
4490          27         145
4500          24         134
4510          26         148
4520          21         145
4530          25         135
4540          21         135
4550          23         149
4560          22         142
4570          24         148
4580          24         146
4590          24         146
4600          25         153
4610          25         137
4620          25         139
4630          22         138
4640          25         141
4650          19         143
4660          23         145
4670          25         131
4680          20         148
4690          23         135
4700          25         137
4710          21         141
4720          25         139
4730          25         143
4740          27         141
4750          21         137
4760          27         143
4770          29         149
4780          29         145
4790          28         160
4800          26         156
4810          29         149
4820          31         155
4830          25         153
4840          24         136
4850          22         148
4860          24         154
4870          19         153
4880          26         142
4890          26         144
4900          26         148
4910          21         141
4920          20         140
4930          21         147
4940          23         149
4950          23         143
4960          22         144
4970          28         140
4980          28         144
4990          26         150
5000          23         149
5010          30         144
5020          25         141
5030          23         139
5040          23         141
5050          25         143
5060          22         150
5070          21         139
5080          19         139
5090          22         142
5100          21         149
5110          23         139
5120          24         140
5130          25         143
5140          21         137
5150          24         140
5160          27         133
5170          22         144
5180          20         128
5190          24         144
5200          20         142
5210          18         136
5220          21         133
5230          21         141
5240          20         122
5250          21         141
5260          22         138
5270          21         149
5280          23         139
5290          22         142
5300          19         127
5310          19         151
5320          25         135
5330          20         130
5340          22         126
5350          19         131
5360          20         126
5370          16         128
5380          20         144
5390          22         140
5400          22         140
5410          24         146
5420          26         140
5430          24         146
5440          27         143
5450          26         140
5460          28         168
5470          26         154
5480          29         157
5490          31         149
5500          31         155
5510          28         156
5520          25         147
5530          24         146
5540          28         146
5550          26         142
5560          25         139
5570          20         148
5580          25         133
5590          23         131
5600          23         141
5610          19         139
5620          22         138
5630          23         131
5640          23         145
5650          20         140
5660          24         146
5670          22         140
5680          22         130
5690          19         139
5700          18         152
5710          22         144
5720          21         147
5730          21         143
5740          18         142
5750          19         153
5760          24         142
5770          28         140
5780          25         139
5790          22         138
5800          21         133
5810          21         137
5820          25         141
5830          23         139
5840          20         140
5850          22         136
5860          34         148
5870          23         157
5880          31         151
5890          28         148
5900          27         153
5910          24         136
5920          28         142
5930          25         141
5940          31         137
5950          30         150
5960          20         144
5970          20         146
5980          25         137
5990          23         137
6000          23         139
6010          20         144
6020          19         137
6030          19         131
6040          24         142
6050          21         137
6060          25         143
6070          21         145
6080          27         135
6090          22         136
6100          22         140
6110          26         126
6120          24         140
6130          23         127
6140          28         132
6150          22         138
6160          21         135
6170          23         143
6180          20         134
6190          26         136
6200          20         138
6210          23         133
6220          22         132
6230          23         149
6240          21         131
6250          28         142
6260          26         150
6270          25         147
6280          24         156
6290          27         137
6300          24         146
6310          27         157
6320          25         139
6330          23         157
6340          26         154
6350          26         158
6360          22         150
6370          25         151
6380          26         162
6390          29         163
6400          22         156
6410          29         147
6420          21         149
6430          19         137
6440          20         156
6450          18         142
6460          25         137
6470          21         155
6480          25         147
6490          23         139
6500          25         149
6510          24         138
6520          24         138
6530          18         132
6540          19         141
6550          18         144
6560          20         142
6570          31         143
6580          22         142
6590          24         150
6600          23         139
6610          20         150
6620          22         152
6630          20         152
6640          25         141
6650          22         146
6660          22         138
6670          18         142
6680          22         142
6690          24         148
6700          23         149
6710          29         141
6720          26         150
6730          27         153
6740          25         141
6750          24         146
6760          22         138
6770          23         141
6780          23         139
6790          22         148
6800          17         149
6810          19         139
6820          20         140
6830          21         143
6840          20         144
6850          24         144
6860          22         134
6870          20         122
6880          23         141
6890          19         155
6900          24         138
6910          20         148
6920          23         137
6930          22         144
6940          24         144
6950          20         138
6960          22         138
6970          23         137
6980          25         147
6990          20         124
7000          23         141
7010          23         143
7020          25         137
7030          20         142
7040          20         142
7050          28         150
7060          21         151
7070          18         146
7080          29         141
7090          28         144
7100          29         151
7110          23         151
7120          27         139
7130          26         142
7140          21         139
7150          21         131
7160          25         141
7170          19         141
7180          26         148
7190          24         154
7200          22         138
7210          28         148
7220          24         154
7230          27         139
7240          20         150
7250          25         153
7260          28         142
7270          21         153
7280          30         138
7290          23         133
7300          22         140
7310          23         149
7320          26         148
7330          19         143
7340          27         151
7350          24         144
7360          26         142
7370          24         148
7380          26         140
7390          25         149
7400          26         144
7410          25         133
7420          28         146
7430          28         156
7440          25         145
7450          25         131
7460          25         135
7470          23         141
7480          19         141
7490          19         139
7500          18         144
7510          21         141
7520          21         141
7530          20         136
7540          20         126
7550          26         152
7560          27         145
7570          22         148
7580          17         141
7590          28         144
7600          23         137
7610          23         139
7620          25         143
7630          22         142
7640          24         142
7650          27         135
7660          22         140
7670          25         143
7680          30         146
7690          24         154
7700          24         136
7710          26         138
7720          29         141
7730          24         150
7740          23         139
7750          29         143
7760          25         143
7770          18         138
7780          25         149
7790          24         144
7800          21         147
7810          25         145
7820          20         154
7830          24         140
7840          28         150
7850          25         143
7860          23         149
7870          21         143
7880          24         144
7890          20         154
7900          23         147
7910          31         155
7920          19         147
7930          22         144
7940          20         140
7950          24         136
7960          27         147
7970          27         155
7980          22         146
7990          22         154
8000          24         142
8010          23         141
8020          20         146
8030          25         143
8040          22         150
8050          24         146
8060          26         150
8070          28         156
8080          27         145
8090          28         150
8100          27         143
8110          29         139
8120          26         146
8130          24         144
8140          30         156
8150          26         142
8160          31         147
8170          27         143
8180          26         132
8190          25         133
8200          21         137
8210          21         135
8220          18         130
8230          25         129
8240          19         121
8250          20         134
8260          18         136
8270          22         138
8280          24         140
8290          18         140
8300          16         136
8310          20         140
8320          19         135
8330          24         140
8340          22         144
8350          25         141
8360          28         146
8370          26         142
8380          22         144
8390          27         141
8400          27         145
8410          32         146
8420          25         145
8430          26         150
8440          24         150
8450          31         145
8460          29         143
8470          31         141
8480          34         156
8490          32         154
8500          28         162
8510          31         145
8520          26         152
8530          23         139
8540          23         145
8550          27         163
8560          24         152
8570          28         146
8580          26         146
8590          22         146
8600          24         150
8610          26         156
8620          28         154
8630          23         153
8640          27         137
8650          23         151
8660          24         156
8670          29         145
8680          22         142
8690          23         151
8700          27         135
8710          21         147
8720          27         133
8730          27         131
8740          19         149
8750          27         139
8760          24         138
8770          26         144
8780          20         148
8790          20         138
8800          21         133
8810          22         150
8820          26         144
8830          23         159
8840          22         148
8850          26         142
8860          24         136
8870          28         138
8880          25         147
8890          22         144
8900          24         142
8910          26         146
8920          25         141
8930          23         139
8940          25         147
8950          24         138
8960          20         140
8970          24         140
8980          32         150
8990          20         144
9000          26         136
9010          21         133
9020          21         135
9030          23         135
9040          26         130
9050          26         144
9060          25         143
9070          23         133
9080          26         142
9090          27         147
9100          27         137
9110          25         147
9120          20         136
9130          23         135
9140          20         132
9150          23         143
9160          24         148
9170          22         142
9180          22         138
9190          23         139
9200          28         144
9210          24         144
9220          31         141
9230          26         132
9240          27         137
9250          29         139
9260          27         139
9270          23         141
9280          30         134
9290          26         140
9300          25         143
9310          27         147
9320          24         138
9330          29         143
9340          30         140
9350          25         141
9360          29         137
9370          29         143
9380          23         137
9390          26         138
9400          22         138
9410          26         140
9420          29         145
9430          27         153
9440          25         143
9450          24         144
9460          22         138
9470          22         142
9480          23         149
9490          23         141
9500          24         134
9510          20         136
9520          26         140
9530          28         136
9540          22         130
9550          27         135
9560          20         132
9570          20         138
9580          22         132
9590          18         128
9600          20         146
9610          24         138
9620          22         140
9630          24         148
9640          25         145
9650          21         147
9660          23         145
9670          21         141
9680          24         150
9690          23         145
9700          29         153
9710          23         135
9720          24         138
9730          26         134
9740          26         144
9750          28         154
9760          23         145
9770          18         140
9780          26         148
9790          21         133
9800          16         132
9810          24         138
9820          24         148
9830          26         140
9840          22         144
9850          23         147
9860          26         148
9870          22         138
9880          27         143
9890          28         148
9900          28         142
9910          27         145
9920          26         152
9930          24         150
9940          22         144
9950          22         140
9960          21         141
9970          20         150
9980          24         150
9990          30         148
10000          25         155
