Time   C(t)   
ps   
0           1           1  6.20764e-10   0.0246852
10    0.757163     0.78589     1.56242   0.0140004
20    0.719991    0.753115    0.679893  0.00331569
30    0.690849    0.727421     1.21991  0.00266486
40    0.666694    0.706123    0.631449  0.00231988
50    0.644452    0.686512     0.92481  0.00201643
60    0.626365    0.670565     1.73595  0.00172858
70     0.60988     0.65603     2.41235  0.00154556
80    0.595454    0.643311     1.89095  0.00145295
90    0.580821    0.630409     2.22872  0.00124367
100    0.570581     0.62138     0.57917  0.00111111
110    0.558599    0.610815    0.871494  0.00116137
120    0.547353      0.6009    0.938999  0.00116372
130    0.535325    0.590294    0.419232  0.00108488
140    0.525656    0.581769   0.0571529  0.00106944
150    0.513936    0.571435   0.0567341  0.00105501
160    0.504556    0.563165    0.123754  0.00102041
170    0.493528    0.553442   0.0786403  0.000930703
180    0.485942    0.546753   -0.194313  0.000759414
190    0.478339     0.54005   -0.759327  0.000813268
200    0.469676    0.532412   0.0310791  0.00075613
210    0.463217    0.526716   0.0749801  0.000830713
220    0.453062    0.517763   -0.512535  0.000875688
230    0.445703    0.511274    0.457819  0.000748236
240    0.438097    0.504568    0.479527  0.000754923
250    0.430605    0.497962   -0.491886  0.000633185
260    0.425434    0.493403    -1.44093  0.000599907
270    0.418606    0.487383     -1.1708  0.000706579
280    0.411302    0.480943   -0.810813  0.000764662
290    0.403313    0.473899   -0.764751  0.000721066
300    0.396881    0.468228   -0.742712  0.00055104
310    0.392292    0.464182   -0.518555  0.00058198
320    0.385241    0.457965     -1.0372  0.00068001
330    0.378692    0.452191    -1.48875  0.000513198
340    0.374977    0.448915   -0.925681  0.000536414
350    0.367964    0.442732   -0.338276  0.000609981
360    0.362778    0.438159    -1.06186  0.000541271
370    0.357138    0.433187    -1.94252  0.000534531
380    0.352087    0.428733    -1.46932  0.000570805
390    0.345722    0.423121    -1.35641  0.000612356
400     0.33984    0.417935     -1.3571  0.000574519
410    0.334232     0.41299    0.291398  0.000563963
420    0.328561     0.40799    0.922572  0.00055339
430    0.323164    0.403232    0.809997  0.000456476
440    0.319431     0.39994   -0.319942  0.000460109
450    0.313962    0.395118    0.154161  0.000461011
460    0.310211    0.391811     1.16956  0.000375494
470    0.306452    0.388496     1.25942  0.000399899
480    0.302213    0.384759    0.807638  0.000505893
490    0.296334    0.379575   0.0169451  0.000426576
500    0.293681    0.377236     0.64834  0.000338058
510    0.289573    0.373614    0.670974  0.000405985
520    0.285562    0.370077     1.30274  0.000380413
530    0.281965    0.366906   0.0157767  0.000381239
540    0.277937    0.363354    0.241345  0.000298673
550    0.275991    0.361639    -1.24948  0.000238477
560    0.273167    0.359149    0.307903  0.000303908
570    0.269913     0.35628    0.510771  0.000317816
580    0.266811    0.353545    0.488225  0.000310519
590    0.263703    0.350804     1.36853  0.000299175
600    0.260827    0.348269   -0.234918  0.000326496
610    0.257173    0.345047    0.171481  0.000261843
620    0.255591    0.343652     1.00641  0.000251839
630    0.252136    0.340606    0.283924  0.00027364
640    0.250118    0.338826    0.847857  0.000161946
650    0.248897     0.33775  -0.0557417  0.000223935
660    0.245639    0.334877    0.983022  0.000352935
670    0.241838    0.331526    0.327626  0.000258435
680     0.24047     0.33032  -0.0564695  0.000112744
690    0.239584    0.329538    0.327009  0.000160012
700     0.23727    0.327498    0.394933  0.000269341
710    0.234197    0.324789   -0.756891  0.000244309
720    0.232384     0.32319   -0.418438  0.00020307
730    0.230135    0.321208   -0.938073  0.000208887
740    0.228206    0.319507    0.100602  0.000241778
750      0.2253    0.316944   -0.487046  0.00027607
760    0.222685    0.314639   -0.486825  0.000290257
770    0.219495    0.311826   -0.373831  0.00025017
780    0.217681    0.310227   -0.622652  0.000218181
790    0.215131    0.307978    -1.25502  0.000202325
800    0.213635    0.306659    -1.79726  0.000215058
810     0.21083    0.304186     -1.7071  0.000242717
820    0.208781    0.302379    -1.61716  0.000301938
830    0.204791    0.298862    -1.00736  0.000316112
840    0.202458    0.296805   -0.894657  0.000252651
850    0.199738    0.294406    -1.43651  0.000217625
860    0.198106    0.292967    -1.16605  0.00014834
870    0.196771     0.29179    -1.52799  0.000166464
880    0.194777    0.290032    -1.77635  0.000209352
890    0.192584    0.288099    -2.00201  0.000223561
900    0.190305    0.286089    -1.68597  0.000243291
910    0.187718    0.283809    -1.03104  0.000163944
920    0.187026    0.283198    -1.75365  0.000105136
930    0.185616    0.281955    -1.91193  9.29102e-05
940    0.185168     0.28156    -1.50604  0.000147028
950    0.182675    0.279362   -0.670411  0.000138945
960    0.182389     0.27911    -2.16142  0.000164328
970    0.179389    0.276464   -0.918747  0.000199175
980    0.178406    0.275598    -1.25775  0.00011229
990    0.177143    0.274484   -0.919717  0.000155632
1000    0.175293    0.272853   -0.987773  0.00015871
1010    0.173969    0.271685   -0.513649  0.00015351
1020    0.172223    0.270146   -0.626775  0.000137101
1030    0.171227    0.269268   -0.513803  8.30248e-05
1040    0.170563    0.268682   -0.740166  8.32401e-05
1050    0.169562      0.2678    -1.05676  0.00010158
1060    0.168531    0.266891   -0.197808  9.34169e-05
1070    0.167693    0.266152   -0.175505  0.000102045
1080     0.16649    0.265091    -0.80798  0.000130316
1090    0.165087    0.263854   -0.717862  0.000122173
1100    0.164047    0.262937   -0.785632  8.86917e-05
1110    0.163313     0.26229    -1.46349  0.000135384
1120    0.161339     0.26055    -1.44094  0.000199082
1130    0.159332     0.25878     -1.7797  0.000155773
1140    0.158223    0.257803     -1.2604  8.26836e-05
1150    0.157678    0.257322    -1.01182  7.01793e-05
1160     0.15682    0.256565   -0.718502  0.000142537
1170    0.154827    0.254808   -0.966881  0.000134287
1180    0.154134    0.254197   -0.808884  4.95344e-05
1190    0.153837    0.253935   -0.719119  0.000109329
1200    0.151948    0.252269    -1.03494  0.000120852
1210     0.15142    0.251804   -0.628473  9.13218e-05
1220    0.150121    0.250659    -1.64489  0.000182736
1230    0.147765    0.248581    -1.19362  0.000204504
1240    0.146031    0.247053    -1.01286  0.000180707
1250    0.144151    0.245395   -0.403499  0.000133898
1260    0.143353    0.244691    -1.14881  0.000128543
1270     0.14158    0.243128   -0.651923  0.000108698
1280    0.141179    0.242775    -1.10361  0.00015495
1290    0.138481    0.240396    -1.03602  0.000123563
1300    0.138708    0.240596   -0.991434  3.76984e-05
1310    0.137727    0.239731   -0.652893  0.000122713
1320    0.136254    0.238432   -0.833547  0.000141715
1330    0.134893    0.237232    -1.21786  0.000124711
1340    0.133759    0.236233    -1.53434  9.46648e-05
1350    0.132999    0.235562    -1.12805  0.000162913
1360    0.130501     0.23336   -0.450553  0.000234187
1370    0.128315    0.231433   -0.562688  0.000201399
1380    0.126473    0.229808   -0.246671  6.53505e-05
1390    0.127008     0.23028   -0.292269  2.63959e-05
1400    0.125945    0.229343   -0.721589  0.000148649
1410    0.124035    0.227659  -0.0218954  0.000146022
1420    0.123025    0.226768   -0.428515  0.000128908
1430    0.121457    0.225386    0.339478  7.07392e-05
1440     0.12161    0.225521    -1.28647  3.0065e-05
1450    0.120856    0.224856    -1.15124  0.00013697
1460    0.118871    0.223105   -0.451457  0.000107893
1470    0.118698    0.222953   -0.677577  7.89147e-05
1480    0.117292    0.221714    -1.42274  0.000153961
1490    0.115619    0.220238   -0.970828  0.000152812
1500    0.114236    0.219019     -1.0838  8.1034e-05
1510    0.113998    0.218809   -0.745568  7.83563e-05
1520    0.112669    0.217637   -0.926287  8.87916e-05
1530    0.112222    0.217243   -0.542876  8.16789e-05
1540    0.111035    0.216197    -1.17453  0.000138059
1550    0.109461    0.214809    -1.03884  0.000154657
1560    0.107942     0.21347   -0.767628  2.00555e-05
1570     0.10906    0.214455   -0.948657  -6.48536e-06
1580    0.108072    0.213584   -0.248522  0.000130159
1590    0.106457     0.21216   -0.835333  5.45222e-05
1600    0.106981    0.212622  -0.0904369  -1.8242e-05
1610    0.106822    0.212482   -0.678063  2.04641e-05
1620    0.106572    0.212262    0.518698  4.59004e-05
1630    0.105904    0.211672    0.112167  4.89797e-05
1640    0.105593    0.211398   -0.791012  8.95504e-05
1650    0.104113    0.210093   0.0891801  0.000115184
1660    0.103289    0.209367   -0.452824  9.2981e-05
1670    0.102253    0.208454   0.0665902  7.06513e-05
1680    0.101876    0.208121   0.0890478  8.13935e-05
1690    0.100625    0.207018   -0.136676  9.20802e-05
1700    0.100034    0.206497   0.0439341  5.46381e-05
1710   0.0995325    0.206055    0.698757  0.000128765
1720    0.097459    0.204226    0.788873  0.000133523
1730   0.0968621      0.2037     0.92384  5.52203e-05
1740   0.0963546    0.203253     1.01427  3.8692e-05
1750   0.0960882    0.203018     1.10407  4.18261e-05
1760    0.095518    0.202515   -0.431602  0.000120911
1770     0.09367    0.200886   -0.341308  0.000180455
1780   0.0919089    0.199333   -0.409056  0.000113894
1790   0.0913921    0.198877    0.019448  0.000155411
1800   0.0888007    0.196592   -0.725051  9.30648e-05
1810   0.0895308    0.197236  -0.0932154  1.40205e-05
1820   0.0885203    0.196345    0.403102  0.00017618
1830   0.0860072    0.194129    0.245303  8.45823e-05
1840   0.0868287    0.194854   -0.025798  5.42924e-05
1850   0.0849214    0.193172     1.12572  0.00018637
1860   0.0831013    0.191567    0.877712  6.07155e-05
1870   0.0837071    0.192101   0.0871736  -3.44589e-05
1880   0.0837904    0.192175    0.357922  3.48117e-05
1890   0.0830108    0.191488    0.425317  0.000112024
1900     0.08155    0.190199    0.606059  9.8351e-05
1910   0.0810438    0.189753    0.651063  3.21116e-05
1920   0.0809077    0.189633    0.808619  6.78487e-05
1930   0.0796868    0.188557    0.583315  7.88055e-05
1940   0.0793316    0.188244  -0.0941637  3.0908e-05
1950   0.0790687    0.188012    0.718502  3.09896e-05
1960   0.0787118    0.187697    0.538025  -4.75906e-06
1970   0.0791639    0.188096     1.08001  4.20585e-05
1980   0.0778707    0.186955    0.944556  0.000106058
1990   0.0770427    0.186225     1.03474  4.85186e-05
2000   0.0769003      0.1861     1.03441  1.11282e-05
2010   0.0768201    0.186029    0.808818  -2.95773e-05
2020   0.0774918    0.186621    0.153885  1.27461e-05
2030   0.0765652    0.185804    -0.13952  4.09495e-05
2040   0.0766729    0.185899   -0.162661  2.22493e-05
2050   0.0761202    0.185412    0.130898  1.91264e-05
2060   0.0762903    0.185562  -0.00464158  9.01673e-05
2070   0.0743169    0.183822     0.62759  0.000137609
2080   0.0735381    0.183135    0.153356  -5.81108e-06
2090   0.0744331    0.183924    0.175836  4.81021e-05
2100   0.0725761    0.182287    0.469659  0.000158983
2110   0.0712534    0.181121     1.10233  4.99308e-05
2120   0.0715775    0.181407     1.23732  3.58701e-05
2130    0.070536    0.180488     1.14696  0.000105866
2140   0.0694602     0.17954     1.44059  6.78949e-05
2150   0.0691781    0.179291      1.1692  2.50626e-05
2160   0.0689589    0.179098     2.00463  5.06904e-05
2170   0.0681643    0.178397     1.82398  5.55694e-05
2180   0.0678475    0.178118     1.64332  -1.30944e-05
2190   0.0684262    0.178628     1.55252  4.46357e-05
2200   0.0669548    0.177331     1.46225  0.000123267
2210   0.0659609    0.176455     1.46229  5.61211e-05
2220   0.0658324    0.176341     1.43977  5.63189e-05
2230   0.0648345    0.175461     1.37198  6.92893e-05
2240   0.0644466    0.175119      1.1465  3.36505e-06
2250   0.0647672    0.175402     1.39461  3.57445e-05
2260   0.0637317    0.174489     2.00386  2.92629e-05
2270    0.064182    0.174886     1.34888   1.885e-06
2280    0.063694    0.174456     1.98111  3.10328e-05
2290   0.0635613    0.174339     1.84535  4.2513e-05
2300   0.0628438    0.173706      1.6876  9.78652e-05
2310    0.061604    0.172613     1.59719  0.00010948
2320   0.0606542    0.171776     1.52958  0.000103264
2330   0.0595387    0.170792     1.37167  8.23025e-05
2340   0.0590081    0.170324     1.34895  3.51587e-05
2350   0.0588355    0.170172    0.626202  6.30943e-05
2360   0.0577462    0.169212     1.75508  0.000112362
2370   0.0565883    0.168191     2.29729  6.67136e-05
2380   0.0564119    0.168035     2.20653  4.06565e-05
2390   0.0557752    0.167474     1.52883  8.35093e-05
2400   0.0547418    0.166563     1.75497  6.22915e-05
2410   0.0545293    0.166375     1.39349  7.57029e-05
2420   0.0532277    0.165228    0.851505  9.40053e-05
2430   0.0526492    0.164718     1.41586  0.000125728
2440   0.0507131    0.163011     1.09971  0.000137557
2450   0.0498981    0.162292    0.286889  7.16653e-05
2460   0.0492798    0.161747    0.828276  0.000111724
2470   0.0476636    0.160322    0.850977  0.000108618
2480   0.0471075    0.159831     1.23481  6.56936e-05
2490   0.0463497    0.159163     1.41551  1.75163e-05
2500   0.0467571    0.159523     1.25691  3.0987e-05
2510     0.04573    0.158617     1.50551  2.55797e-06
2520    0.046706    0.159477     1.75378  -3.74733e-05
2530   0.0464795    0.159278     1.27944  1.09531e-05
2540   0.0464869    0.159284     1.12168  1.43543e-05
2550   0.0461924    0.159025     1.32477  -1.92445e-05
2560   0.0468718    0.159624     1.64063  -7.13952e-07
2570   0.0462067    0.159037      1.5957  5.9869e-05
2580   0.0456744    0.158568     1.50494  0.000108972
2590   0.0440272    0.157116     1.09885  7.03134e-05
2600   0.0442682    0.157328     1.39241  1.9875e-05
2610   0.0436297    0.156765     1.64094  8.93457e-05
2620   0.0424813    0.155752     1.59592  5.73127e-05
2630   0.0424835    0.155754    0.895319  3.54588e-05
2640   0.0417721    0.155127      1.5953  4.23169e-05
2650   0.0416371    0.155008     1.05334  2.71404e-05
2660   0.0412293    0.154649     1.34663  1.52519e-05
2670   0.0413321    0.154739     1.30117  6.99855e-05
2680   0.0398296    0.153414    0.624063  3.07258e-05
2690   0.0407176    0.154197    0.804496  -3.75368e-05
2700   0.0405803    0.154076     1.07547  1.03118e-05
2710   0.0405113    0.154016    0.984863  7.38937e-05
2720   0.0391024    0.152773    0.826645  4.99306e-05
2730   0.0395127    0.153135    0.351947  -3.19593e-06
2740   0.0391663     0.15283   -0.189705  8.64312e-05
2750   0.0377841    0.151611    -1.31852  0.000103867
2760    0.037089    0.150998    -1.13824  3.6744e-05
2770   0.0370492    0.150963    -1.49966  9.05795e-05
2780   0.0352774    0.149401   0.0584317  0.000160087
2790   0.0338475     0.14814   -0.370491  4.07258e-05
2800   0.0344629    0.148683   -0.212559  4.4455e-05
2810   0.0329584    0.147356   -0.505832  0.000124542
2820   0.0319721    0.146486   -0.279823  9.35345e-05
2830   0.0310877    0.145707   -0.686552  6.06203e-05
2840   0.0307597    0.145417    -0.46052  8.00708e-05
2850   0.0294863    0.144295   -0.505501  5.74631e-05
2860   0.0296104    0.144404   -0.279955  2.26448e-05
2870   0.0290334    0.143895   0.0813964  1.58362e-06
2880   0.0295787    0.144376    0.442417  -1.24007e-05
2890   0.0292814    0.144114   -0.235216  3.50566e-05
2900   0.0288776    0.143758   -0.370844  7.92317e-05
2910   0.0276968    0.142717   -0.912672  9.35345e-05
2920   0.0270069    0.142109   -0.416001  0.000115057
2930   0.0253956    0.140688  -0.0772182  7.45825e-05
2940   0.0255153    0.140793     -0.3708  -5.98782e-05
2950   0.0265932    0.141744   -0.168152  -2.80175e-05
2960   0.0260756    0.141288   -0.145275  2.15995e-05
2970   0.0261612    0.141363    -0.61973  4.13013e-05
2980   0.0252496    0.140559   -0.483838  3.95555e-05
2990   0.0253701    0.140665   -0.755137  -1.20618e-05
3000   0.0254908    0.140772   -0.394073  3.26381e-05
3010   0.0247173     0.14009  -0.0102201  7.74479e-05
3020   0.0239419    0.139406    0.102619  6.15183e-05
3030   0.0234869    0.139005    0.237983  -1.15596e-06
3040    0.023965    0.139427    0.147579  4.74826e-05
3050   0.0225373    0.138168   -0.168482  8.35151e-05
3060   0.0222947    0.137954  -0.0103966  2.61026e-05
3070   0.0220152    0.137707    0.305841  5.14727e-05
3080   0.0212652    0.137046   -0.100668  2.62523e-05
3090   0.0214902    0.137245    0.125055  4.09024e-05
3100   0.0204472    0.136325    0.350734  4.81864e-05
3110   0.0205265    0.136395    0.869774  9.56607e-05
3120    0.018534    0.134638     1.14112  0.000155856
3130   0.0174094    0.133646     1.25374  1.23753e-05
3140   0.0182865     0.13442    0.846853  -1.66553e-05
3150   0.0177425     0.13394     1.09517  8.19095e-05
3160   0.0166483    0.132975     1.00514  5.8314e-05
3170   0.0165762    0.132912    0.643808  4.75603e-05
3180   0.0156971    0.132137    0.982702  5.31425e-05
3190   0.0155133    0.131975    0.824109  1.86246e-06
3200   0.0156598    0.132104     1.16322  3.74261e-06
3210   0.0154385    0.131909    0.169728  3.71896e-06
3220   0.0155854    0.132038    0.508401  -4.79608e-05
3230   0.0163977    0.132754    0.485568  1.29922e-05
3240   0.0153256    0.131809    0.598518  9.4399e-05
3250   0.0145097     0.13109   0.0792357  -2.77488e-05
3260   0.0158806    0.132299  -0.0792027  5.03725e-05
3270   0.0135023    0.130202   -0.372365  0.000109783
3280   0.0136849    0.130363   -0.553239  6.18471e-05
3290   0.0122653    0.129111   -0.101506  7.87162e-05
3300   0.0121106    0.128974   -0.440377  2.10985e-05
3310   0.0118434    0.128739   -0.169562  2.11501e-05
3320   0.0116876    0.128602   -0.440422  -2.93882e-05
3330   0.0124311    0.129257   -0.169982  1.94034e-05
3340   0.0112995    0.128259    0.349654  2.12024e-05
3350   0.0120071    0.128883    0.101032  2.51715e-05
3360   0.0107961    0.127815    0.191524  5.52787e-05
3370   0.0109015    0.127908   -0.057076  1.77682e-05
3380   0.0104407    0.127502    0.372067  3.66934e-05
3390   0.0101676    0.127261     0.73322  4.61047e-06
3400   0.0103485    0.127421    0.281663  -9.96956e-05
3410   0.0121615    0.129019    0.484466  -7.13671e-05
3420   0.0117758    0.128679    0.416894  4.62438e-05
3430   0.0112367    0.128204    0.868385  3.30294e-05
3440   0.0111152    0.128097    0.981313  4.27031e-05
3450   0.0103826    0.127451    0.800549  0.000100151
3460  0.00911223    0.126331     1.09404  4.10554e-05
3470  0.00956149    0.126727    0.619785  4.32321e-05
3480  0.00824758    0.125568    0.326402  5.47548e-05
3490  0.00846639    0.125761    0.484289  -1.80657e-05
3500   0.0086089    0.125887    0.958304  3.58221e-05
3510  0.00774995     0.12513     1.00364  8.98849e-05
3520   0.0068112    0.124302     1.20664  5.53709e-05
3530  0.00664253    0.124153    0.619454  -2.7628e-05
3540  0.00736376    0.124789    0.822698  -6.44819e-05
3550  0.00793217     0.12529      0.5966  5.20237e-06
3560  0.00725971    0.124697    0.551685  -2.79364e-05
3570   0.0084909    0.125783    0.461435  -3.56646e-05
3580    0.007973    0.125326     1.34202  1.48115e-05
3590  0.00819467    0.125522     1.04838  -2.80716e-05
3600  0.00853444    0.125821     1.27384  6.18619e-05
3610  0.00695743    0.124431     1.13871  9.91514e-05
3620  0.00655141    0.124073     1.61255  0.000107402
3630  0.00480939    0.122537     1.43201  0.00013909
3640   0.0037696     0.12162     1.13887  4.50629e-05
3650  0.00390813    0.121742     1.72555  2.75477e-05
3660  0.00321864    0.121134     1.68061  6.31282e-05
3670  0.00264557    0.120629     1.72588  5.93775e-05
3680  0.00203109    0.120087     1.70322  4.07976e-06
3690  0.00256397    0.120557     1.56775  -2.16203e-05
3700   0.0024635    0.120469    0.822455  -1.37857e-05
3710  0.00283969      0.1208     1.38696  1.01026e-05
3720  0.00226145     0.12029     1.13836  3.59797e-05
3730  0.00212009    0.120166     1.13827  5.01144e-05
3740  0.00125916    0.119407     1.34152  2.02078e-05
3750  0.00171593     0.11981     1.72511  2.34155e-06
3760  0.00121233    0.119365     1.65767  3.43894e-05
3770  0.00102815    0.119203     1.58998  4.45753e-05
3780  0.000320821    0.118579     1.77048  5.4743e-05
3790  -6.67144e-05    0.118238     1.52195  4.4863e-05
3800  -0.00057644    0.117788     1.36378  6.92347e-05
3810  -0.00145141    0.117017     1.49938  5.12231e-05
3820  -0.0016009    0.116885     1.47686  3.11834e-05
3830  -0.00207508    0.116467     1.13819  6.17043e-05
3840  -0.00283499    0.115797     1.07079  2.92335e-06
3850  -0.00213354    0.116415    0.799424  3.04925e-06
3860  -0.00289597    0.115743     1.25109  3.76089e-05
3870  -0.00288572    0.115752     1.07033  3.57571e-05
3880  -0.00361111    0.115113     1.36356  0.000109491
3890  -0.00507554    0.113821      1.4991  0.000124135
3900  -0.00609382    0.112924     1.40874  6.50392e-05
3910  -0.00637632    0.112675     1.61185  -5.00237e-07
3920  -0.00608381    0.112932     1.43106  3.04461e-05
3930  -0.00698524    0.112138     1.47642  7.58457e-05
3940  -0.00760073    0.111595     1.02455  0.000127786
3950  -0.00954096    0.109884     1.63466  9.2908e-05
3960  -0.00945889    0.109957     1.63446  1.8732e-05
3970  -0.0099156    0.109554     1.06993  6.65196e-05
3980  -0.0107893    0.108784     1.49901  6.67085e-05
3990  -0.0112498    0.108378    0.934369  2.32001e-05
4000  -0.0112533    0.108375     1.29568  4.62801e-05
4010  -0.0121754    0.107562      1.4086  6.09936e-05
4020  -0.0124732    0.107299    0.911779  2.98314e-05
4030   -0.012772    0.107035    0.640787  5.51102e-05
4040  -0.0135754    0.106327    0.640832  6.36609e-05
4050  -0.0140452    0.105913     0.91158  6.39005e-05
4060  -0.0148534      0.1052    0.527926  3.66731e-05
4070  -0.0147787    0.105266     1.09212  3.68721e-05
4080  -0.0155908     0.10455      1.2049  0.000102512
4090  -0.0168289    0.103458    0.911338  0.000128259
4100   -0.018156    0.102288    0.843612  7.98532e-05
4110   -0.018426     0.10205     1.36278  4.19405e-05
4120  -0.0189948    0.101549     1.22771  5.48406e-05
4130  -0.0195228    0.101083    0.888571  8.0822e-06
4140  -0.0191564    0.101406     1.02405  -4.63873e-06
4150    -0.01943    0.101165     1.22722  3.81206e-05
4160  -0.0199188    0.100734      1.4529  -2.51858e-06
4170  -0.0193797    0.101209     1.40752  -2.4464e-06
4180  -0.0198699    0.100777     1.61079  6.63282e-05
4190  -0.0207062     0.10004     1.52056    1.91e-05
4200  -0.0202519     0.10044     1.61077  -8.79709e-06
4210  -0.0205303    0.100195     1.18173  3.43738e-05
4220  -0.0209394   0.0998342     1.24964  4.96543e-05
4230  -0.0215234   0.0993193     1.65606  7.36875e-05
4240  -0.0224131   0.0985348     1.76916  1.52024e-05
4250  -0.0218274   0.0990513      1.2268  -6.39725e-06
4260  -0.0222852   0.0986476     1.04626  3.93112e-05
4270  -0.0226136    0.098358     1.49791  -7.4211e-05
4280   -0.020801   0.0999563     1.76854  -6.9904e-05
4290  -0.0212156   0.0995907     1.58809  1.30179e-05
4300  -0.0210613   0.0997267     1.43022  -4.46634e-06
4310  -0.0211262   0.0996695     1.81401  2.41145e-05
4320  -0.0215436   0.0993015     1.67876  3.96065e-05
4330  -0.0219184   0.0989711     1.54326  4.63781e-05
4340  -0.0224712   0.0984836     1.65586  7.75087e-05
4350  -0.0234685   0.0976043     1.13655  7.10933e-05
4360  -0.0238931     0.09723     1.47501  0.000100269
4370  -0.0254739   0.0958361     1.29455  2.48757e-05
4380  -0.0243906   0.0967913     1.56512  -8.22963e-06
4390  -0.0253093   0.0959812     1.24911  9.65027e-05
4400  -0.0263206   0.0950896     1.38469  3.42111e-05
4410  -0.0259936    0.095378     1.45202  3.89381e-05
4420  -0.0270994   0.0944029      1.6103  2.5477e-05
4430  -0.0265031   0.0949287      1.4522  3.23094e-06
4440   -0.027164    0.094346     1.20371  3.46738e-05
4450  -0.0271966   0.0943173    0.932671  5.51455e-06
4460  -0.0272743   0.0942487       1.294  1.23115e-05
4470  -0.0274428   0.0941002      1.0004  1.02213e-06
4480  -0.0272947   0.0942307    0.751951  3.73651e-05
4490  -0.0281901   0.0934413    0.752105  2.14927e-05
4500  -0.0277246   0.0938517     1.09065  -1.08629e-06
4510  -0.0281684   0.0934604     1.38416  -5.73769e-06
4520  -0.0276098   0.0939529     1.20362  -5.13819e-05
4530  -0.0271407   0.0943665     1.29387  -6.30285e-05
4540  -0.0263493   0.0950643    0.909838  -6.32313e-05
4550  -0.0258761   0.0954815     1.13552  -3.13068e-05
4560  -0.0257231   0.0956164    0.819434  1.46012e-05
4570  -0.0261681    0.095224     0.86468  9.30301e-05
4580  -0.0275837   0.0939759    0.842333  5.63096e-05
4590  -0.0272943   0.0942311    0.842068  3.42187e-06
4600  -0.0276522   0.0939156     1.02277  3.35262e-05
4610  -0.0279649   0.0936399     1.22603  4.76018e-05
4620  -0.0286042   0.0930761    0.954864  5.47367e-05
4630  -0.0290596   0.0926746    0.887336  6.66223e-05
4640  -0.0299367   0.0919013     1.06801  3.87844e-05
4650  -0.0298353   0.0919907     1.04542  1.55056e-06
4660  -0.0299677    0.091874     1.06781  8.57655e-06
4670  -0.0300068   0.0918395    0.593535  -3.36855e-05
4680   -0.029294    0.092468    0.819346  -3.13213e-06
4690  -0.0299442   0.0918947    0.909508  8.16573e-05
4700  -0.0309271    0.091028     0.81939  2.5207e-05
4710  -0.0304483   0.0914502     1.40594  3.2549e-05
4720  -0.0315781   0.0904541     1.06748  5.15011e-05
4730  -0.0314783    0.090542     1.38368  -1.71286e-05
4740  -0.0312355   0.0907561    0.954621  -2.67048e-05
4750  -0.0309442   0.0910129    0.773748  5.91067e-05
4760  -0.0324176   0.0897138     1.11288  3.76406e-05
4770   -0.031697   0.0903492     0.90953  -3.62603e-05
4780  -0.0316924   0.0903532    0.706198  4.03354e-05
4790  -0.0325037   0.0896379    0.457576  2.83822e-05
4800  -0.0322601   0.0898527    0.864372  1.17302e-05
4810  -0.0327384   0.0894311    0.751312  1.17106e-05
4820  -0.0324943   0.0896462    0.683454  9.40338e-06
4830  -0.0329264   0.0892652    0.525522  2.39154e-05
4840  -0.0329726   0.0892245    0.457753  4.10423e-05
4850  -0.0337473   0.0885415    0.299667  6.78873e-05
4860  -0.0343304   0.0880274    0.570724  5.35486e-05
4870  -0.0348182   0.0875972    0.480409  6.84189e-05
4880  -0.0356987   0.0868209    0.209439  9.80131e-05
4890  -0.0367785   0.0858688   -0.129167  1.50161e-05
4900  -0.0359991   0.0865561   -0.264928  -2.40471e-05
4910  -0.0362976   0.0862929    0.209263  2.99018e-05
4920  -0.0365971   0.0860288    0.141515  4.23508e-05
4930  -0.0371446   0.0855461    0.367503  1.03734e-05
4940  -0.0368046   0.0858459    0.164149  8.02502e-06
4950  -0.0373051   0.0854046    0.231742  -1.68353e-05
4960  -0.0364679   0.0861427   -0.355442  -1.85855e-06
4970  -0.0372679   0.0854373   -0.400622  9.76063e-05
4980    -0.03842   0.0844215   -0.445736  4.30563e-05
4990   -0.038129   0.0846781    -0.42341  -1.14936e-05
