Time   C(t)   
ps   
0           1           1  7.81334e-10   0.0269526
10    0.733078    0.873687   -0.818824   0.0142029
20    0.715941    0.865578  -0.0720442  0.00145327
30    0.704013    0.859933    0.408824   0.0012263
40    0.691415    0.853972    0.207606  0.000925848
50    0.685496     0.85117    -1.12911  0.000753775
60     0.67634    0.846838    0.300398  0.000700277
70     0.67149    0.844543   -0.508087  0.000566226
80    0.665015    0.841479  -0.0576989  0.00061743
90    0.659141    0.838699   -0.508633  0.000498837
100    0.655038    0.836758   -0.322594  0.000501549
110     0.64911    0.833952   -0.446595  0.000603119
120    0.642976    0.831049    -1.11473  0.000666022
130     0.63579    0.827649    0.470346  0.000605538
140    0.630865    0.825318    -1.25403  0.000502715
150    0.625736    0.822891    -1.31622  0.000492299
160    0.621019    0.820659    -1.13018  0.000366151
170    0.618413    0.819426   -0.804828  0.000324586
180    0.614528    0.817587  -0.0743807  0.000431356
190    0.609786    0.815343    -2.06276  0.000389677
200    0.606734    0.813899   -0.260996  0.000442979
210    0.600926    0.811151    -1.45712  0.000537163
220    0.595991    0.808815   -0.773361  0.000444755
230    0.592031    0.806941   -0.711201  0.000304472
240    0.589901    0.805933    0.484206  0.000379205
250    0.584447    0.803352   -0.198973  0.00032877
260    0.583326    0.802822   -0.868079  0.000296706
270    0.578513    0.800544    -0.16913  0.000359786
280     0.57613    0.799417    -1.16332  0.000382155
290     0.57087    0.796927     0.15753  0.00032331
300    0.569664    0.796357    -1.31886  0.000236514
310    0.566139    0.794689   -0.371987  0.000399145
320    0.561681    0.792579   -0.977219  0.000360119
330    0.558937    0.791281   -0.868732  0.000254777
340    0.556586    0.790168   -0.729946  0.00032675
350    0.552402    0.788188   -0.947755  0.000387213
360    0.548841    0.786503   -0.884943  0.000264853
370    0.547105    0.785681   -0.667953  0.000213799
380    0.544565     0.78448    -0.27965  0.000299308
390    0.541119    0.782849    -1.42959  0.000445163
400    0.535662    0.780266    0.109155  0.000392491
410    0.533269    0.779134   -0.233428  0.000276354
420    0.530135    0.777651   -0.186418  0.000280213
430    0.527665    0.776482    0.295087  0.000218818
440    0.525759     0.77558   -0.202265  0.000234404
450    0.522977    0.774263     0.74552  0.000290313
460    0.519952    0.772832  -0.0316483  0.000326255
470    0.516451    0.771176    0.636685  0.00030162
480     0.51392    0.769978   -0.108837  0.000330943
490    0.509833    0.768043    0.388016  0.00027082
500    0.508504    0.767415    0.729218  0.000104356
510    0.507745    0.767056   -0.265001  0.000126541
520    0.505973    0.766217    0.417829  0.000170758
530     0.50433     0.76544   -0.312785  0.000281316
540    0.500346    0.763554    0.293585  0.000288551
550    0.498559    0.762709   -0.607508  0.000379251
560    0.492761    0.759965   -0.296483  0.000364535
570    0.491269    0.759259     0.12265  0.000146046
580     0.48984    0.758583   0.0443855  0.000204301
590    0.487183    0.757325    0.059944  0.000225101
600    0.485338    0.756452    0.339381  9.93595e-05
610    0.485195    0.756385    -0.33018  0.000342298
620    0.478492    0.753213   -0.313802  0.000306664
630    0.479062    0.753482   -0.206179  8.34525e-05
640    0.476823    0.752423   -0.454515  0.000230928
650    0.474444    0.751297    -0.71812  0.000281158
660      0.4712    0.749762   0.0739107  0.000202663
670     0.47039    0.749379   -0.377509  0.00028408
680    0.465519    0.747073    0.633543  0.000361997
690     0.46315    0.745952   -0.158593  0.000114632
700    0.463226    0.745988    -0.93693  0.000194374
710    0.459263    0.744113   -0.423715  0.000263752
720    0.457951    0.743492   -0.594756  0.000281738
730    0.453628    0.741446   -0.423548  0.000299485
740    0.451961    0.740658   -0.905842  0.000269085
750    0.448246      0.7389   -0.905266  0.000304209
760    0.445877    0.737778   -0.688155  0.000143477
770    0.445377    0.737542   -0.284657  0.000159554
780    0.442686    0.736268    -1.12324  0.000199734
790    0.441382    0.735651     -1.3259  0.000134028
800    0.440005       0.735    -1.65221  0.000282657
810    0.435729    0.732976    -1.44986  0.00025515
820    0.434902    0.732585   -0.921857  0.000110784
830    0.433513    0.731928    -1.26382  0.000153023
840    0.431842    0.731137   -0.409735  0.000230385
850    0.428906    0.729747   -0.533917  0.000278199
860    0.426278    0.728504   -0.751073  0.000134893
870    0.426208    0.728471  -0.0372169  0.00016339
880     0.42301    0.726957    -0.45679  0.000241016
890    0.421387    0.726189    -2.35247  0.000289245
900    0.417225     0.72422    -1.57557  0.000266743
910    0.416053    0.723665   -0.628256  0.00014566
920    0.414312    0.722841    -1.59227  0.000326295
930    0.409527    0.720577    -2.47709  0.000325105
940     0.40781    0.719764    -1.43651  0.000182459
950    0.405878     0.71885     -1.6233  0.000221859
960    0.403373    0.717665    -1.51443  0.000348356
970     0.39891    0.715553    -1.38946  0.000242396
980    0.398525    0.715371    -1.91828  0.000198689
990    0.394937    0.713672    -1.42126  0.000279105
1000    0.392943    0.712729    -2.02722  0.000247754
1010    0.389982    0.711328    -2.12042  0.000223212
1020    0.388479    0.710616    -2.50966  0.000146991
1030    0.387042    0.709936    -2.10588  0.000179538
1040    0.384888    0.708917    -2.60284  0.000203091
1050     0.38298    0.708014    -1.08086  0.000273544
1060    0.379417    0.706328    -2.68017  0.000300977
1070     0.37696    0.705166    -1.99721  0.00022264
1080    0.374964    0.704221    -1.95038  0.00012607
1090    0.374439    0.703973   -0.801391  0.000221865
1100    0.370527    0.702121    -1.67088  0.000400615
1110    0.366427    0.700181    -1.53067  0.000206573
1120    0.366395    0.700166    -1.63999  0.000115161
1130    0.364123    0.699091    -1.63984  0.000305267
1140     0.36029    0.697277    -2.12081  0.000209862
1150    0.359926    0.697105    -2.60356  0.000201409
1160    0.356262    0.695371    -2.47917  0.000317875
1170    0.353569    0.694096    -2.89871  0.000147828
1180    0.353305    0.693972    -2.32372   0.0001647
1190    0.350275    0.692538    -3.41174  0.000341605
1200    0.346473    0.690739    -3.10086  0.000229251
1210     0.34569    0.690368    -2.71241  0.000113095
1220    0.344211    0.689668    -1.45465  0.000297879
1230    0.339732    0.687549    -2.86756  0.000324059
1240     0.33773    0.686601    -2.66592  9.78231e-05
1250    0.337776    0.686623    -2.55795  6.50883e-05
1260    0.336428    0.685985    -3.38129  0.000160632
1270    0.334563    0.685103     -3.1021  0.000131592
1280    0.333797     0.68474    -3.08656  8.22619e-05
1290    0.332918    0.684324    -2.97814  0.000209577
1300    0.329605    0.682756    -2.96213  0.000272638
1310    0.327465    0.681744    -3.41319  0.000169908
1320    0.326207    0.681148    -3.25784  0.000157407
1330    0.324317    0.680254     -2.6364  0.000129955
1340    0.323608    0.679918    -3.10265  0.000193349
1350     0.32045    0.678424    -3.19618  0.000280869
1360     0.31799     0.67726    -2.74522  0.000277795
1370    0.314894    0.675795     -3.0403  0.000211474
1380    0.313761    0.675259    -3.45976  9.85354e-05
1390    0.312923    0.674862    -4.01971  9.13113e-05
1400    0.311935    0.674394    -4.33037  0.000166173
1410      0.3096    0.673289    -3.27405  0.000347719
1420     0.30498    0.671103    -3.98839  0.000269815
1430    0.304204    0.670736    -3.27408  0.00012459
1440    0.302489    0.669924    -3.69399  0.000276713
1450    0.298669    0.668117    -2.93238  0.000250947
1460     0.29747    0.667549    -2.60663  0.000140812
1470    0.295853    0.666784     -3.0727  0.000205125
1480    0.293367    0.665608    -2.83943  0.000199886
1490    0.291855    0.664892    -3.27492  0.000234322
1500    0.288681     0.66339     -2.7933  0.000274414
1510    0.286367    0.662295     -3.8652  0.000176841
1520    0.285144    0.661716    -3.64801  0.000273865
1530     0.28089    0.659703    -3.72527  0.000192825
1540    0.281287    0.659891    -3.43079  0.000148061
1550    0.277929    0.658302    -3.57032  0.000250785
1560    0.276272    0.657518    -3.15125  0.000222898
1570    0.273471    0.656192    -3.61707  0.000250003
1580    0.271272    0.655152    -3.60188  0.000166771
1590    0.270135    0.654614    -3.86611  0.000144339
1600    0.268385    0.653786     -4.3011   0.0001351
1610    0.267433    0.653335    -4.64358  0.000173731
1620     0.26491    0.652141    -4.30148  0.000327285
1630    0.260888    0.650238    -4.51882  0.000224422
1640    0.260422    0.650017    -4.50382  0.000248207
1650    0.255923    0.647889     -4.0991  0.000275458
1660    0.254913     0.64741    -4.25528  9.34973e-05
1670    0.254053    0.647004    -4.00705  0.00019588
1680    0.250995    0.645557    -4.92352  0.000169203
1690    0.250669    0.645402    -4.97079  0.00018523
1700     0.24729    0.643803    -5.03263  0.000407895
1710    0.242511    0.641542    -4.25526  0.000296436
1720    0.241362    0.640998    -4.44182  0.000138457
1730    0.239742    0.640232    -4.31768  0.000185357
1740    0.237654    0.639244    -4.34899  0.000168245
1750    0.236377    0.638639    -2.92017  0.000120105
1760    0.235252    0.638107    -4.64482  0.000108744
1770    0.234203     0.63761    -4.45878  0.000173309
1780    0.231786    0.636467     -4.2566  0.000199053
1790    0.230221    0.635726    -4.14826  0.00014881
1800     0.22881    0.635058    -3.82225  0.000160877
1810    0.227004    0.634203    -4.05512  0.000239618
1820    0.224018     0.63279    -3.57301  0.000277468
1830    0.221455    0.631577    -4.33469  0.000142607
1840    0.221165    0.631441    -3.62041  0.000113555
1850    0.219183    0.630503    -3.68303  0.000168913
1860    0.217787    0.629842    -3.65156  0.000254148
1870    0.214101    0.628097    -3.94698  0.000309902
1880    0.211589    0.626909    -4.11751  0.000247471
1890    0.209151    0.625755     -4.0244  0.000149138
1900    0.208606    0.625497     -3.6367  0.000155606
1910    0.206039    0.624282    -3.35668  0.00016378
1920    0.205331    0.623947    -3.44999  0.000128499
1930    0.203469    0.623066    -3.35705  0.000212324
1940    0.201084    0.621938    -3.66751  0.000276548
1950    0.197938    0.620449    -3.88478  0.000207379
1960    0.196937    0.619975    -2.40938  0.000102232
1970    0.195893    0.619481    -2.08341  5.05149e-05
1980    0.195926    0.619497    -3.12467  9.87299e-05
1990    0.193919    0.618547    -3.07781  0.000197039
2000    0.191986    0.617632    -3.23325  0.000219642
2010    0.189526    0.616468    -3.55948  0.000153829
2020    0.188909    0.616176    -3.23353  0.000176458
2030    0.185997    0.614798    -3.14032  0.000200963
2040     0.18489    0.614274    -2.82985  0.000100739
2050    0.183982    0.613845    -3.06342  0.000181754
2060    0.181255    0.612554    -2.95416  0.000242748
2070    0.179127    0.611547    -3.40441  0.000194822
2080    0.177358     0.61071     -3.8085  0.000144654
2090    0.176234    0.610178    -3.93333  9.84095e-05
2100     0.17539    0.609779    -3.70057  6.41808e-05
2110     0.17495    0.609571    -3.52977  0.000137562
2120    0.172639    0.608477    -3.29613  7.66441e-05
2130    0.173417    0.608845    -3.65422  1.61231e-06
2140    0.172607    0.608462    -3.54547  0.000299642
2150    0.167425    0.606009    -3.70048  0.000324658
2160    0.166114    0.605389    -3.91794  9.8516e-05
2170    0.165454    0.605077    -3.60737  8.23937e-05
2180    0.164466    0.604609     -3.4363  0.000123638
2190    0.162982    0.603907    -4.08927  0.000212324
2200    0.160219      0.6026     -4.2133  0.000175734
2210    0.159467    0.602244    -4.61712  6.29716e-05
2220     0.15896    0.602004    -4.72608  0.000120918
2230    0.157048    0.601099    -4.77254  0.00015626
2240    0.155835    0.600525    -4.61727  0.000113278
2250    0.154783    0.600027    -4.74211  0.000175721
2260     0.15232    0.598862    -4.67986  0.000250728
2270    0.149768    0.597654    -5.12997  0.000182831
2280    0.148664    0.597131    -4.54013  0.000168862
2290    0.146391    0.596056     -4.8975  0.000108857
2300    0.146486    0.596101    -4.94419   7.177e-05
2310    0.144956    0.595377    -5.08387  0.000146996
2320    0.143546     0.59471    -5.14641  0.000143186
2330    0.142092    0.594022    -5.09906  0.000174953
2340    0.140047    0.593054    -5.50338  0.00018171
2350    0.138458    0.592302    -4.38494  0.000159107
2360    0.136865    0.591548    -4.80424  9.01468e-05
2370    0.136655    0.591449    -5.03738  0.000124174
2380    0.134382    0.590373    -4.38478  0.000120161
2390    0.134252    0.590311    -4.85134  5.72972e-05
2400    0.133236    0.589831    -4.58741  0.000209471
2410    0.130062    0.588329    -4.88241  0.000108404
2420    0.131068    0.588805    -5.02258  9.40859e-06
2430    0.129874     0.58824    -5.16203  7.17938e-06
2440    0.130924    0.588737     -5.6447  0.000132632
2450    0.127221    0.586985    -5.81532  0.000217689
2460     0.12657    0.586676      -5.178  4.38891e-05
2470    0.126344    0.586569    -5.34899  4.18872e-05
2480    0.125733     0.58628    -5.78485  7.19022e-05
2490    0.124906    0.585889     -5.1011  0.000149037
2500    0.122752    0.584869    -5.03853  0.000202807
2510    0.120849    0.583969    -5.25608  0.000134798
2520    0.120056    0.583594    -5.38049  4.5092e-05
2530    0.119948    0.583542    -4.88347  0.00019998
2540    0.116056    0.581701    -5.44266  0.000303578
2550    0.113876    0.580669    -5.48872  0.000129974
2560    0.113457    0.580471    -5.55124  5.27568e-05
2570    0.112821     0.58017    -5.50481  8.31559e-05
2580    0.111794    0.579684    -5.75369  4.00979e-05
2590    0.112019     0.57979     -5.4592  0.000181049
2600    0.108173     0.57797    -5.36484  0.000202952
2610     0.10796     0.57787    -6.17342  0.000166854
2620    0.104836    0.576391    -5.75375  6.4861e-05
2630    0.106663    0.577256    -5.08593  -5.00612e-05
2640    0.105837    0.576865    -5.35016  9.35849e-05
2650    0.104791     0.57637     -5.9097  0.000128765
2660    0.103262    0.575646    -5.49002  0.000164089
2670    0.101509    0.574817    -5.62978  0.000142613
2680    0.100409    0.574297    -5.89408  0.000112321
2690   0.0992628    0.573754    -5.59886  0.000167533
2700   0.0970587    0.572711    -6.29796  0.000137134
2710   0.0965201    0.572456     -6.2047  0.000216908
2720   0.0927205    0.570658    -6.12665  0.000201894
2730   0.0924822    0.570545    -6.09606  5.24923e-05
2740   0.0916707    0.570161    -5.13346  0.000174184
2750   0.0889985    0.568897     -5.7701  4.83669e-05
2760   0.0907033    0.569703    -6.20549  -3.9909e-05
2770   0.0897967    0.569274    -5.98818  0.000226254
2780   0.0861783    0.567562    -5.49086  0.000146669
2790   0.0868633    0.567886    -5.72415  -1.74008e-05
2800   0.0865263    0.567727    -5.55293  0.000136303
2810   0.0841373    0.566596    -5.55308  4.7246e-05
2820   0.0855814     0.56728    -5.58455  4.76364e-05
2830   0.0831845    0.566145    -5.07171  0.000260193
2840   0.0803775    0.564817     -6.4076  5.46522e-05
2850   0.0820915    0.565628    -6.12835  -5.93945e-05
2860   0.0815654    0.565379    -6.45513  0.000140378
2870    0.079284      0.5643     -6.1287  8.88679e-05
2880    0.079788    0.564538    -6.64186  0.000100588
2890   0.0772722    0.563348    -6.87449  0.000123248
2900   0.0773231    0.563372    -6.85914  9.21175e-05
2910   0.0754298    0.562476    -7.02984  0.000182787
2920   0.0736673    0.561642    -6.71889  0.000101678
2930   0.0733963    0.561513     -6.8276  -3.18669e-05
2940   0.0743047    0.561943    -7.09233  8.86478e-05
2950   0.0716233    0.560674    -5.92704  0.000191094
2960   0.0704828    0.560135    -7.13858  0.000132455
2970   0.0689742    0.559421    -6.65712  7.57311e-05
2980   0.0689682    0.559418    -7.06132  7.83443e-05
2990   0.0674073    0.558679    -7.10807  8.98883e-05
3000   0.0671704    0.558567    -6.82872  3.29249e-05
3010   0.0667488    0.558368    -6.73532  0.000147853
3020   0.0642134    0.557168    -6.95283  0.000111314
3030   0.0645226    0.557314    -7.43468  8.18711e-05
3040   0.0625759    0.556393    -6.82874  -2.18343e-05
3050   0.0649593    0.557521    -6.67409  0.000142431
3060   0.0597273    0.555045    -6.79761  0.00021398
3070   0.0606797    0.555496    -7.03117  9.45864e-05
3080   0.0578356     0.55415    -7.45026  0.000113146
3090   0.0584167    0.554425    -6.78296  8.58389e-05
3100   0.0561188    0.553337    -7.38805  0.000141732
3110   0.0555821    0.553083    -6.62728  -2.31633e-05
3120   0.0565821    0.553557    -6.51903  0.000100538
3130   0.0535714    0.552132    -6.72075  0.000175349
3140   0.0530751    0.551897    -7.23354  0.000211152
3150   0.0493483    0.550133    -7.26414  0.00010603
3160   0.0509545    0.550894    -6.72084  3.45744e-06
3170   0.0492792    0.550101    -7.24883  0.000104323
3180    0.048868    0.549906     -7.0469  8.8232e-05
3190   0.0475145    0.549266    -6.55004  -2.94484e-05
3200    0.049457    0.550185    -6.72166  1.41691e-06
3210   0.0474862    0.549252    -7.18741  0.000192637
3220   0.0456043    0.548362     -7.0785  0.000171885
3230   0.0440485    0.547625      -7.358  0.000103674
3240   0.0435308    0.547381    -7.10945  0.000194299
3250   0.0401625    0.545787    -7.51307  9.95051e-05
3260   0.0415407    0.546439    -7.45173  1.44094e-05
3270   0.0398743     0.54565    -7.99497  0.000121579
3280   0.0391091    0.545288    -7.73071  0.000114859
3290   0.0375771    0.544563    -7.68495  4.09545e-05
3300     0.03829      0.5449    -7.66961  7.71858e-05
3310   0.0360334    0.543833    -7.48282  0.000192385
3320   0.0344423     0.54308    -7.43635  5.12261e-05
3330   0.0350089    0.543348    -7.28096  5.15474e-05
3340   0.0334114    0.542592    -7.18817  0.000191339
3350   0.0311821    0.541537    -7.04803  0.000150826
3360   0.0303949    0.541164     -7.1722  1.47996e-06
3370   0.0311525    0.541523    -7.65427  5.24731e-05
3380   0.0293454    0.540668    -8.25997  8.87925e-05
3390   0.0293766    0.540682     -7.4835  0.00011348
3400   0.0270758    0.539594    -7.34321  0.000162344
3410   0.0261298    0.539146    -7.29692  4.5659e-06
3420   0.0269845     0.53955    -7.48373  1.93279e-05
3430   0.0257432    0.538963     -6.6602  8.76651e-05
3440   0.0252312    0.538721    -7.51477  0.000168755
3450   0.0223681    0.537366    -7.12587  0.00011273
3460   0.0229766    0.537654    -7.48374  -6.9716e-06
3470   0.0225075    0.537432    -7.20406  5.68564e-05
3480   0.0218395    0.537116     -6.6759  0.000150586
3490   0.0194958    0.536007     -7.2816  7.93962e-05
3500   0.0202515    0.536364    -6.75374  -4.36058e-05
3510   0.0203679    0.536419    -7.28222  2.29996e-05
3520   0.0197915    0.536147    -7.03366  0.000139464
3530   0.0175786    0.535099    -7.00263  0.000119897
3540   0.0173936    0.535012    -7.09588  0.00011297
3550   0.0153192     0.53403    -6.19468  7.09004e-05
3560   0.0159756    0.534341    -6.87884  5.13773e-05
3570   0.0142917    0.533544    -6.50572  3.38506e-05
3580   0.0152986     0.53402     -6.6461  8.67205e-05
3590   0.0125573    0.532723    -7.23627  0.000141795
3600   0.0124627    0.532678     -6.6616  0.000154957
3610  0.00945814    0.531257    -6.73878  0.000218029
3620   0.0081021    0.530615     -7.8732  6.03202e-05
3630  0.00825174    0.530686    -7.81116  -4.8934e-06
3640  0.00819997    0.530661    -7.64041  8.3433e-05
3650  0.00658308    0.529896    -7.79583  0.000232735
3660  0.00354528    0.528459    -7.37633  0.000263758
3670  0.00130792      0.5274     -7.2363  1.60908e-05
3680  0.00322346    0.528306    -7.62535  9.77353e-05
3690  -0.000646783    0.526475     -8.4639  9.25082e-05
3700   0.0013733    0.527431     -8.0605  4.9954e-05
3710  -0.00164586    0.526002    -7.62535   0.0001952
3720  -0.0025307    0.525583    -6.83314  9.37362e-05
3730  -0.00352059    0.525115    -7.51671  -3.14637e-05
3740  -0.00190143    0.525881    -6.84932  7.63669e-05
3750  -0.00504793    0.524392    -6.83335  0.000232955
3760  -0.00656053    0.523676    -6.78669  1.77094e-05
3770  -0.00540211    0.524225    -6.81817  -2.84345e-05
3780  -0.00599184    0.523945    -6.64708  8.49067e-05
3790  -0.00710025    0.523421    -7.28432  0.000147198
3800  -0.0089358    0.522552    -7.57954  6.21528e-05
3810  -0.00834331    0.522833     -7.6417  4.4412e-05
3820  -0.00982404    0.522132    -7.25301  0.000130112
3830  -0.0109456    0.521601    -7.14495  0.000166998
3840   -0.013164    0.520551    -7.28457  6.84191e-05
3850  -0.0123139    0.520954    -6.67911  8.81688e-06
3860  -0.0133403    0.520468    -7.22293  0.000210044
3870  -0.0165148    0.518966    -7.00507  0.000176521
3880  -0.0168708    0.518797    -7.22259  -8.94284e-06
3890   -0.016336     0.51905    -7.33161  4.62887e-05
3900  -0.0177965    0.518359    -7.42501  0.000238428
3910  -0.0211045    0.516794    -7.14478  9.40323e-05
3920  -0.0196772    0.517469    -7.08316  4.96889e-06
3930  -0.0212039    0.516747     -6.6015  6.55788e-05
3940  -0.0209888    0.516849    -6.47739  1.82069e-05
3950   -0.021568    0.516575    -7.09906  0.000119091
3960  -0.0233706    0.515721    -6.44646  0.000132682
3970  -0.0242217    0.515319    -6.29128  3.19865e-05
3980  -0.0240103    0.515419    -6.60224  0.000165556
3990  -0.0275328    0.513752    -6.61748  0.000203211
4000  -0.0280745    0.513496    -6.86623  5.15915e-05
4010  -0.0285646    0.513264    -6.54004  0.000161683
4020  -0.0313082    0.511965     -6.6799  0.00021842
4030   -0.032933    0.511196    -6.75751  2.55816e-05
4040  -0.0318198    0.511723    -6.97546  9.32513e-05
4050   -0.034798    0.510314    -6.52465  0.00029832
4060  -0.0377862      0.5089    -6.57103  6.14539e-05
4070  -0.0360271    0.509732    -5.81064  -6.522e-05
4080  -0.0364818    0.509517    -6.09032  9.70991e-05
4090  -0.0379691    0.508813    -6.80495  9.46684e-05
4100  -0.0383752    0.508621    -6.33899  2.97319e-05
4110  -0.0385637    0.508532    -6.52539  7.61842e-05
4120  -0.0398989      0.5079    -7.02224  0.000120074
4130  -0.0409652    0.507395    -6.58711  8.76715e-05
4140  -0.0416523     0.50707    -6.30785  5.23724e-05
4150  -0.0420127      0.5069    -6.60328  -2.30502e-06
4160  -0.0416062    0.507092    -6.19953  0.000113234
4170  -0.0442773    0.505828    -6.44744  0.000146386
4180  -0.0445339    0.505707    -7.30219  8.64118e-05
4190  -0.0460056     0.50501    -7.02259  9.49202e-05
4200  -0.0464323    0.504808    -6.57258  2.61169e-05
4210  -0.0465279    0.504763    -7.56682  9.57884e-06
4220  -0.0466239    0.504718    -7.92418   1.291e-06
4230  -0.0465537    0.504751    -7.41173  0.000126541
4240  -0.0491547     0.50352    -7.08522  9.60792e-05
4250  -0.0484753    0.503841    -7.78455  -9.04173e-05
4260  -0.0473464    0.504376    -6.89935  0.000149894
4270  -0.0514732    0.502423    -7.98659  0.000189223
4280  -0.0511308    0.502585    -7.67597  -6.25998e-06
4290   -0.051348    0.502482    -7.38107  5.27063e-05
4300   -0.052185    0.502086    -6.79068  0.000109204
4310  -0.0535321    0.501449    -7.00818  0.00011802
4320  -0.0545454    0.500969    -6.91476  9.30119e-05
4330  -0.0553923    0.500568    -6.58847  0.000116005
4340  -0.0568655    0.499871    -7.14788  5.39532e-05
4350  -0.0564714    0.500058    -6.63518  5.4309e-05
4360  -0.0579517    0.499357    -6.79109  0.000159683
4370   -0.059665    0.498546    -7.17913  7.18169e-05
4380   -0.059388    0.498677    -7.33457  -3.34978e-05
4390  -0.0589951    0.498863    -6.51157  6.37148e-05
4400  -0.0606623    0.498074    -6.69781  0.000138343
4410  -0.0617619    0.497554    -6.82204  -1.04859e-05
4420  -0.0604526    0.498174    -6.12336  0.00015371
4430  -0.0648361    0.496099    -6.30922  9.3201e-05
4440  -0.0623166    0.497292    -6.40304  -7.04467e-05
4450  -0.0634272    0.496766     -6.6983  4.75829e-05
4460  -0.0632682    0.496841    -6.48099  3.91815e-05
4470  -0.0642108    0.496395    -6.62065  0.000167005
4480  -0.0666083    0.495261    -6.32566  7.43706e-05
4490  -0.0656982    0.495691    -6.12382  -5.62109e-05
4500  -0.0654841    0.495793    -6.46613  1.65064e-05
4510  -0.0660284    0.495535    -6.76119  0.000156916
4520  -0.0686224    0.494307    -5.62651  0.000160231
4530   -0.069233    0.494019    -6.37252  1.12761e-05
4540   -0.068848    0.494201     -6.2019  0.000111417
4550  -0.0714613    0.492964    -6.24814  9.97696e-05
4560  -0.0708433    0.493256    -5.95332  1.48185e-05
4570  -0.0717577    0.492824    -6.60591  7.97804e-05
4580   -0.072439    0.492501    -6.12452  7.12153e-05
4590   -0.073182     0.49215    -5.82946  9.52255e-05
4600  -0.0743435      0.4916    -5.76725  7.77118e-05
4610  -0.0747363    0.491414    -5.61203  2.14376e-05
4620  -0.0747722    0.491397    -5.56535  5.73602e-05
4630  -0.0758835    0.490871    -5.75186  6.94711e-05
4640  -0.0761616     0.49074    -6.12464  5.78135e-05
4650  -0.0770397    0.490324    -6.14024  9.69794e-05
4660  -0.0781012    0.489822     -6.8238  7.92954e-05
4670  -0.0786256    0.489574    -6.37366  9.47189e-05
4680  -0.0799956    0.488925    -6.15594  7.38479e-05
4690  -0.0801026    0.488875    -6.31148  -4.67326e-05
4700  -0.0790609    0.489368    -6.40508  8.35024e-05
4710  -0.0817726    0.488085    -6.45137  0.000110788
4720  -0.0812767    0.488319     -6.3739  -1.01458e-05
4730  -0.0815697    0.488181    -6.70022  -5.29457e-05
4740  -0.0802178     0.48882    -6.31221  8.13581e-05
4750  -0.0831969    0.487411    -6.14108  0.000191418
4760  -0.0840461    0.487009    -6.38952  0.000152482
4770  -0.0862465    0.485967    -5.81469  7.92105e-05
4780  -0.0856304    0.486259    -6.28112  0.000110599
4790  -0.0884585    0.484921    -6.35849  0.000101445
4800  -0.0876592    0.485299    -5.98599  1.25799e-05
4810  -0.0887101    0.484802    -6.17256  7.12626e-05
4820  -0.0890845    0.484624    -6.56119  0.000139817
4830  -0.0915064    0.483478    -5.86215  0.000152589
4840  -0.0921363     0.48318    -6.04866  4.12915e-05
4850  -0.0923323    0.483088    -5.31828  -2.19196e-06
4860  -0.0920924    0.483201     -5.8311  1.9737e-05
4870   -0.092727    0.482901    -5.64492  0.000235789
4880  -0.0968082    0.480969    -6.12629  0.00019246
4890  -0.0965762    0.481079    -6.01768  -1.07124e-05
4900   -0.096594    0.481071    -5.90888  -3.28273e-05
4910  -0.0959197     0.48139    -5.70716  5.0161e-06
4920  -0.0966943    0.481023    -5.38145  0.000115552
4930  -0.0982307    0.480296    -5.48996  0.000160275
4940  -0.0998998    0.479506    -6.29773  8.15406e-05
4950  -0.0998615    0.479525    -5.75415  5.34084e-05
4960   -0.100968    0.479001     -5.7076  -2.30026e-05
4970  -0.0994015    0.479742     -5.7857  0.000146427
4980   -0.103897    0.477615    -5.52089  0.000108042
4990   -0.101562     0.47872    -5.42801  6.96566e-05
