Time   C(t)   
ps   
0           1           1  1.48332e-09   0.0652012
10    0.350252    0.834184    0.239859   0.0334492
20    0.331016    0.829275   -0.767731  0.00169724
30    0.316307    0.825522    -1.10491  0.00116434
40    0.307729    0.823333      1.8439  0.000535299
50    0.305601     0.82279   -0.483671  0.000357476
60    0.300579    0.821508  -0.0455143  0.000442807
70    0.296745     0.82053    -0.58796  0.000413765
80    0.292304    0.819396   -0.846093  0.000619334
90    0.284358    0.817368    -1.49341  0.000480446
100    0.282695    0.816944    -1.21016  0.000656901
110     0.27122    0.814016     -1.8038  0.000537494
120    0.271945    0.814201    -1.15805  0.000544173
130    0.260337    0.811238     -1.3902  0.000308801
140    0.265769    0.812625    -1.75248  -0.000327767
150    0.266892    0.812911   -0.409426  0.000229567
160    0.261178    0.811453    -1.52088  0.000773413
170    0.251424    0.808964     -1.1841  0.000573228
180    0.249713    0.808527    -1.10716  0.000125831
190    0.248907    0.808321    -1.41697  0.000196798
200    0.245777    0.807523    -1.10582  0.000166751
210    0.245572     0.80747   -0.899614  0.000212833
220    0.241521    0.806436    -2.21876  0.000334599
230     0.23888    0.805762   -0.615048  0.000325198
240    0.235017    0.804776   -0.331393  0.000341139
250    0.232058    0.804021    -1.21008  0.000265593
260    0.229705    0.803421    -1.65018  0.000494962
270    0.222158    0.801495    -1.80481  0.000261623
280    0.224472    0.802086     -3.3836  -2.78287e-05
290    0.222715    0.801637    -2.42653  0.00038506
300    0.216771     0.80012   -0.718958  0.000171223
310     0.21929    0.800763    -1.57344  1.35697e-05
320      0.2165    0.800051    -2.50469  0.000182119
330    0.215648    0.799834    -1.46988  -0.000129872
340    0.219097    0.800714   -0.823929  -6.32487e-05
350    0.216913    0.800156    -0.25485  0.000572843
360     0.20764     0.79779    -1.72902  0.000249898
370    0.211915    0.798881    -1.59992  0.000261459
380    0.202411    0.796456   -0.668595  0.000426073
390    0.203394    0.796706    -2.03952  6.15433e-05
400     0.20118    0.796141   -0.901634  2.53998e-05
410    0.202886    0.796577    -1.54829  -0.000279164
420    0.206764    0.797566   -0.979869  0.000139225
430    0.200101    0.795866    -1.23778  0.000144131
440    0.203881    0.796831    -1.73024  0.000119046
450     0.19772    0.795258   -0.721105  0.000160304
460    0.200675    0.796012    -3.38547  2.09272e-05
470    0.197302    0.795152    -1.31697  0.000316919
480    0.194337    0.794395    -1.39377  -8.82506e-05
490    0.199067    0.795602    -1.08406  -0.000155773
500    0.197452     0.79519    0.726081  0.000437985
510    0.190307    0.793367    -1.26502  0.000370812
520    0.190036    0.793297    -0.59291  7.93524e-05
530     0.18872    0.792962    0.287545  -7.74719e-05
540    0.191585    0.793693    -2.94638  -0.000156007
550     0.19184    0.793758    -1.49879  0.000268093
560    0.186223    0.792324   -0.515584  0.000179176
570    0.188257    0.792843    -1.57621  1.71438e-05
580     0.18588    0.792237   -0.773944  2.74785e-05
590    0.187707    0.792703    -2.45533  -7.22989e-05
600    0.187326    0.792606      -1.654  0.000159312
610    0.184521     0.79189    -1.31798  0.000317794
620    0.180971    0.790984    -1.29218  0.000350154
630    0.177518    0.790103   -0.825874  1.25423e-05
640     0.18072     0.79092    -1.49939  9.75579e-05
650    0.175566    0.789605    -0.43894  -2.45355e-05
660     0.18121    0.791045   -0.878788  3.42987e-05
670     0.17488     0.78943    -1.39508  0.00035764
680    0.174058     0.78922   -0.670994  -0.000183322
690    0.178547    0.790365    -1.05906  0.000199566
700    0.170066    0.788201   -0.412028  0.000343078
710    0.171685    0.788614   -0.748573  -0.000210111
720    0.174269    0.789274   -0.257956  0.00024316
730    0.166822    0.787373   -0.981713  0.000312621
740    0.168016    0.787678   -0.490718  -2.3251e-05
750    0.167287    0.787492    -1.03379  -4.48443e-05
760    0.168913    0.787907    0.880001  0.000175031
770    0.163787    0.786599    -1.13664  0.000142787
780    0.166057    0.787178   -0.128852  -0.00015199
790    0.166826    0.787374    -1.70537  0.000299472
800    0.160068     0.78565  -0.0505404  0.000245869
810    0.161909    0.786119   -0.904766  -9.27702e-05
820    0.161923    0.786123   -0.360982  3.63775e-05
830    0.161181    0.785934   -0.853443  0.000339025
840    0.155143    0.784393   -0.231903  9.06683e-05
850    0.159368    0.785471   0.0265584  -0.000179316
860    0.158729    0.785308   -0.646607   0.0001616
870    0.156136    0.784646    -0.93039  -7.15166e-05
880    0.160159    0.785673   -0.698335  0.000303431
890    0.150067    0.783097     1.19024  0.00039042
900    0.152351     0.78368    0.103658  -0.000272227
910    0.155512    0.784487   0.0776544  -0.000327358
920    0.158898    0.785351    0.568751  0.000108419
930    0.153344    0.783934   -0.620832  8.09871e-05
940    0.157278    0.784938    0.361386  0.000163656
950    0.150071    0.783098   -0.983203  0.000135921
960     0.15456    0.784244  -0.0262803  -6.0305e-05
970    0.151277    0.783406     1.06013  0.000268291
980    0.149194    0.782875   -0.672509  0.000153566
990    0.148205    0.782622    0.181059  0.000219979
1000    0.144795    0.781752    0.542547  -5.30183e-06
1010    0.148311    0.782649   -0.233747  -0.00028603
1020    0.150515    0.783212   -0.362826  -3.29904e-05
1030    0.148971    0.782818    -0.25975  0.00014907
1040    0.147534    0.782451   -0.750998  6.64242e-05
1050    0.147643    0.782479   -0.880152  2.23525e-05
1060    0.147087    0.782337    -0.69975  -0.000116149
1070    0.149966    0.783071   -0.648502  0.000183345
1080     0.14342    0.781401   -0.311729  0.000588725
1090    0.138191    0.780067    -1.34684  -4.83468e-06
1100    0.143517    0.781426   -0.415261  -0.000355059
1110    0.145292    0.781879    -1.60558  2.85998e-05
1120    0.142945     0.78128   0.0755837  -0.000127758
1130    0.147847    0.782531    0.127084  0.000313497
1140    0.136675     0.77968  -0.00189423  0.000481112
1150    0.138225    0.780075    0.283908  -3.21023e-05
1160    0.137317    0.779843   -0.105122  0.000169378
1170    0.134838    0.779211    0.670236  -0.000531655
1180     0.14795    0.782557    -1.03771  -0.000251101
1190     0.13986    0.780492   -0.623762  0.000613132
1200    0.135687    0.779428   0.0754319  0.000451496
1210     0.13083    0.778188   -0.881137  -7.72856e-05
1220    0.137233    0.779822   -0.313725  0.000115017
1230    0.128529    0.777601   -0.727066  0.000261191
1240    0.132009    0.778489   -0.235413  -0.000302963
1250    0.134589    0.779147  -0.00338442  8.13611e-05
1260    0.130382    0.778074   -0.753372  0.000455175
1270    0.125485    0.776824    0.126402  0.000320025
1280    0.123981     0.77644  -0.0805849  0.000150472
1290    0.122476    0.776056    0.333489  8.60691e-06
1300    0.123809    0.776396   -0.313447  -0.000218928
1310    0.126854    0.777173    -0.44283  4.86039e-05
1320    0.122837    0.776148   -0.132463  0.000447829
1330    0.117898    0.774888   0.0484439  -0.000111187
1340    0.125061    0.776716    0.151192   0.0001181
1350    0.115536    0.774285    -1.16707  0.000300675
1360    0.119047    0.775181    0.255228  -0.000122211
1370     0.11798    0.774909   -0.210547  -0.000185891
1380    0.122765     0.77613    -1.29708  -2.50846e-05
1390    0.118482    0.775037     1.26355  0.000198749
1400     0.11879    0.775115   -0.495391  0.00021101
1410    0.114261     0.77396    0.798835  0.000263141
1420    0.113527    0.773772   -0.804797  0.000212003
1430    0.110021    0.772878    0.436743  0.000142974
1440    0.110668    0.773043     0.53949  -0.000116862
1450    0.112359    0.773474   -0.314786  -1.86499e-05
1460    0.111041    0.773138   0.0479387  -3.6284e-05
1470    0.113084    0.773659   -0.288606  -0.000291671
1480    0.116874    0.774627     -0.2108  0.000254371
1490    0.107997    0.772361    0.227962  0.00060929
1500    0.104688    0.771517    0.694623  -0.000164135
1510     0.11128    0.773199   -0.469918  -9.97074e-05
1520    0.106683    0.772026    0.978228  0.000623841
1530   0.0988027    0.770015    0.254824  5.77129e-05
1540    0.105528    0.771731    0.253965  -0.000778762
1550    0.114378    0.773989     1.77931  0.000339457
1560   0.0987392    0.769998    0.616261  0.000415108
1570    0.106076    0.771871   0.0727043  -0.000475927
1580    0.108258    0.772428    0.771216  -0.000247832
1590    0.111032    0.773136    0.821909  8.74218e-05
1600    0.106509    0.771981    0.408314  0.000364378
1610    0.103745    0.771276     1.21091  0.000530708
1620   0.0958951    0.769273     0.72012  3.50691e-05
1630    0.103044    0.771097     1.05624  -0.000313181
1640    0.102159    0.770871     1.05634  0.000284091
1650   0.0973617    0.769647       1.832  -0.000296926
1660    0.108097    0.772387    0.486626  -0.000373884
1670    0.104839    0.771555     1.39202  0.000177471
1680    0.104548    0.771481    0.952099  0.000207845
1690    0.100682    0.770494    0.900043  0.000565813
1700   0.0932316    0.768593   -0.366791  -0.000197055
1710    0.104624      0.7715   0.0975703  -0.000626655
1720    0.105765    0.771791    0.770004  0.000190948
1730    0.100805    0.770526     1.77918  0.000526516
1740   0.0952344    0.769104     1.18471  5.86249e-06
1750    0.100687    0.770496    0.977293  -0.000455829
1760    0.104351    0.771431    0.536838  -6.01534e-05
1770     0.10189    0.770803    0.976258   0.0005413
1780    0.093525    0.768668    0.614745  0.000295116
1790   0.0959881    0.769296     1.00307  -2.93702e-05
1800   0.0941124    0.768818  -0.00608725  0.000145543
1810   0.0930772    0.768554    0.641026  -7.18553e-05
1820   0.0955495    0.769184    0.407608  -0.000441301
1830    0.101903    0.770806   -0.369291  0.000140043
1840   0.0927486     0.76847    0.355653  0.000746612
1850    0.086971    0.766995    -0.54876  0.000116476
1860   0.0904191    0.767875    0.640344  -0.000241829
1870   0.0918076     0.76823    0.511442  -0.000102428
1880   0.0924676    0.768398     0.51081  0.000281721
1890   0.0861732    0.766792    0.226574  -8.46073e-05
1900   0.0941598     0.76883   -0.213755  -0.000206258
1910   0.0902983    0.767844    0.847785  -0.000146256
1920   0.0970849    0.769576     1.23482  0.000228095
1930   0.0857364     0.76668    0.562715  0.00031352
1940   0.0908145    0.767976     1.23464  -0.000121136
1950   0.0881591    0.767298    0.768994  0.000431982
1960   0.0821749    0.765771    0.743951  0.000204844
1970   0.0840623    0.766253    0.122562  -9.64373e-05
1980   0.0841036    0.766263    0.950281  -4.12468e-05
1990   0.0848872    0.766463     1.85535  0.000100945
2000   0.0820847    0.765748    0.509926  -0.000134356
2010   0.0875743    0.767149     1.41489  7.05004e-05
2020   0.0806747    0.765388     1.20874  0.000492066
2030    0.077733    0.764638  -0.00755184  -2.8646e-05
2040   0.0812476    0.765535    0.794541  -4.69457e-05
2050   0.0786719    0.764877   -0.188864  -0.000315448
2060   0.0875566    0.767145     1.15573  -0.000440367
2070   0.0874792    0.767125    0.818751  0.00039522
2080   0.0796522    0.765127    0.509067  -1.71784e-05
2090   0.0878228    0.767213    0.844729  0.000134145
2100   0.0769693    0.764443     1.44052  0.000308966
2110   0.0816435    0.765636     0.53459  3.43218e-05
2120   0.0762828    0.764268    0.871237  0.000216114
2130   0.0773212    0.764533     1.59555  2.82142e-05
2140   0.0757185    0.764124    0.664554  0.000154208
2150   0.0742371    0.763746     1.15575  -0.00012944
2160   0.0783073    0.764784     0.94927  -5.36021e-05
2170   0.0753091    0.764019     3.25109  2.79136e-06
2180   0.0782515     0.76477     2.19018  0.000180624
2190   0.0716966    0.763097      1.5702  0.000205837
2200   0.0741348    0.763719       1.284  2.26904e-05
2210   0.0712428    0.762981      1.1299  2.24572e-05
2220   0.0736856    0.763605     2.21494  -0.000136399
2230   0.0739708    0.763678     1.54294  0.000443368
2240   0.0648182    0.761342     2.21588  0.000118287
2250   0.0716051    0.763074     1.74929  0.000106912
2260     0.06268    0.760796     1.15542  0.000131763
2270   0.0689698    0.762401     2.62899  -0.000520794
2280   0.0730959    0.763454    0.792471  0.000267182
2290   0.0636262    0.761038     1.85335  0.00031199
2300   0.0668561    0.761862     2.00833  -2.73969e-05
2310   0.0641741    0.761177     1.41315  0.000204086
2320   0.0627744     0.76082     1.95709  7.56271e-05
2330   0.0626616    0.760791     1.72372  -0.000104962
2340   0.0648736    0.761356     1.80057  0.000127863
2350   0.0601043    0.760139      2.3957  0.000134157
2360   0.0621905    0.760671     2.73222  0.000550001
2370   0.0491043    0.757332     1.05146  6.9928e-05
2380   0.0607919    0.760314     1.49023  -0.000428969
2390   0.0576837    0.759521      1.9303  0.00044143
2400   0.0519633    0.758061     2.16311  0.000188145
2410   0.0539208    0.758561    0.843592  5.86238e-05
2420   0.0507908    0.757762     1.23197  9.1077e-05
2430   0.0520992    0.758096     1.72301  -0.000248777
2440   0.0557664    0.759032     2.03333  -0.000190224
2450   0.0559037    0.759067     1.36069  -1.38268e-05
2460   0.0560429    0.759102     1.90402  -7.35745e-07
2470   0.0559184    0.759071     1.02392  -0.000191508
2480   0.0598731     0.76008    0.403162  -4.68172e-05
2490   0.0568548     0.75931     2.10995  0.00038144
2500   0.0522443    0.758133     1.80064  -2.72799e-05
2510   0.0574004    0.759449     1.46427  -0.000350832
2520   0.0592609    0.759924    0.816327  6.53619e-05
2530   0.0560931    0.759115      1.5416  0.000224358
2540   0.0547737    0.758779     2.49804  0.000344701
2550   0.0491991    0.757356     1.25736  -0.00024003
2560   0.0595743    0.760004    0.997335  -3.31657e-05
2570   0.0498624    0.757525     1.10137   0.0001989
2580   0.0555963    0.758988     1.33418  -0.000534118
2590   0.0605448    0.760251     1.74715  8.62656e-05
2600    0.053871    0.758548    0.919479  0.000427253
2610   0.0519997    0.758071     0.99731  0.000261144
2620   0.0486481    0.757215     2.75698  0.000181056
2630   0.0483786    0.757146     2.00679  0.000195198
2640   0.0447442    0.756219     1.95489  0.000121557
2650   0.0459475    0.756526     1.72178  0.000155925
2660   0.0416257    0.755423     1.33373  0.000115426
2670    0.043639    0.755937    0.842759  -7.99129e-05
2680   0.0432239    0.755831     2.13542  -0.000114176
2690   0.0459225     0.75652    0.609163  -0.000392172
2700   0.0510674    0.757833     1.17817  -0.000325128
2710    0.052425    0.758179    0.505026  0.000387372
2720   0.0433199    0.755856     1.30747  0.00058514
2730   0.0407223    0.755193     2.78225  -0.000183007
2740     0.04698     0.75679      1.9794  -0.000374071
2750   0.0482037    0.757102     0.47958  -5.4151e-05
2760   0.0480631    0.757066     2.05756  0.000246745
2770   0.0432688    0.755842     1.02261  0.000329332
2780   0.0414764    0.755385     1.92863  0.000152001
2790   0.0402287    0.755067     1.64354  -1.24721e-05
2800   0.0417259    0.755449    0.971231  -0.00030823
2810   0.0463933     0.75664    0.867094  4.95031e-05
2820   0.0407358    0.755196     2.10856  8.33929e-05
2830   0.0447255    0.756214     2.03093  -0.000496212
2840     0.05066    0.757729     0.53012   0.0002085
2850   0.0405555     0.75515   0.0648744  0.000332649
2860   0.0440071    0.756031     1.02248  -0.0002623
2870   0.0458015    0.756489    0.220638  4.26482e-05
2880   0.0431541    0.755813     2.10861  0.00025123
2890   0.0407769    0.755207     1.40972  0.000231062
2900   0.0385329    0.754634     0.66026  -0.000103316
2910   0.0428432    0.755734     1.33181  5.76194e-05
2920   0.0373805     0.75434    0.893047  1.50997e-05
2930   0.0425412    0.755657      1.2283  -3.31772e-05
2940    0.038044    0.754509    0.917811  -0.000104157
2950   0.0446244    0.756188     1.38263  -1.2297e-05
2960     0.03829    0.754572     1.43529  0.000578051
2970   0.0330633    0.753238      2.5219  0.000185097
2980    0.034588    0.753627      2.1339  9.43235e-05
2990   0.0311769    0.752757     1.38387  -1.89418e-05
3000   0.0349668    0.753724    0.762528  -7.50781e-05
3010   0.0326784     0.75314     1.46137  0.000101529
3020   0.0329363    0.753206     1.30616  -0.00016076
3030   0.0358936     0.75396    0.477963  -0.000402776
3040   0.0409918    0.755261     2.23658  -5.4805e-05
3050   0.0369897     0.75424    0.296146  0.00068598
3060   0.0272722     0.75176    0.788127  0.000351871
3070   0.0299523    0.752444     1.87509  -0.000125375
3080   0.0297797      0.7524     1.22702  0.000268011
3090   0.0245921    0.751076     2.18515  0.000160818
3100   0.0265633    0.751579     1.92568  -3.93433e-05
3110   0.0253789    0.751277    0.968908  -3.69027e-06
3120   0.0266371    0.751598     1.92588  1.08605e-05
3130   0.0251617    0.751222    0.735818  1.79375e-05
3140   0.0262784    0.751507     1.69282  0.000169892
3150   0.0217639    0.750354     1.07198  3.25117e-05
3160   0.0256282    0.751341     1.17549  -0.000423282
3170   0.0302295    0.752515      1.0196  0.000141561
3180   0.0227969    0.750618     1.22719  0.000417233
3190   0.0218849    0.750385    0.787193  -0.000337962
3200   0.0295562    0.752343    0.786308  -6.86085e-05
3210    0.023257    0.750735      1.4594  0.00044832
3220   0.0205898    0.750055    0.657684  0.00010634
3230   0.0211302    0.750193   -0.221333  -0.000149245
3240   0.0235747    0.750817    0.683711  -4.69456e-05
3250   0.0220692    0.750432   0.0373305  5.53889e-05
3260   0.0224669    0.750534   -0.454852   -3.25e-05
3270   0.0227192    0.750598    0.968302  -0.000341956
3280    0.029306    0.752279   -0.506782  0.000277015
3290   0.0171789    0.749184    0.657961  0.000313427
3300   0.0230375    0.750679    -1.23074  -0.000446159
3310   0.0261021    0.751462    0.294554  0.00026341
3320   0.0177693    0.749335    0.812589  0.000100081
3330   0.0241004    0.750951    0.500934  -0.000277388
3340   0.0233171    0.750751    0.321315  6.35519e-05
3350   0.0228294    0.750626    0.217001  0.000548155
3360    0.012354    0.747953   -0.558332  0.000243043
3370   0.0179685    0.749386    0.708982  -0.000203501
3380    0.016424    0.748992   -0.610287  -1.00431e-05
3390   0.0181694    0.749437   -0.532658  -0.000159791
3400   0.0196198    0.749807    0.165703  0.000207717
3410    0.014015    0.748377    -1.23084  0.000636453
3420  0.00689074    0.746559   -0.325773  -6.22322e-05
3430   0.0152597    0.748695   -0.326202  -0.000438405
3440   0.0156588    0.748796    0.682322  0.000360501
3450  0.00804967    0.746855    0.217052  0.000315587
3460   0.0093471    0.747186  -0.0152558  -4.65253e-05
3470  0.00898018    0.747092    0.424315  -0.000190971
3480   0.0131665     0.74816    0.526937  -0.00026724
3490    0.014325    0.748456   -0.740553  -0.00025311
3500   0.0182287    0.749452     0.24217  0.000280086
3510  0.00872326    0.747026    0.578867  0.000524309
3520  0.00774254    0.746776    0.578791  1.41188e-05
3530  0.00844089    0.746954    -1.07672  -0.000108255
3540  0.00990765    0.747329     2.13067  0.00059732
3550  -0.00350551    0.743906    0.216976  0.00043663
3560  0.00117504      0.7451    0.294833  -0.000399517
3570  0.00448483    0.745945    0.216849  -0.000531876
3580   0.0118126    0.747815     0.96613  -0.000162582
3590  0.00773647    0.746775     0.42376  0.000307623
3600  0.00566011    0.746245    0.863078  4.54159e-05
3610  0.00682815    0.746543    0.397201   0.0001467
3620  0.00272612    0.745496    0.319825  -8.65343e-06
3630  0.00700122    0.746587   -0.249583  0.000272063
3640  -0.00271514    0.744107    0.475362  0.000326378
3650  0.000473661    0.744921    0.629963  -0.000202264
3660  0.00133013     0.74514   -0.223681  -3.1192e-05
3670   0.0010975     0.74508   -0.249305  -4.67116e-08
3680  0.00133106     0.74514     1.43228  -3.12738e-05
3690  0.00172298     0.74524    0.578868  0.000219909
3700  -0.00306712    0.744018     1.06966  0.000125749
3710  -0.000792005    0.744598    0.707542  -0.000401234
3720  0.00495756    0.746065    0.758537  0.000316008
3730  -0.00711216    0.742985   0.0093327  0.000615958
3740  -0.0073616    0.742922    0.629988  -8.57518e-05
3750  -0.00539712    0.743423    0.500404  8.8648e-05
3760  -0.00913456    0.742469    0.371805  -0.000221334
3770  -0.000970445    0.744553     1.50898  -0.000268863
3780  -0.00375729    0.743841     0.93947  0.00028721
3790  -0.00671464    0.743087    0.474199  -6.30381e-05
3800  -0.00249653    0.744163    0.370744  -0.000118672
3810  -0.00434119    0.743692    0.318814  -0.000151534
3820  0.000534153    0.744937   -0.275763  8.11273e-05
3830  -0.00596374    0.743278    0.499899  0.000466047
3840  -0.00878679    0.742558   0.0602012  4.13636e-05
3850  -0.00679101    0.743067    0.809911  -0.000135395
3860  -0.00607889    0.743249    0.706355  0.000211186
3870  -0.0110147    0.741989     1.37917  0.00030844
3880  -0.0122477    0.741675    0.965423  -0.000208546
3890  -0.0068438    0.743054     1.37859  -0.000606195
3900  -0.000123787    0.744769      1.3006  -3.12037e-05
3910  -0.00621972    0.743213    0.990541  0.000716401
3920  -0.0144518    0.741112    0.809961  -0.000194428
3930  -0.00233117    0.744205     1.99904  -0.000209714
3940  -0.0102575    0.742183    0.654653  0.000245939
3950  -0.00724996     0.74295     1.19773  1.01132e-05
3960  -0.0104598    0.742131     1.43024  -0.000400697
3970  0.000763977    0.744995     1.11924  0.000158074
3980  -0.0136213    0.741324     1.22282  0.000741088
3990  -0.0140578    0.741213     1.01629  -0.000385142
4000  -0.00591843     0.74329    0.937702  -0.000253565
4010  -0.00898648    0.742507     2.10232  0.000266002
4020  -0.0112385    0.741932    0.731272  0.000407902
4030  -0.0171445    0.740425    0.886909  0.000109984
4040  -0.0134382    0.741371     1.04103  -0.000129977
4050   -0.014545    0.741088    0.782746  0.000444022
4060  -0.0223186    0.739105     2.41253  5.26797e-05
4070  -0.0155986     0.74082      0.8346  -0.000188297
4080  -0.0185527    0.740066    0.990061  -0.000114398
4090  -0.0133106    0.741403      1.3257  9.56081e-05
4100  -0.0204648    0.739578     1.27427  2.46409e-06
4110  -0.0133599    0.741391     1.68761  -4.6864e-05
4120  -0.0195275    0.739817     1.58461  0.000432438
4130  -0.0220087    0.739184     1.35145  -4.92819e-06
4140   -0.019429    0.739842     2.15349  -0.000309036
4150  -0.0158279    0.740761     1.63579  0.000232381
4160  -0.0240766    0.738656     1.61084  2.94289e-06
4170  -0.0158868    0.740746     1.35178  -0.000114737
4180  -0.0217819    0.739242    0.523553  -0.000175965
4190  -0.0123675    0.741644    0.523629  -0.000158086
4200  -0.0186202    0.740048    0.912078  0.000429647
4210  -0.0209604    0.739451    0.600929  -5.1734e-06
4220  -0.0185167    0.740075     1.55828  -0.000219115
4230  -0.0165781     0.74057    0.342241  0.000106527
4240  -0.0206472    0.739531    -0.74414  0.000442014
4250  -0.0254184    0.738313    0.238836  0.000288319
4260  -0.0264136     0.73806     1.42903  0.000246465
4270  -0.0303477    0.737056    0.653188  0.000134554
4280  -0.0291047    0.737373    0.963731  -0.000488492
4290  -0.0205779    0.739549     1.16925  -6.41124e-05
4300  -0.0278225      0.7377     1.40305  0.000325619
4310  -0.0270902    0.737887    0.444812  -0.00016918
4320  -0.0244389    0.738563    0.444989  -3.74867e-06
4330  -0.0270153    0.737906     1.19513  0.000328024
4340  -0.0309994    0.736889    0.212177  1.37334e-05
4350  -0.0272899    0.737836   0.0054939  -0.000134648
4360  -0.0283064    0.737576     1.16907  0.000216055
4370   -0.031611    0.736733     1.42769  0.00030461
4380  -0.0343986    0.736022      1.5062  0.000182236
4390  -0.0352558    0.735803    0.470992  -0.000179235
4400  -0.0308139    0.736937    0.781257  -2.00162e-05
4410  -0.0348554    0.735905    0.263551  8.55649e-05
4420  -0.0325252      0.7365    0.858608  -0.000100174
4430   -0.032852    0.736416  -0.0726157  0.000264181
4440  -0.0378088    0.735151    0.703577  0.000434131
4450  -0.0415346    0.734201     1.35056  7.0652e-06
4460  -0.0379501    0.735115    0.625922  -0.000430744
4470  -0.0329197    0.736399   -0.177005  0.000275999
4480  -0.0434701    0.733707    0.470461  0.000167837
4490  -0.0362764    0.735543     1.09051  -0.000675703
4500   -0.029956    0.737155     1.03851  0.000142028
4510   -0.039117    0.734818    0.754849  0.000737164
4520  -0.0446993    0.733393    0.677119  0.000342085
4530  -0.0459587    0.733072    0.625139  -9.13339e-05
4540  -0.0428726    0.733859    0.262642  -9.12406e-05
4550  -0.0441339    0.733537   -0.978341  -5.55407e-05
4560  -0.0417618    0.734143    0.702465  -0.000456436
4570  -0.0350052    0.735867    0.366551  -0.000220353
4580  -0.0373548    0.735267    0.961407  -4.81835e-05
4590  -0.0340415    0.736113   -0.410246  7.14697e-06
4600  -0.0374977    0.735231    0.288366  0.000272787
4610  -0.0394972    0.734721    0.753738  -0.000195175
4620  -0.0335942    0.736227   -0.720411  -0.000287315
4630  -0.0337509    0.736187   -0.384193  0.000357348
4640  -0.0407412    0.734403    0.934899  0.000182259
4650  -0.0373961    0.735257    0.133134  0.000211664
4660  -0.0449745    0.733323    0.702061  5.36606e-05
4670  -0.0384693    0.734983     1.19303  -0.000158728
4680  -0.0417999    0.734133    0.960699  0.00018456
4690  -0.0421605    0.734041  -0.0479771  0.000232206
4700   -0.046444    0.732948    0.934646  3.62018e-05
4710  -0.0428846    0.733856    0.107054  -9.40548e-05
4720  -0.0445629    0.733428    0.469072  4.59764e-05
4730  -0.0438041    0.733621   -0.125909  0.000206269
4740  -0.0486883    0.732375    0.184583  -0.00010453
4750  -0.0417135    0.734155    0.210762  -5.66034e-05
4760  -0.0475562    0.732664   -0.100159  -5.80633e-05
4770  -0.0405522    0.734451    0.960422  -0.000294041
4780  -0.0416754    0.734165   -0.281647  0.000188519
4790  -0.0443226    0.733489    0.754244  -1.28448e-06
4800  -0.0416497    0.734171     1.60688  -0.000115204
4810  -0.0420185    0.734077     0.77921  0.000466853
4820  -0.0509868    0.731788     2.02113  5.61947e-05
4830  -0.0431424     0.73379   -0.255393  -0.000133749
4840  -0.0483118    0.732471    0.287836  -9.71029e-05
4850  -0.0412004    0.734286   -0.177687  -2.32831e-08
4860  -0.0483113    0.732471   -0.100361  0.000278381
4870   -0.046768    0.732865    0.908643  -0.000289966
4880   -0.042512    0.733951    0.519865  0.000183707
4890  -0.0504421    0.731927    0.856436  0.000386964
4900  -0.0502513    0.731976   -0.100664  -0.000582956
4910   -0.038783    0.734903   -0.411763  -0.000194404
4920  -0.0463632    0.732968    0.649071  0.000398338
4930  -0.0467498     0.73287    0.933712  0.000214748
4940  -0.0506582    0.731872   -0.282077  5.8507e-05
4950  -0.0479199    0.732571  -0.0235398  -0.0005985
4960  -0.0386882    0.734927   -0.204574  0.000294999
4970  -0.0538199    0.731065   -0.488558  0.000214993
4980   -0.042988     0.73383   -0.334259  -0.000305077
4990  -0.0477183    0.732623    0.674846  -0.000825147
