Time   Number   
ps   
0          10          12
10          11          11
20          10          10
30          12          12
40          10          12
50          12          12
60          11          17
70          12          16
80          11          17
90          12          12
100           9          15
110           9           9
120          10          14
130           8          14
140          11          13
150           8          12
160          10          12
170           9          11
180          10          12
190          11          13
200          10          14
210          11          13
220          11          11
230          11          11
240          10          12
250          11          11
260          11          11
270          11          11
280          10          12
290          11          11
300          11          11
310           9          11
320          10          10
330          10          12
340          10          10
350           9          13
360           9          11
370           9          11
380           9           9
390           9          11
400           8          10
410          11          13
420          10          12
430          10          10
440          12          12
450          10          10
460           9           9
470          11          11
480          11          13
490           8          12
500          10          12
510           9           9
520           9          13
530          10          10
540           8           8
550          10          12
560           9           9
570           9          11
580           9          11
590          10          10
600           9          11
610           8           8
620           7           9
630           8          10
640           9           9
650           7          13
660          10          10
670           9           9
680           9           9
690           8           8
700           8           8
710           9          13
720           8          14
730           7          11
740           9          15
750          11          11
760          10          10
770          11          13
780          10          10
790           8           8
800          10          10
810          11          11
820          13          13
830          12          14
840          11          13
850          13          13
860          11          13
870          12          12
880          13          13
890          12          12
900          13          13
910          12          12
920          13          13
930          13          13
940          14          16
950          13          13
960          14          14
970          14          14
980          15          15
990          13          13
1000          12          14
1010          13          15
1020          13          13
1030          12          16
1040          15          15
1050          13          15
1060          13          13
1070          15          15
1080          14          16
1090          13          17
1100          13          15
1110          12          16
1120          13          15
1130          10          14
1140          14          16
1150          15          15
1160          11          13
1170          11          13
1180          12          14
1190          13          13
1200          14          14
1210          13          13
1220          12          14
1230          10          10
1240          14          14
1250          12          12
1260          10          14
1270          14          14
1280          11          15
1290          13          13
1300          12          14
1310          13          13
1320          13          13
1330          13          15
1340          13          15
1350          12          14
1360          13          15
1370          13          15
1380          13          13
1390          13          13
1400          11          15
1410          12          14
1420          12          14
1430          11          15
1440          14          14
1450          13          13
1460          11          13
1470          14          14
1480          12          12
1490          13          15
1500          14          16
1510          12          18
1520          12          14
1530          12          14
1540          12          16
1550          11          15
1560          13          15
1570          12          16
1580          11          15
1590          13          13
1600          14          14
1610          12          14
1620          11          13
1630          13          15
1640          13          15
1650          11          11
1660          10          12
1670           8          16
1680          10          14
1690          11          15
1700          11          15
1710          11          13
1720          11          11
1730          13          15
1740          10          12
1750          12          14
1760          11          15
1770          13          15
1780          10          12
1790          11          15
1800          11          15
1810          11          13
1820           9          13
1830          11          15
1840          12          16
1850          13          15
1860           9          17
1870          12          16
1880          11          17
1890          11          15
1900          13          15
1910          12          16
1920          11          13
1930          12          14
1940          14          14
1950          11          15
1960           9          11
1970          12          14
1980          11          15
1990          10          12
2000          10          14
2010          10          14
2020          11          13
2030          10          16
2040           9          13
2050           9          15
2060          12          12
2070          12          12
2080          12          14
2090           9          15
2100          12          14
2110          11          13
2120          11          13
2130          13          13
2140          12          16
2150          10          12
2160          11          15
2170          12          14
2180           9          13
2190           9          15
2200          10          16
2210           9          15
2220          10          14
2230          11          15
2240           9          15
2250          11          13
2260          12          16
2270          13          15
2280          14          14
2290          14          14
2300          14          14
2310          11          11
2320          12          12
2330          12          16
2340          13          15
2350          12          16
2360          15          15
2370          14          14
2380          15          15
2390          14          14
2400          14          14
2410          10          14
2420          14          14
2430          11          21
2440          12          12
2450          11          21
2460          11          21
2470          14          16
2480          12          16
2490          11          19
2500          12          16
2510           6          14
2520           9          13
2530           8          10
2540          10          14
2550           8          12
2560          10          12
2570          10          12
2580           8          14
2590          11          13
2600          12          12
2610           5          17
2620           7          13
2630           8          14
2640           7          11
2650           7          15
2660           9          17
2670           5          13
2680           8          16
2690          10          14
2700           8          12
2710          10          14
2720           8          12
2730          14          14
2740          11          17
2750           7          19
2760           9          13
2770          11          13
2780           9           9
2790           8          14
2800          12          12
2810          11          11
2820          11          13
2830           9          11
2840          10          10
2850          10          16
2860          12          12
2870          10          10
2880          13          13
2890          13          15
2900          12          16
2910          13          15
2920          12          16
2930          11          13
2940          16          18
2950          15          19
2960          15          15
2970          14          16
2980          17          19
2990          13          15
3000          12          16
3010          12          16
3020          14          14
3030          15          17
3040          14          14
3050          15          19
3060          17          17
3070          17          17
3080          16          20
3090          12          14
3100          10          20
3110          13          13
3120          14          14
3130          13          13
3140          11          13
3150          13          13
3160          12          14
3170          13          13
3180          13          17
3190          11          17
3200          12          14
3210          14          14
3220          12          14
3230          12          14
3240          14          14
3250          13          15
3260          14          14
3270          10          16
3280          14          14
3290          17          17
3300          16          16
3310          13          17
3320          11          13
3330          15          17
3340          13          15
3350          13          15
3360          10          10
3370          14          16
3380          12          16
3390          12          14
3400           9          13
3410          13          13
3420          13          13
3430          14          14
3440          14          18
3450          12          18
3460          14          14
3470          14          14
3480          12          14
3490          11          13
3500          11          15
3510          11          11
3520          12          12
3530          12          14
3540          13          13
3550          14          14
3560          14          14
3570          12          16
3580          11          13
3590          11          13
3600          10          12
3610          10          10
3620          10          10
3630           9          13
3640          13          13
3650          10          14
3660          11          13
3670          14          14
3680          11          13
3690          11          15
3700           9          11
3710          10          10
3720          13          13
3730          12          14
3740          13          15
3750          13          15
3760          14          16
3770          13          15
3780          12          16
3790          13          13
3800          13          13
3810          11          17
3820          11          13
3830           9          13
3840          11          11
3850          11          15
3860          12          14
3870          12          14
3880          13          13
3890          11          13
3900          11          15
3910          12          16
3920          13          19
3930          13          17
3940          13          13
3950          12          14
3960          13          17
3970          13          17
3980          13          13
3990          13          13
4000          12          16
4010          14          16
4020          12          12
4030          14          16
4040          11          15
4050          12          14
4060          14          14
4070          13          17
4080          13          17
4090          14          14
4100          14          16
4110          14          16
4120          14          16
4130          15          15
4140          14          14
4150          15          15
4160          11          15
4170          13          15
4180          12          14
4190          10          14
4200          12          14
4210          13          17
4220          13          15
4230          14          16
4240          13          15
4250          13          15
4260          13          15
4270          14          16
4280          15          15
4290          12          12
4300          13          13
4310          14          16
4320          13          17
4330          14          14
4340          11          13
4350          13          17
4360          14          14
4370          11          11
4380          14          16
4390          13          17
4400          14          18
4410          15          15
4420          13          17
4430          14          18
4440          15          17
4450          14          18
4460          15          17
4470          14          18
4480          15          17
4490          15          15
4500          14          18
4510          15          19
4520          15          17
4530          10          16
4540          14          14
4550          16          18
4560          14          18
4570          14          18
4580          15          17
4590          13          19
4600          15          15
4610          13          13
4620          15          15
4630          16          16
4640          13          15
4650          13          17
4660          12          14
4670          13          15
4680          13          15
4690          13          15
4700          14          16
4710          14          16
4720          13          15
4730          13          15
4740          10          14
4750          10          12
4760          11          15
4770          10          10
4780          11          13
4790          11          11
4800          10          16
4810          11          13
4820          12          14
4830          12          14
4840           9          13
4850           8          12
4860           7          11
4870          10          14
4880          11          13
4890          10          14
4900          11          11
4910           9           9
4920           9          11
4930           9          11
4940           9          11
4950           9          13
4960           9          11
4970           7          11
4980           7           9
4990           7          11
5000          12          12
5010          10          12
5020          12          12
5030          10          12
5040          10          10
5050          10          12
5060           9          11
5070           9          13
5080           9           9
5090           8          10
5100           9          11
5110          11          13
5120          11          13
5130          11          11
5140           9          13
5150          11          13
5160           8          16
5170          11          13
5180          11          13
5190          10          14
5200          12          14
5210          11          15
5220           9          11
5230          12          14
5240          11          13
5250          11          13
5260          10          12
5270          10          12
5280          11          13
5290          11          15
5300          13          13
5310           9          11
5320          13          13
5330          11          13
5340          10          14
5350           9          11
5360          11          11
5370           7          13
5380          10          10
5390           9          11
5400           9          11
5410           8          12
5420           5          13
5430           8          10
5440           8          10
5450           6           8
5460           7          11
5470           8          10
5480           6           8
5490           7          11
5500          10          10
5510           8          10
5520           6          10
5530           7           7
5540           9          11
5550          10          10
5560          10          12
5570           8          10
5580           8          12
5590           9          11
5600          10          12
5610           7          13
5620           8          14
5630           7          13
5640           7          13
5650           8          14
5660           9          11
5670           9          15
5680          11          15
5690          11          11
5700           7          17
5710          10          14
5720           9          11
5730           9           9
5740           7          11
5750          10          10
5760           9          13
5770           9           9
5780           6           8
5790           9          11
5800          10          10
5810           9           9
5820           8           8
5830           9           9
5840           9          11
5850          11          11
5860           9          13
5870          11          11
5880          11          11
5890          12          14
5900           8           8
5910          13          15
5920          10          10
5930           9          11
5940           8          12
5950          10          12
5960           8          12
5970          10          10
5980          10          12
5990           9          11
6000           9           9
6010           8          12
6020           7          13
6030           7          11
6040           8           8
6050           8          12
6060           5          15
6070           5          11
6080           6           8
6090           6           8
6100           5           9
6110           7          11
6120           5          11
6130           7          11
6140           7           9
6150           6           6
6160           7          13
6170           7           7
6180           7           9
6190           6          10
6200           8          10
6210           8           8
6220           8          12
6230           8           8
6240           7          11
6250           7           9
6260           6          10
6270           7           9
6280           7          13
6290           9          13
6300           8          10
6310           8          14
6320           8          10
6330           8          12
6340           8          16
6350           9          11
6360          10          10
6370           8          14
6380          10          12
6390           9          13
6400           8          14
6410           9          11
6420          11          11
6430          10          10
6440          11          11
6450           7           9
6460          12          14
6470          10          12
6480          11          15
6490           8          14
6500          10          14
6510          12          16
6520          10          12
6530           8          14
6540          11          17
6550          11          13
6560          11          15
6570          11          15
6580          13          15
6590          12          14
6600           8          12
6610          10          12
6620           8          16
6630          10          16
6640          11          13
6650          13          15
6660          11          17
6670          14          16
6680          14          18
6690          10          16
6700          11          15
6710          10          12
6720          12          18
6730          13          17
6740          14          14
6750          12          14
6760          10          16
6770           9          19
6780          13          15
6790          12          14
6800          12          12
6810          11          15
6820          12          14
6830          11          13
6840           8          14
6850           9          13
6860           8          14
6870           8          16
6880           9          13
6890           9          13
6900          10          10
6910          11          11
6920           8          14
6930          10          14
6940          11          13
6950          11          11
6960          10          16
6970          11          11
6980          11          15
6990          11          15
7000          10          12
7010          11          19
7020           9          13
7030          13          15
7040          10          10
7050          12          16
7060          11          13
7070          12          12
7080          11          11
7090          10          14
7100          11          11
7110          10          12
7120          12          12
7130          11          13
7140           9          15
7150           9          11
7160          10          12
7170          11          15
7180          12          14
7190          10          18
7200          10          10
7210          13          15
7220          13          15
7230          12          14
7240          10          16
7250           9          19
7260          13          15
7270          13          15
7280          10          14
7290          10          16
7300           9          17
7310          10          16
7320          10          14
7330           8          14
7340          11          13
7350          11          17
7360          10          10
7370          10          20
7380          11          15
7390          12          14
7400          13          13
7410          10          12
7420          10          14
7430          10          12
7440           8          12
7450           9          13
7460          10          12
7470          11          15
7480          10          14
7490           8          14
7500           9          15
7510           9          15
7520          11          15
7530          13          13
7540           9          17
7550          10          12
7560          12          12
7570          10          12
7580          12          12
7590          11          13
7600           9          13
7610          11          11
7620          12          12
7630          11          11
7640          11          11
7650          10          10
7660           9           9
7670           8           8
7680          10          10
7690          12          12
7700           9          13
7710          10          10
7720          10          10
7730           7           9
7740          10          14
7750           9           9
7760           7           7
7770           8          12
7780          11          11
7790          10          14
7800          11          13
7810           9          13
7820          10          10
7830           8          12
7840           9          11
7850          11          11
7860          11          11
7870           9          13
7880           9          11
7890           9           9
7900          10          12
7910          11          11
7920          12          16
7930          13          15
7940          15          15
7950          13          13
7960          14          16
7970          10          18
7980          14          14
7990          14          18
8000          12          14
8010          11          15
8020          12          14
8030          11          15
8040          12          12
8050          14          14
8060          11          13
8070          11          15
8080          11          15
8090          13          15
8100          15          15
8110          12          14
8120          11          17
8130          13          15
8140          13          13
8150          12          16
8160          15          15
8170          11          11
8180          13          13
8190          11          13
8200          12          14
8210          12          14
8220          13          17
8230          13          17
8240          11          15
8250          13          13
8260          11          15
8270          14          16
8280          13          13
8290          14          14
8300          11          15
8310          13          15
8320          10          14
8330          11          15
8340          12          12
8350          12          12
8360          12          14
8370          11          11
8380          11          17
8390          11          13
8400          12          12
8410          13          15
8420          14          14
8430          12          14
8440          13          15
8450          11          17
8460          13          15
8470          12          12
8480          10          14
8490          13          13
8500           9          11
8510          11          15
8520          11          11
8530          11          11
8540          12          14
8550          12          12
8560          12          12
8570          11          11
8580          12          12
8590          13          15
8600          11          13
8610          11          13
8620          11          15
8630          12          12
8640          12          16
8650          12          14
8660          12          14
8670          11          15
8680          12          16
8690          13          13
8700          13          13
8710          13          13
8720          13          13
8730          11          15
8740          12          14
8750          11          15
8760          13          13
8770          13          15
8780          13          15
8790          14          14
8800          12          14
8810          10          14
8820          13          15
8830          13          13
8840          13          13
8850          12          12
8860          12          12
8870          12          12
8880          11          11
8890          12          12
8900          13          13
8910          12          14
8920           9          11
8930          12          12
8940          12          14
8950          13          15
8960          13          15
8970           9          13
8980          10          12
8990          11          13
9000          11          11
9010          10          12
9020           8          12
9030           9          13
9040          10          10
9050           9           9
9060          10          10
9070           9          11
9080           9          11
9090           8          10
9100           7           9
9110           9          11
9120           8          12
9130           8          10
9140           8          10
9150           8          12
9160           8          12
9170           9          11
9180           9          13
9190          10          14
9200          10          14
9210           9          11
9220           7          13
9230          10          10
9240          10          12
9250          10          14
9260          10          10
9270          10          12
9280           8          14
9290          12          12
9300           9          13
9310           8          12
9320          10          10
9330          12          12
9340          10          14
9350           9          11
9360           9          11
9370          10          10
9380          10          12
9390          11          13
9400          11          11
9410          10          10
9420          11          13
9430          10          10
9440          11          11
9450          11          13
9460           9          13
9470          11          11
9480          10          12
9490           9           9
9500          11          11
9510          11          13
9520          13          13
9530          10          12
9540          14          14
9550          12          12
9560          12          12
9570          11          15
9580          12          12
9590          11          11
9600          12          12
9610          13          13
9620          10          14
9630          12          16
9640          13          15
9650          14          14
9660          13          15
9670          14          14
9680          15          15
9690          13          15
9700          11          15
9710          11          17
9720          14          14
9730          14          16
9740          15          15
9750          12          12
9760          14          14
9770          14          16
9780          11          15
9790          14          14
9800          13          15
9810          13          15
9820          12          16
9830          15          15
9840          13          17
9850          13          17
9860          13          15
9870          12          18
9880          12          14
9890          11          15
9900          10          14
9910          10          16
9920          11          15
9930          12          16
9940          12          14
9950          13          15
9960          13          19
9970          12          20
9980          13          17
9990          12          14
10000          13          17
