Time   C(t)   
ps   
0           1           1  -9.65036e-11   0.0201703
10    0.801992    0.815509     1.02978   0.0121405
20     0.75719    0.773766    0.739773  0.00411063
30    0.719779    0.738908     1.65707  0.00360595
40    0.685071     0.70657    0.680629  0.00310259
50    0.657728    0.681093     1.76902  0.00259798
60    0.633112    0.658157     1.59674   0.0023096
70    0.611536    0.638054     0.79225  0.00208404
80    0.591431    0.619322     1.24894  0.00189107
90    0.573714    0.602814     1.13283   0.0018707
100    0.554017    0.584462     1.07548  0.00178623
110     0.53799    0.569529    0.902527  0.00148871
120    0.524243     0.55672    -1.91062  0.00158325
130    0.506325    0.540025   -0.131766  0.00159844
140    0.492274    0.526933    -0.41987  0.00137293
150    0.478866    0.514441  -0.0769921  0.00137573
160    0.464759    0.501297   -0.766054  0.00134487
170    0.451969     0.48938   -0.938894  0.00114864
180    0.441786    0.479892   -0.709823  0.00108367
190    0.430295    0.469186    -1.16937  0.00108581
200     0.42007    0.459659    -0.48092  0.000999028
210    0.410315    0.450569    0.149109  0.000988801
220    0.400294    0.441233    0.206461  0.000852293
230    0.393269    0.434687     1.06646  0.000730972
240    0.385674    0.427611      1.5824  0.00087432
250    0.375782    0.418394     2.61529  0.000879067
260    0.368093     0.41123     1.92629  0.000686282
270    0.362057    0.405606    0.777457  0.000718719
280    0.353719    0.397837     1.63824  0.000775835
290     0.34654    0.391148     1.86669  0.000824003
300    0.337239    0.382482     1.98134  0.000837991
310     0.32978    0.375533    0.143842  0.000684486
320    0.323549    0.369727    0.775216  0.000732619
330    0.315128     0.36188     2.43892  0.000743353
340    0.308682    0.355874     2.49498  0.000685796
350    0.301412    0.349101     2.09324  0.000718385
360    0.294314    0.342488    0.830886  0.000573119
370     0.28995    0.338421     2.14992  0.000530671
380    0.283701    0.332599     2.32209  0.000578623
390    0.278377    0.327638     1.86299  0.000642534
400     0.27085    0.320625      1.8062   0.0007535
410    0.263307    0.313597     2.20716  0.000591859
420    0.259013    0.309596     1.91956  0.00048956
430    0.253516    0.304474  -0.0315756  0.000481091
440    0.249391    0.300631    0.484198  0.000425489
450    0.245006    0.296546    0.312423  0.00040746
460    0.241242    0.293038   -0.204191  0.000436762
470    0.236271    0.288407   -0.547741  0.000393374
480    0.233374    0.285708    -0.77855  0.000375351
490    0.228764    0.281412   -0.549254  0.000436193
500    0.224651     0.27758    0.541214  0.000386421
510    0.221036    0.274211   0.0245997  0.000399965
520    0.216651    0.270126     1.51748  0.000435694
530    0.212322    0.266092     1.63095  0.000423895
540    0.208173    0.262227      1.8029  0.000408899
550    0.204144    0.258473     1.45912  0.00029192
560    0.202335    0.256787     1.74465  0.000279897
570    0.198546    0.253257     1.17079  0.000305911
580    0.196217    0.251087    0.768828  0.000351377
590    0.191518    0.246709     0.31007  0.000304028
600    0.190136    0.245421   -0.206825  0.000160749
610    0.188303    0.243713     1.34235  0.000305312
620     0.18403    0.239732    0.941107  0.00031547
630    0.181994    0.237835     1.51474  0.000287351
640    0.178283    0.234377     1.62927  0.000242847
650    0.177137    0.233309     1.74347  0.000259601
660    0.173091     0.22954     2.14493  0.000176203
670    0.173613    0.230026     1.97165  0.000134894
680    0.170393    0.227026    0.365628  0.000299713
690    0.167619    0.224441   -0.380057  7.7273e-05
700    0.168848    0.225586   -0.610417  2.58558e-05
710    0.167101    0.223959   -0.439034  0.000158603
720    0.165676     0.22263   -0.955424  0.000149234
730    0.164117    0.221178   -0.439482  0.000272953
740    0.160216    0.217544   -0.840216  0.000270163
750    0.158714    0.216144    -1.18517  0.000169985
760    0.156817    0.214376    -1.58708  0.000196411
770    0.154785    0.212484   -0.612266  0.000209872
780    0.152619    0.210465   -0.096156  0.000242959
790    0.149926    0.207956   -0.267651  0.000161757
800    0.149384    0.207451   -0.440154  0.000221112
810    0.145504    0.203836   -0.956432  0.000332781
820    0.142729     0.20125   -0.669898  0.000199132
830    0.141521    0.200125    -1.01412  0.000160258
840    0.139523    0.198263   -0.326067  0.000183567
850     0.13785    0.196704  -0.0397008  0.000101734
860    0.137489    0.196368   -0.556483  0.000125087
870    0.135348    0.194373   -0.212036  0.00022089
880    0.133071    0.192251   -0.785666  0.00011244
890    0.133099    0.192278   -0.901658  8.30613e-05
900     0.13141    0.190704   -0.729827  8.31544e-05
910    0.131436    0.190728   -0.328981  6.02536e-05
920    0.130205    0.189581     0.41732  0.00014319
930    0.128572     0.18806   0.0158578  0.000176684
940    0.126671    0.186288   -0.213605  0.000170413
950    0.125164    0.184885   0.0730417  0.000107607
960    0.124519    0.184283    -1.01765  8.12594e-05
970    0.123539     0.18337    -1.18982  0.000104758
980    0.122424    0.182331     -0.7883  8.16148e-05
990    0.121907    0.181849    -1.82181  3.17127e-05
1000    0.121789     0.18174    -2.45352  0.000105397
1010    0.119799    0.179885    -2.16682  0.000189238
1020    0.118005    0.178214   -0.903788  0.000253364
1030    0.114732    0.175164   -0.330102  0.000277339
1040    0.112458    0.173046   -0.501989  0.000146986
1050    0.111792    0.172425   -0.387005  0.000130584
1060    0.109846    0.170612    -0.32999  0.000147643
1070    0.108839    0.169674    0.588423  0.000201968
1080    0.105807    0.166849   -0.559397  0.000185431
1090     0.10513    0.166218    -2.28068  1.36629e-05
1100    0.105534    0.166594   -0.387622  3.74373e-05
1110    0.104382    0.165521   -0.387734  0.000108544
1120    0.103363    0.164571    -0.38779  0.000196933
1130    0.100443    0.161851    0.129049  0.000234608
1140   0.0986705    0.160199    -1.01911  0.000184238
1150   0.0967581    0.158418    -1.30547  0.00015744
1160   0.0955217    0.157266   -0.732349  0.000110156
1170    0.094555    0.156365   -0.617757  0.000161555
1180   0.0922906    0.154255    -1.01944  0.000182326
1190   0.0909085    0.152967    -1.42107  0.000227214
1200   0.0877463    0.150021    -1.30581  0.000169478
1210   0.0875189    0.149809    -1.82315  5.70115e-05
1220   0.0866061    0.148959    -1.88112  0.000183961
1230   0.0838397    0.146381      -1.364  0.000225471
1240   0.0820967    0.144757    -1.76563  6.45239e-05
1250   0.0825492    0.145179    -1.82366  3.38256e-05
1260   0.0814202    0.144127    -1.88079  4.75965e-05
1270   0.0815973    0.144292    -1.76659  2.01944e-05
1280   0.0810163     0.14375    -1.99594  8.23412e-05
1290   0.0799505    0.142757    -1.93847  7.55895e-05
1300   0.0795045    0.142342    -2.68438  3.08119e-05
1310   0.0793343    0.142183    -2.85666  0.000127903
1320   0.0769464    0.139958    -2.62697  0.000141941
1330   0.0764954    0.139538    -2.62742  7.98773e-05
1340   0.0753489     0.13847    -3.31604  7.30693e-05
1350    0.075034    0.138176    -2.05379  7.67708e-05
1360   0.0738135    0.137039    -1.36512  2.81163e-05
1370   0.0744717    0.137653    -1.19396  2.13068e-05
1380   0.0733873    0.136642    -1.53746  1.42705e-05
1390   0.0741863    0.137387    -1.88241  -2.75385e-05
1400   0.0739381    0.137155    -2.16928  8.78532e-05
1410   0.0724292    0.135749    -2.97271  4.94294e-05
1420   0.0729495    0.136234    -2.39897  1.45808e-05
1430   0.0721376    0.135478    -2.16934  -8.38269e-05
1440   0.0746261    0.137796    -1.99773  -0.000129549
1450   0.0747286    0.137892    -2.28427  4.25443e-05
1460   0.0737752    0.137004     -2.5144  0.000109558
1470   0.0725375     0.13585    -1.99711  1.09762e-05
1480   0.0735557    0.136799     -2.2268  2.52686e-05
1490   0.0720321    0.135379     -2.9157  9.59318e-05
1500    0.071637    0.135011    -1.94015  2.53864e-05
1510   0.0715244    0.134906    -2.97322  -4.90017e-05
1520   0.0726171    0.135924    -3.26025  4.20697e-06
1530   0.0714402    0.134828    -2.62899  9.2943e-05
1540   0.0707582    0.134193    -2.97288  7.78362e-06
1550   0.0712845    0.134683    -2.68629  -9.9387e-06
1560    0.070957    0.134378    -3.25992  -1.71453e-05
1570   0.0716274    0.135002    -3.08848  7.87079e-06
1580   0.0707996    0.134231    -3.14572  2.56784e-05
1590   0.0711139    0.134524    -3.66228  -6.41011e-06
1600   0.0709278     0.13435    -3.43276  3.65511e-05
1610   0.0703829    0.133843    -3.08831  1.86749e-05
1620   0.0705543    0.134002    -3.54741  4.39733e-06
1630   0.0702949    0.133761    -3.89185  0.000144657
1640   0.0676611    0.131307    -3.08859  0.00019888
1650   0.0663173    0.130055    -3.08848  0.000102084
1660   0.0656194    0.129405    -2.22747  0.000113197
1670   0.0640534    0.127945     -2.6864  7.00522e-05
1680   0.0642184    0.128099    -2.28555  4.49892e-05
1690   0.0631536    0.127107    -1.76883  9.93637e-05
1700   0.0622311    0.126248    -2.22753  6.69718e-05
1710   0.0618142    0.125859    -2.34246  -5.63117e-05
1720   0.0633573    0.127297    -2.22803  -8.54176e-05
1730   0.0635225    0.127451    -2.11294  -2.01806e-05
1740    0.063761    0.127673    -2.62961  3.44489e-05
1750   0.0628335    0.126809    -2.28494  -9.33111e-06
1760   0.0639476    0.127847    -2.85913  -7.49987e-05
1770   0.0643335    0.128206    -2.05598  -4.22981e-05
1780   0.0647935    0.128635    -2.85941  -4.23972e-05
1790   0.0651814    0.128996     -2.4575  1.61681e-05
1800   0.0644702    0.128334    -1.99868  9.69104e-05
1810   0.0632432    0.127191    -1.88325  8.24153e-05
1820   0.0628219    0.126798    -1.71142  1.27401e-05
1830   0.0629884    0.126953    -1.36664  -5.62333e-06
1840   0.0629343    0.126903    -1.07999  5.41508e-06
1850   0.0628801    0.126852    -1.88359  -1.95503e-06
1860   0.0629734    0.126939    -1.48184  7.2025e-05
1870   0.0614396     0.12551    -1.99829  0.00012024
1880   0.0605686    0.124699    -1.76872  -1.66111e-05
1890   0.0617719     0.12582    -1.82646  -3.13709e-05
1900   0.0611961    0.125283    -1.59644  3.53467e-05
1910   0.0610649    0.125161    -2.28533  4.29021e-05
1920    0.060338    0.124484    -2.34246  8.0234e-05
1930   0.0594602    0.123666      -1.769  7.66953e-05
1940   0.0588041    0.123054    -1.25277  3.2072e-05
1950   0.0588188    0.123068    -1.02337  0.000136914
1960   0.0560658    0.120503    -1.19525  8.84047e-05
1970   0.0570507    0.121421    -1.08083  -3.48723e-05
1980   0.0567633    0.121153   -0.449512  4.00418e-05
1990   0.0562499    0.120675   -0.449456  3.26108e-05
2000   0.0561111    0.120545    -1.02337  6.37248e-06
2010   0.0561224    0.120556   -0.736776  6.66896e-05
2020   0.0547773    0.119303   -0.679368  7.80877e-05
2030   0.0545607    0.119101   -0.392833  7.8355e-05
2040   0.0532102    0.117842   -0.851255  8.60475e-05
2050   0.0528397    0.117497    -1.02387  4.46653e-05
2060   0.0523169     0.11701   -0.851984  9.02709e-05
2070   0.0510343    0.115815   -0.565113  0.00011703
2080   0.0499763    0.114829   -0.335761  7.93248e-05
2090   0.0494478    0.114337    -0.79508  0.00011001
2100   0.0477761    0.112779   -0.967192  0.000148327
2110   0.0464813    0.111573    -0.90984  9.14874e-05
2120   0.0459463    0.111074    -1.08167  3.82772e-05
2130   0.0457157     0.11086   -0.565841  5.36939e-05
2140   0.0448724    0.110074   -0.278858  0.000164884
2150   0.0424181    0.107787    -1.25395  5.01346e-05
2160   0.0438697     0.10914     -1.1397  -6.85427e-05
2170   0.0437889    0.109064    -1.25462  3.5012e-05
2180   0.0431695    0.108487    -1.59896  8.89694e-05
2190   0.0420095    0.107406    -0.33649  9.3016e-05
2200   0.0413092    0.106754    -1.71366  5.85435e-05
2210   0.0408387    0.106315     -1.3122  3.55182e-05
2220   0.0405988    0.106092     -1.4269  7.95722e-07
2230   0.0408227    0.106301    -1.54155  -3.79216e-05
2240   0.0413573    0.106799   -0.910624  1.24386e-05
2250    0.040574    0.106069   -0.853104  4.7349e-05
2260   0.0404103    0.105916   -0.221898  5.91854e-05
2270   0.0393903    0.104966    0.179788  6.31796e-05
2280   0.0391467    0.104739    0.294436  1.2687e-05
2290   0.0391365    0.104729    0.524011  4.92502e-06
2300   0.0390482    0.104647   -0.336378  3.23089e-05
2310   0.0384903    0.104127   -0.278914  -5.3777e-05
2320   0.0401237    0.105649   -0.508545  -5.37768e-05
2330   0.0395659     0.10513   -0.738569  8.75015e-06
2340   0.0399487    0.105486   -0.623529  4.9077e-06
2350   0.0394677    0.105038   -0.508825  6.7836e-05
2360    0.038592    0.104222   -0.279138  6.01042e-05
2370   0.0382656    0.103918    -0.22201  1.10511e-06
2380   0.0385699    0.104202   0.0647484  -2.65118e-05
2390   0.0387959    0.104412   -0.165107  9.02396e-06
2400   0.0383894    0.104033    0.351227  2.88147e-05
2410   0.0382196    0.103875     1.09747  6.85783e-05
2420   0.0370178    0.102755      0.2941  0.000100469
2430   0.0362102    0.102003    0.293595  0.000100762
2440   0.0350026    0.100878    0.178892  5.71907e-05
2450   0.0350664    0.100937     0.12154  -2.39611e-06
2460   0.0350505    0.100922   -0.222739  8.54505e-05
2470   0.0333574   0.0993448     0.81021  8.95627e-05
2480   0.0332593   0.0992534   -0.165331  -5.02381e-05
2490   0.0343621    0.100281   -0.509778  5.84293e-06
2500   0.0331424   0.0991446   -0.452146  9.80435e-05
2510   0.0324013    0.098454   -0.452034  -4.23651e-05
2520   0.0339897    0.099934  0.00672413  -7.05032e-05
2530   0.0338113   0.0997678   -0.222627  -2.64723e-05
2540   0.0345192    0.100427    0.293931  -9.50968e-05
2550   0.0357133     0.10154   -0.337667  -0.000111486
2560   0.0367489    0.102505  -0.0508516  5.56875e-06
2570   0.0356019    0.101436   -0.337554  0.000106752
2580   0.0346138    0.100516   -0.394738  6.24103e-05
2590   0.0343537    0.100273    -0.50961  5.44989e-05
2600   0.0335239      0.0995   -0.968816  8.71642e-05
2610   0.0326104   0.0986489    -0.96848  1.82874e-06
2620   0.0334873   0.0994659   -0.911352  3.45947e-05
2630   0.0319185   0.0980042   -0.796313  9.17206e-05
2640   0.0316529   0.0977567    0.178948  4.70583e-05
2650   0.0309773   0.0971273   -0.165387  6.76425e-05
2660      0.0303   0.0964962    0.236356  5.55186e-05
2670    0.029867   0.0960927   -0.280259  -2.23641e-05
2680   0.0307473    0.096913   -0.108315  -8.81554e-05
2690   0.0316301   0.0977354    0.293035  -1.88993e-06
2700   0.0307851   0.0969482   -0.280427  9.69835e-05
2710   0.0296904   0.0959282    0.178219  6.41863e-05
2720   0.0295014   0.0957521    0.235515  6.02893e-05
2730   0.0284846   0.0948047    0.235851  5.21149e-05
2740   0.0284591   0.0947809   -0.108652  9.38036e-05
2750   0.0266085   0.0930567    -0.56741  0.000160391
2760   0.0252513   0.0917921    0.236132  4.85721e-05
2770   0.0256371   0.0921516   -0.739521  -7.19542e-05
2780   0.0266904    0.093133    0.637482  -1.2055e-06
2790   0.0256612   0.0921741    0.350835  0.000103058
2800   0.0246292   0.0912125     0.69545  4.06104e-05
2810    0.024849   0.0914173    0.522834  9.94423e-05
2820   0.0226403   0.0893594   -0.337667  0.000162459
2830   0.0215998   0.0883899  -0.0509637  7.47992e-05
2840   0.0211444   0.0879655    0.522722  3.72007e-05
2850   0.0208558   0.0876967     1.49798  5.41628e-05
2860   0.0200611   0.0869562    0.752298  5.84956e-05
2870   0.0196859   0.0866066    0.637538  4.17947e-05
2880   0.0192252   0.0861774     1.09663  0.000122264
2890   0.0172406   0.0843283     1.03922  7.59135e-05
2900   0.0177069   0.0847628     1.55528  8.05415e-05
2910   0.0156298   0.0828274     1.49815  0.000118815
2920   0.0153306   0.0825487     1.44091  1.71979e-05
2930   0.0152858   0.0825069     2.35865  2.57834e-05
2940    0.014815   0.0820682     2.12902  6.84788e-05
2950   0.0139162   0.0812309     1.26858  6.00997e-05
2960    0.013613   0.0809483     1.49832  4.74805e-05
2970   0.0129666   0.0803461     2.53121  1.33269e-05
2980   0.0133464      0.0807      1.9573  -7.23551e-05
2990   0.0144137   0.0816944     2.18654  -2.52616e-05
3000   0.0138517   0.0811707     1.72806  3.6303e-07
3010   0.0144065   0.0816876     1.21139  -6.41767e-05
3020   0.0151352   0.0823666     2.01488  -3.84638e-05
3030   0.0151758   0.0824044     1.49826  1.32213e-05
3040   0.0148708   0.0821202     1.67054  2.6214e-05
3050   0.0146515   0.0819159      1.6706  -8.3663e-06
3060   0.0150381   0.0822761     1.44069  9.01041e-06
3070   0.0144713    0.081748    0.867001  2.20011e-05
3080   0.0145981   0.0818662     1.15365  9.17425e-05
3090   0.0126364   0.0800384    0.981761  8.31423e-05
3100   0.0129352   0.0803168     1.44091  -3.42892e-05
3110   0.0133222   0.0806774     1.78469  7.48848e-05
3120   0.0114375   0.0789214     1.21128  0.000118707
3130   0.0109481   0.0784653      1.6128  3.14869e-05
3140   0.0108078   0.0783346     1.72739  -1.22942e-05
3150   0.0111939   0.0786944      1.8995  -4.74614e-05
3160    0.011757    0.079219     1.66987  -3.56003e-06
3170   0.0112651   0.0787607     1.21072  0.000115398
3180  0.00944908   0.0770686     2.01409  0.000120055
3190  0.00886405   0.0765235     1.44052  1.10152e-06
3200  0.00942705   0.0770481     2.30096  -2.53807e-05
3210  0.00937166   0.0769965     1.78418  9.97838e-06
3220  0.00922748   0.0768622     1.26801  5.55911e-06
3230  0.00926048   0.0768929     1.55483  -2.99939e-05
3240  0.00982736   0.0774211     1.84165  -9.24134e-05
3250   0.0111087    0.078615     1.72644  1.89012e-05
3260  0.00944933   0.0770689     1.55449  0.000125975
3270  0.00858926   0.0762675     1.09579  5.48117e-05
3280   0.0083531   0.0760475     1.49703  -1.66826e-05
3290  0.00892291   0.0765784    0.463801  -3.20659e-06
3300  0.00841723   0.0761072    0.521321  5.96331e-05
3310  0.00773025   0.0754671    0.406674  1.47803e-05
3320  0.00812162   0.0758318    -0.28194  5.8902e-06
3330  0.00761244   0.0753574    0.119859  -3.1902e-06
3340  0.00818543   0.0758912   -0.568979  -1.66842e-05
3350  0.00794613   0.0756683   -0.339572  1.0377e-05
3360  0.00797789   0.0756979   0.0048191  -3.17856e-06
3370   0.0080097   0.0757275   -0.282108  6.04048e-05
3380  0.00676979   0.0745723   -0.167629  8.32359e-05
3390  0.00634498   0.0741764   -0.167573  3.34348e-05
3400   0.0061011   0.0739492  -0.0528127  3.35511e-05
3410  0.00567396   0.0735512    0.692872  6.56261e-05
3420  0.00478857   0.0727263   0.0616106  5.66373e-05
3430  0.00454121   0.0724958    0.118962  4.31093e-05
3440  0.00392639    0.071923   -0.339796  2.94406e-05
3450   0.0039524   0.0719472    0.119074  1.11862e-05
3460  0.00370266   0.0717145     0.23361  0.000112506
3470  0.00170228   0.0698507   -0.110501  0.000121942
3480  0.00126382   0.0694421    0.234114  2.34296e-06
3490  0.00165542    0.069807    0.405833  3.94217e-05
3500  0.000475381   0.0687075    0.233834  4.86876e-05
3510  0.000681666   0.0688997   0.0617224  5.82278e-05
3520  -0.000689175   0.0676225  0.00420268  5.8285e-05
3530  -0.000484033   0.0678136    0.119074  3.06584e-05
3540  -0.00130234   0.0670512    0.348537  3.53367e-05
3550  -0.00119077   0.0671551    0.291186  3.08491e-05
3560  -0.00191933   0.0664763   -0.282388  3.55566e-05
3570  -0.0019019   0.0664925    0.176538  -1.11139e-05
3580  -0.00169705   0.0666834    0.578169  -6.44195e-06
3590  -0.00177306   0.0666126    0.463073  1.70093e-05
3600  -0.00203723   0.0663664    0.175978  2.64575e-05
3610  -0.00230221   0.0661195   -0.340412  4.06804e-05
3620  -0.00285084   0.0656084   -0.168413  0.000102154
3630  -0.00434529   0.0642159   -0.454948  0.000116585
3640  -0.00518254   0.0634358   -0.741987  0.000140682
3650  -0.00715894   0.0615944   -0.168357  7.93774e-05
3660  -0.00677009   0.0619567   -0.168637  -1.04442e-05
3670  -0.00695006    0.061789    0.347809  4.65743e-05
3680  -0.00770158   0.0610888   -0.283285  7.52694e-05
3690  -0.00845544   0.0603864  0.00375444  7.07336e-05
3700  -0.00911625   0.0597707    0.347977  -1.50849e-05
3710  -0.00815375   0.0606675   -0.111285  1.85152e-05
3720  -0.00948656   0.0594256  0.00397861  -3.43646e-05
3730  -0.00746645   0.0613078   -0.168749  -0.00010626
3740  -0.00736135   0.0614058     0.23305  -2.01509e-05
3750  -0.00706344   0.0616833    0.405273  -2.98382e-05
3760  -0.00676459   0.0619618    0.520145  -3.47582e-05
3770  -0.00636827   0.0623311    0.692088  -4.93657e-05
3780  -0.00577727   0.0628817     0.63468  -6.4038e-05
3790  -0.00508751   0.0635244    0.634624  -2.05857e-05
3800  -0.00536556   0.0632653    0.404825  3.75642e-05
3810  -0.0058388   0.0628244    0.118178  6.19989e-05
3820  -0.00660554     0.06211   -0.111229  1.83139e-05
3830  -0.00620507   0.0624831   -0.340916  1.84676e-05
3840  -0.00697489   0.0617658  -0.0536534  8.65397e-06
3850  -0.00637815   0.0623218   -0.283733  -1.56939e-05
3860  -0.00666101   0.0620583  -0.0541577  4.30473e-05
3870  -0.0072391   0.0615197  0.00330647  5.79044e-05
3880  -0.0078191   0.0609793   -0.168693  5.80943e-05
3890  -0.00840098   0.0604371   -0.398324  6.81442e-05
3900  -0.00918198   0.0597094   0.0036985  9.09935e-06
3910  -0.00858297   0.0602675   -0.226101  -6.49923e-07
3920  -0.00916898   0.0597215  -0.0539335  3.88838e-05
3930  -0.00936065    0.059543   -0.111285  1.42345e-05
3940  -0.00945367   0.0594563   -0.226213  4.41102e-05
3950  -0.0102429    0.058721   -0.283285  1.93066e-05
3960  -0.00983981   0.0590965    -0.34086  -3.03985e-05
3970  -0.00963488   0.0592874   0.0607138  4.44921e-06
3980  -0.00992879   0.0590136   -0.226157  3.44423e-05
3990  -0.0103237   0.0586456    0.404881  1.95141e-05
4000  -0.0103191   0.0586499    0.519528  5.47533e-05
4010  -0.0114188   0.0576253     0.51992  9.00429e-05
4020  -0.0121199    0.056972    0.232825  9.54155e-05
4030  -0.0133271   0.0558473    0.405329  6.54206e-05
4040  -0.0134283   0.0557529   -0.283341  5.56259e-05
4050  -0.0144396   0.0548107     0.23333  4.56118e-05
4060  -0.0143406    0.054903  0.00341851  -1.49916e-05
4070  -0.0141398   0.0550901   -0.226269  -3.02714e-05
4080  -0.0137352   0.0554671    0.519584  2.56117e-05
4090   -0.014652   0.0546128    0.806623   6.636e-05
4100  -0.0150624   0.0542305    0.462401  5.64166e-05
4110  -0.0157804   0.0535615    0.175474  0.000112837
4120  -0.0173191   0.0521278    0.405329  3.63115e-05
4130  -0.0165066   0.0528848    0.175642  -4.03361e-05
4140  -0.0165124   0.0528794      0.4624  5.78072e-07
4150  -0.0165181   0.0528741    0.519808  5.80587e-07
4160   -0.016524   0.0528686      1.0362  -4.57596e-06
4170  -0.0164266   0.0529593    0.232713  3.67493e-05
4180   -0.017259   0.0521838    0.347697  7.82019e-05
4190  -0.0179907   0.0515021    0.290233  8.88508e-05
4200   -0.019036   0.0505281    0.290513  -3.0321e-05
4210  -0.0173842   0.0520671    0.290009  -4.58003e-05
4220    -0.01812   0.0513816   0.0602658  4.24311e-05
4230  -0.0182329   0.0512764    0.175193  -3.04557e-05
4240  -0.0175109   0.0519491   -0.111622  -4.6178e-05
4250  -0.0173093   0.0521369   0.0602657  -5.68624e-05
4260  -0.0163736   0.0530087    0.461896  -3.07578e-05
4270  -0.0166942   0.0527101  0.00302579  2.15963e-05
4280  -0.0168055   0.0526063   0.0606018  -4.64134e-06
4290  -0.0166013   0.0527966    0.117898  -7.32106e-05
4300  -0.0153413   0.0539705   -0.169085  -4.16665e-05
4310   -0.015768    0.053573   -0.628012  2.68599e-05
4320  -0.0158785     0.05347   -0.168861  -2.60517e-05
4330   -0.015247   0.0540585   -0.168693  -9.51439e-05
4340  -0.0139756    0.055243    -0.68514  -2.09126e-05
4350  -0.0148287   0.0544482   -0.455508  -5.18109e-06
4360   -0.013872   0.0553395   -0.283733  -3.70855e-05
4370   -0.014087   0.0551392   -0.168693  6.96911e-05
4380  -0.0152658   0.0540409   -0.168693  2.69718e-05
4390  -0.0146264   0.0546366   -0.341029  -4.25757e-05
4400  -0.0144143   0.0548343     -0.6279  -6.96621e-05
4410  -0.0132332   0.0559348   -0.283733  -6.98253e-05
4420  -0.0130178   0.0561354   -0.341197  -1.6176e-05
4430  -0.0129097   0.0562362   -0.742716  -2.1652e-05
4440  -0.0125848   0.0565389  -0.0543819  -3.81842e-08
4450  -0.0129089   0.0562369  0.00308168  -1.63811e-05
4460  -0.0122572   0.0568442   -0.398549  -7.61666e-05
4470  -0.0113856   0.0576562   -0.513644  -4.91854e-05
4480  -0.0112735   0.0577607   -0.283845  -4.39755e-05
4490  -0.0105061   0.0584757     -0.4559  -2.22061e-05
4500  -0.0108293   0.0581745   -0.226549  5.00018e-06
4510  -0.0106061   0.0583825    0.117786  1.05561e-05
4520  -0.0110405   0.0579778    0.118066  -4.61377e-07
4530  -0.0105968   0.0583911   -0.111622  -7.19787e-05
4540  -0.00960088   0.0593191   -0.398661  -3.90869e-05
4550  -0.00981511   0.0591195   -0.341253  -6.145e-05
4560  -0.00837188   0.0604642   -0.685588  -5.04482e-05
4570  -0.00880614   0.0600596   -0.685644  -4.52623e-05
4580  -0.00746664   0.0613077    -0.74322  -1.19152e-05
4590  -0.00856784   0.0602816   -0.398773  2.67949e-05
4600  -0.00800254   0.0608083   -0.398997  -5.10553e-05
4610  -0.00754673    0.061233   -0.858035  -6.54189e-06
4620  -0.0078717   0.0609303   -0.743276  6.05575e-05
4630  -0.00875789   0.0601046    -0.16959  5.51226e-05
4640  -0.00897415   0.0599031   -0.399109  2.1666e-05
4650  -0.00919121   0.0597008   -0.628572  4.99019e-05
4660  -0.00997219   0.0589732   0.0025775  3.87526e-05
4670  -0.00996626   0.0589787   -0.112126  3.33208e-05
4680  -0.0106386   0.0583522   -0.915443  6.7361e-05
4690  -0.0113135   0.0577234   -0.915275  6.76146e-05
4700  -0.0119909   0.0570923   -0.571164  5.65001e-05
4710  -0.0124435   0.0566706    -1.31707  3.96512e-05
4720  -0.0127839   0.0563534   -0.972907  3.98128e-05
4730  -0.0132397   0.0559287    -1.14519  7.42519e-05
4740   -0.014269   0.0549697    -1.48907  3.43882e-05
4750  -0.0139275   0.0552879   -0.972963  6.33435e-05
4760  -0.0155358   0.0537893   -0.915275  1.74015e-05
4770  -0.0142755   0.0549636     -1.3173  -5.13834e-05
4780  -0.0145082   0.0547468   -0.800852  5.79381e-05
4790  -0.0154343   0.0538839   -0.456461  0.000104355
4800  -0.0165953   0.0528022   -0.685868  0.000104734
4810   -0.017529   0.0519322   -0.915331  5.8721e-05
4820  -0.0177697    0.051708   -0.513588  2.41172e-05
4830  -0.0180113   0.0514828    -1.14479  4.16931e-05
4840  -0.0186035    0.050931   -0.972683  3.01426e-05
4850  -0.0186142   0.0509211   -0.800628  -3.40367e-05
4860  -0.0179228   0.0515653   -0.686204  -3.99619e-05
4870  -0.0178149   0.0516658   -0.399165  3.61759e-05
4880  -0.0186463   0.0508912   -0.858035  3.62266e-05
4890  -0.0185395   0.0509907   -0.628684  6.97738e-06
4900  -0.0187859   0.0507611   -0.341869  3.06012e-05
4910  -0.0191515   0.0504205   -0.284686  5.43894e-05
4920  -0.0198737   0.0497476   0.0594811  8.42223e-05
4930  -0.0208359    0.048851   0.0598173  4.29318e-05
4940  -0.0207323   0.0489476  -0.0548303  7.89358e-05
4950  -0.0224146   0.0473801    0.117281  7.31064e-05
4960  -0.0221944   0.0475853   -0.169758  -1.60891e-05
4970  -0.0220929   0.0476799   -0.342037  1.9776e-05
4980  -0.0225899   0.0472167   -0.341869  1.37952e-05
4990  -0.0223688   0.0474228  0.00235346  7.81445e-06
