Time   Number   
ps   
0          55          65
10          48          66
20          55          65
30          51          65
40          47          61
50          48          64
60          52          64
70          49          71
80          50          70
90          50          62
100          51          71
110          52          64
120          51          71
130          53          69
140          47          73
150          50          64
160          58          70
170          55          65
180          52          76
190          53          71
200          53          67
210          53          67
220          52          70
230          47          75
240          55          67
250          55          75
260          53          67
270          49          67
280          52          70
290          57          65
300          54          70
310          52          64
320          48          76
330          54          68
340          45          71
350          54          70
360          54          70
370          52          66
380          55          65
390          53          71
400          58          70
410          47          63
420          49          73
430          54          72
440          50          74
450          56          66
460          49          71
470          57          65
480          50          64
490          53          65
500          48          70
510          58          72
520          55          67
530          52          64
540          52          66
550          45          69
560          54          70
570          56          64
580          58          70
590          52          68
600          52          72
610          51          73
620          55          61
630          52          74
640          54          82
650          52          74
660          55          79
670          49          73
680          54          74
690          49          71
700          52          72
710          54          70
720          51          69
730          53          67
740          52          62
750          53          63
760          49          69
770          52          72
780          48          62
790          58          68
800          54          68
810          52          74
820          52          64
830          53          73
840          52          70
850          51          77
860          51          61
870          47          61
880          52          72
890          52          68
900          52          66
910          51          61
920          50          60
930          46          72
940          49          65
950          56          68
960          49          65
970          51          67
980          51          65
990          50          66
1000          50          66
1010          50          62
1020          50          62
1030          55          63
1040          46          66
1050          47          63
1060          49          69
1070          51          77
1080          48          76
1090          50          64
1100          51          67
1110          51          73
1120          52          60
1130          54          68
1140          52          64
1150          54          60
1160          54          74
1170          49          71
1180          49          65
1190          50          66
1200          51          59
1210          52          74
1220          48          70
1230          50          72
1240          47          73
1250          49          71
1260          52          70
1270          57          69
1280          50          68
1290          52          60
1300          50          62
1310          49          67
1320          49          59
1330          46          70
1340          52          60
1350          49          67
1360          47          69
1370          45          77
1380          48          68
1390          51          71
1400          46          66
1410          52          68
1420          50          60
1430          53          73
1440          52          66
1450          48          62
1460          55          73
1470          47          67
1480          50          72
1490          52          64
1500          51          69
1510          49          69
1520          47          65
1530          51          61
1540          49          65
1550          52          68
1560          50          68
1570          50          62
1580          54          76
1590          51          67
1600          47          75
1610          53          77
1620          57          71
1630          48          66
1640          48          66
1650          50          66
1660          44          56
1670          48          68
1680          52          64
1690          46          60
1700          57          65
1710          51          75
1720          57          73
1730          55          65
1740          54          74
1750          52          64
1760          54          70
1770          49          67
1780          53          73
1790          47          59
1800          54          72
1810          50          68
1820          53          71
1830          53          69
1840          49          75
1850          54          82
1860          48          64
1870          52          66
1880          53          63
1890          53          65
1900          49          63
1910          46          66
1920          47          79
1930          56          74
1940          52          64
1950          47          73
1960          50          62
1970          50          62
1980          48          68
1990          49          61
2000          53          59
2010          54          66
2020          49          65
2030          51          65
2040          53          63
2050          50          62
2060          49          57
2070          51          65
2080          53          61
2090          43          67
2100          48          62
2110          54          66
2120          49          61
2130          49          57
2140          45          63
2150          49          61
2160          44          60
2170          44          64
2180          46          60
2190          45          69
2200          49          69
2210          44          56
2220          47          57
2230          46          64
2240          50          64
2250          49          63
2260          48          56
2270          49          57
2280          52          64
2290          47          59
2300          49          61
2310          48          56
2320          44          68
2330          44          58
2340          46          72
2350          49          59
2360          49          67
2370          52          66
2380          49          65
2390          46          64
2400          53          65
2410          50          70
2420          53          65
2430          44          58
2440          53          67
2450          54          66
2460          56          70
2470          49          69
2480          44          62
2490          50          66
2500          46          68
2510          49          63
2520          52          64
2530          43          75
2540          51          59
2550          53          65
2560          50          72
2570          51          71
2580          42          66
2590          57          73
2600          50          70
2610          50          62
2620          52          70
2630          50          68
2640          53          67
2650          53          65
2660          50          70
2670          55          65
2680          49          71
2690          51          71
2700          49          71
2710          55          61
2720          52          70
2730          51          65
2740          50          62
2750          53          69
2760          48          74
2770          52          64
2780          52          72
2790          58          74
2800          50          70
2810          50          68
2820          49          67
2830          55          75
2840          47          67
2850          47          71
2860          51          71
2870          50          64
2880          55          69
2890          52          68
2900          53          67
2910          50          68
2920          54          66
2930          50          68
2940          53          67
2950          53          75
2960          55          71
2970          51          73
2980          57          73
2990          50          70
3000          49          71
3010          52          66
3020          57          69
3030          52          68
3040          60          80
3050          56          74
3060          49          69
3070          50          68
3080          59          69
3090          55          71
3100          56          78
3110          52          70
3120          51          77
3130          50          70
3140          54          74
3150          48          62
3160          48          62
3170          46          70
3180          57          63
3190          47          53
3200          58          64
3210          50          68
3220          50          62
3230          54          72
3240          51          65
3250          48          72
3260          58          66
3270          54          68
3280          53          73
3290          54          66
3300          53          71
3310          52          80
3320          58          68
3330          51          69
3340          46          64
3350          52          66
3360          50          62
3370          49          65
3380          49          67
3390          54          72
3400          53          65
3410          48          72
3420          48          66
3430          51          61
3440          48          54
3450          49          61
3460          50          62
3470          51          63
3480          51          67
3490          54          64
3500          48          60
3510          47          63
3520          49          67
3530          49          67
3540          49          65
3550          53          65
3560          50          66
3570          56          64
3580          53          61
3590          53          69
3600          51          67
3610          47          61
3620          49          59
3630          47          71
3640          53          67
3650          55          67
3660          52          68
3670          54          64
3680          50          62
3690          50          70
3700          55          65
3710          52          72
3720          55          69
3730          54          70
3740          52          72
3750          47          61
3760          55          65
3770          51          63
3780          53          67
3790          49          69
3800          53          71
3810          46          64
3820          52          70
3830          54          64
3840          50          72
3850          54          66
3860          55          65
3870          51          59
3880          52          64
3890          49          65
3900          47          65
3910          54          60
3920          50          68
3930          53          63
3940          50          64
3950          54          66
3960          53          63
3970          51          63
3980          56          68
3990          49          63
4000          53          59
4010          54          66
4020          50          70
4030          59          69
4040          56          74
4050          51          59
4060          51          69
4070          52          70
4080          49          67
4090          53          65
4100          50          58
4110          52          60
4120          51          63
4130          56          68
4140          54          74
4150          51          69
4160          46          74
4170          57          71
4180          52          72
4190          47          61
4200          48          62
4210          55          67
4220          51          67
4230          51          71
4240          52          68
4250          50          66
4260          55          65
4270          49          65
4280          49          67
4290          53          75
4300          48          62
4310          51          69
4320          51          63
4330          48          66
4340          54          72
4350          54          64
4360          51          61
4370          52          72
4380          52          74
4390          50          68
4400          52          60
4410          54          64
4420          54          72
4430          53          63
4440          49          61
4450          55          61
4460          50          68
4470          54          66
4480          48          58
4490          50          62
4500          47          67
4510          47          69
4520          52          66
4530          53          61
4540          53          67
4550          50          66
4560          52          64
4570          53          61
4580          52          62
4590          46          62
4600          45          61
4610          47          61
4620          54          66
4630          53          65
4640          56          66
4650          51          59
4660          50          58
4670          56          66
4680          50          62
4690          52          70
4700          50          62
4710          51          71
4720          51          61
4730          50          64
4740          47          65
4750          50          66
4760          51          69
4770          51          65
4780          54          66
4790          50          58
4800          52          66
4810          50          64
4820          51          61
4830          53          67
4840          48          58
4850          49          63
4860          54          66
4870          46          60
4880          52          68
4890          52          68
4900          48          60
4910          50          70
4920          48          66
4930          49          67
4940          52          68
4950          49          63
4960          48          68
4970          48          66
4980          50          62
4990          52          64
5000          50          66
5010          51          59
5020          53          59
5030          53          65
5040          50          60
5050          51          63
5060          48          60
5070          53          57
5080          52          62
5090          50          70
5100          55          59
5110          49          63
5120          50          66
5130          47          69
5140          57          69
5150          50          68
5160          52          68
5170          51          57
5180          53          65
5190          48          64
5200          53          69
5210          47          57
5220          54          60
5230          55          69
5240          53          69
5250          57          71
5260          52          62
5270          55          61
5280          51          61
5290          51          69
5300          54          66
5310          49          61
5320          55          65
5330          49          63
5340          48          66
5350          53          65
5360          55          65
5370          49          61
5380          52          66
5390          51          65
5400          51          69
5410          49          67
5420          48          62
5430          51          71
5440          51          63
5450          51          65
5460          57          67
5470          56          66
5480          52          66
5490          50          68
5500          52          60
5510          57          69
5520          51          67
5530          54          64
5540          53          69
5550          49          65
5560          50          62
5570          51          67
5580          49          65
5590          49          65
5600          57          65
5610          51          69
5620          46          62
5630          51          61
5640          47          71
5650          53          69
5660          44          68
5670          51          55
5680          54          68
5690          50          60
5700          51          71
5710          52          64
5720          46          58
5730          51          63
5740          51          63
5750          50          66
5760          50          64
5770          53          61
5780          53          65
5790          49          67
5800          49          67
5810          52          70
5820          54          62
5830          50          64
5840          48          68
5850          48          68
5860          48          62
5870          54          66
5880          51          65
5890          51          67
5900          51          69
5910          52          72
5920          49          67
5930          48          72
5940          49          59
5950          53          73
5960          49          67
5970          51          65
5980          47          69
5990          46          66
6000          50          70
6010          51          63
6020          51          73
6030          54          58
6040          51          65
6050          49          67
6060          51          69
6070          48          58
6080          51          73
6090          47          69
6100          54          62
6110          51          65
6120          52          68
6130          53          65
6140          52          64
6150          52          66
6160          47          69
6170          52          62
6180          52          68
6190          48          66
6200          53          63
6210          53          69
6220          52          70
6230          53          65
6240          55          67
6250          53          67
6260          53          67
6270          51          71
6280          51          61
6290          51          71
6300          51          69
6310          44          64
6320          53          71
6330          56          72
6340          50          62
6350          51          73
6360          53          79
6370          49          77
6380          50          68
6390          49          71
6400          54          74
6410          47          73
6420          50          70
6430          53          65
6440          48          72
6450          52          78
6460          46          66
6470          52          68
6480          50          68
6490          53          77
6500          55          77
6510          54          80
6520          54          72
6530          53          73
6540          51          75
6550          55          67
6560          55          69
6570          48          64
6580          56          66
6590          53          61
6600          52          68
6610          49          65
6620          55          65
6630          55          71
6640          50          68
6650          53          59
6660          53          63
6670          54          70
6680          54          70
6690          53          67
6700          53          69
6710          54          72
6720          58          72
6730          56          72
6740          52          62
6750          54          60
6760          55          67
6770          48          60
6780          55          69
6790          57          67
6800          54          62
6810          54          62
6820          57          63
6830          56          64
6840          54          68
6850          52          60
6860          48          66
6870          49          57
6880          49          61
6890          58          74
6900          55          71
6910          53          65
6920          56          70
6930          55          65
6940          54          68
6950          57          67
6960          54          68
6970          56          70
6980          56          66
6990          54          68
7000          51          65
7010          59          67
7020          51          59
7030          51          69
7040          52          72
7050          55          63
7060          54          72
7070          47          71
7080          53          73
7090          56          68
7100          54          72
7110          57          73
7120          54          72
7130          57          67
7140          62          70
7150          53          69
7160          54          70
7170          52          72
7180          56          68
7190          53          61
7200          54          64
7210          52          70
7220          52          66
7230          54          66
7240          54          66
7250          54          64
7260          58          72
7270          52          66
7280          52          66
7290          54          66
7300          58          62
7310          56          64
7320          50          64
7330          52          62
7340          54          68
7350          56          76
7360          52          64
7370          52          64
7380          52          66
7390          51          69
7400          52          68
7410          60          72
7420          50          72
7430          55          71
7440          53          75
7450          59          63
7460          53          67
7470          55          67
7480          56          70
7490          53          63
7500          54          70
7510          56          68
7520          54          68
7530          61          69
7540          52          60
7550          54          68
7560          54          64
7570          54          70
7580          56          66
7590          53          71
7600          51          71
7610          50          68
7620          55          71
7630          52          64
7640          50          66
7650          55          69
7660          56          70
7670          48          66
7680          49          65
7690          54          68
7700          55          61
7710          52          66
7720          53          67
7730          51          67
7740          52          60
7750          52          70
7760          55          71
7770          49          59
7780          56          66
7790          57          67
7800          52          60
7810          52          64
7820          57          67
7830          53          67
7840          53          67
7850          56          70
7860          50          66
7870          52          62
7880          50          82
7890          51          65
7900          52          72
7910          51          67
7920          51          67
7930          46          64
7940          47          65
7950          47          71
7960          54          68
7970          49          71
7980          50          64
7990          53          63
8000          50          66
8010          47          57
8020          52          60
8030          50          68
8040          47          67
8050          51          67
8060          49          65
8070          42          64
8080          51          63
8090          51          61
8100          54          68
8110          51          71
8120          51          73
8130          49          63
8140          50          72
8150          51          73
8160          57          67
8170          49          69
8180          49          77
8190          54          68
8200          48          76
8210          50          68
8220          52          66
8230          51          69
8240          52          66
8250          54          74
8260          55          73
8270          51          75
8280          55          71
8290          49          69
8300          51          73
8310          54          74
8320          51          67
8330          50          72
8340          49          73
8350          51          69
8360          51          69
8370          47          63
8380          56          70
8390          52          70
8400          49          73
8410          47          65
8420          45          75
8430          52          74
8440          56          76
8450          53          69
8460          52          80
8470          45          67
8480          48          64
8490          55          73
8500          50          72
8510          51          71
8520          47          71
8530          53          67
8540          48          64
8550          48          66
8560          49          73
8570          54          78
8580          55          71
8590          57          69
8600          50          64
8610          53          71
8620          54          64
8630          49          67
8640          52          78
8650          52          68
8660          50          66
8670          47          69
8680          50          68
8690          53          69
8700          50          72
8710          47          59
8720          46          66
8730          51          65
8740          46          68
8750          53          63
8760          49          65
8770          50          68
8780          47          69
8790          48          70
8800          51          61
8810          52          68
8820          48          64
8830          47          67
8840          47          71
8850          50          68
8860          50          70
8870          53          61
8880          52          70
8890          51          67
8900          52          64
8910          52          66
8920          50          60
8930          54          68
8940          46          62
8950          53          61
8960          51          65
8970          47          69
8980          52          66
8990          50          62
9000          49          65
9010          51          69
9020          49          63
9030          48          74
9040          49          61
9050          48          62
9060          51          61
9070          51          59
9080          50          68
9090          51          63
9100          54          64
9110          53          77
9120          49          65
9130          50          74
9140          52          62
9150          50          56
9160          53          63
9170          58          66
9180          54          68
9190          50          66
9200          52          64
9210          49          75
9220          47          69
9230          52          74
9240          60          76
9250          52          64
9260          48          68
9270          50          68
9280          54          70
9290          55          71
9300          55          63
9310          50          62
9320          48          72
9330          50          62
9340          52          68
9350          55          63
9360          51          65
9370          53          67
9380          52          68
9390          52          72
9400          51          67
9410          52          60
9420          50          64
9430          53          71
9440          52          64
9450          49          69
9460          49          67
9470          53          67
9480          51          63
9490          51          69
9500          50          74
9510          50          66
9520          47          65
9530          41          67
9540          52          74
9550          51          65
9560          49          59
9570          51          73
9580          51          63
9590          51          63
9600          49          67
9610          52          64
9620          49          65
9630          53          69
9640          54          64
9650          52          64
9660          51          57
9670          49          69
9680          55          67
9690          51          69
9700          55          69
9710          56          68
9720          56          72
9730          50          68
9740          55          67
9750          54          68
9760          54          68
9770          51          69
9780          52          66
9790          55          65
9800          52          64
9810          49          69
9820          51          65
9830          53          63
9840          45          67
9850          52          64
9860          56          74
9870          54          68
9880          53          65
9890          51          65
9900          53          65
9910          54          66
9920          55          65
9930          53          75
9940          53          65
9950          49          71
9960          44          62
9970          54          74
9980          56          60
9990          55          63
10000          51          63
