Time   Number   
ps   
0          66         126
10          64         131
20          60         130
30          63         132
40          61         129
50          61         137
60          64         126
70          66         127
80          65         125
90          63         127
100          63         129
110          65         119
120          65         124
130          64         125
140          62         126
150          65         127
160          65         125
170          64         120
180          64         126
190          65         127
200          63         122
210          64         122
220          62         116
230          63         131
240          64         124
250          61         123
260          64         128
270          65         119
280          63         119
290          69         123
300          63         120
310          63         128
320          64         118
330          63         122
340          67         123
350          64         128
360          67         123
370          62         133
380          66         122
390          62         122
400          63         132
410          63         122
420          61         124
430          64         123
440          61         122
450          64         120
460          65         123
470          64         123
480          70         114
490          67         116
500          65         128
510          66         119
520          69         119
530          70         123
540          65         127
550          64         129
560          67         126
570          65         130
580          67         120
590          64         124
600          68         129
610          66         130
620          68         137
630          71         129
640          66         134
650          64         132
660          62         135
670          70         129
680          64         135
690          63         129
700          67         137
710          62         136
720          66         134
730          64         131
740          70         131
750          69         133
760          66         132
770          65         124
780          67         134
790          67         129
800          66         123
810          64         121
820          63         129
830          68         126
840          65         120
850          68         136
860          71         128
870          65         136
880          62         133
890          70         131
900          65         137
910          65         131
920          66         130
930          67         127
940          64         125
950          64         138
960          67         126
970          67         121
980          62         126
990          68         130
1000          66         116
1010          60         127
1020          64         127
1030          67         137
1040          66         127
1050          66         125
1060          63         131
1070          65         126
1080          63         124
1090          61         128
1100          63         128
1110          67         127
1120          68         132
1130          63         128
1140          67         127
1150          66         127
1160          65         141
1170          65         126
1180          63         133
1190          64         142
1200          67         132
1210          63         133
1220          66         128
1230          60         131
1240          62         122
1250          62         126
1260          62         129
1270          64         125
1280          64         130
1290          65         126
1300          62         135
1310          64         130
1320          64         133
1330          64         138
1340          67         139
1350          63         144
1360          68         135
1370          67         125
1380          68         132
1390          67         132
1400          69         128
1410          67         125
1420          61         137
1430          66         135
1440          63         132
1450          64         122
1460          68         128
1470          63         131
1480          62         130
1490          63         125
1500          66         129
1510          64         130
1520          63         125
1530          64         128
1540          65         131
1550          67         125
1560          68         124
1570          62         126
1580          60         123
1590          62         136
1600          65         126
1610          64         123
1620          60         122
1630          62         124
1640          63         121
1650          63         123
1660          61         126
1670          62         125
1680          67         119
1690          66         122
1700          61         131
1710          63         127
1720          65         127
1730          67         119
1740          65         117
1750          67         130
1760          65         121
1770          61         131
1780          67         118
1790          63         129
1800          63         126
1810          67         124
1820          63         119
1830          66         122
1840          61         134
1850          62         132
1860          65         130
1870          68         118
1880          67         124
1890          68         123
1900          66         126
1910          62         134
1920          60         127
1930          63         123
1940          63         134
1950          65         129
1960          65         125
1970          66         130
1980          63         132
1990          63         122
2000          64         128
2010          68         126
2020          66         122
2030          68         123
2040          67         119
2050          67         134
2060          63         132
2070          65         130
2080          64         122
2090          66         125
2100          64         133
2110          65         124
2120          64         133
2130          66         123
2140          62         131
2150          60         134
2160          63         137
2170          63         137
2180          66         134
2190          66         135
2200          66         133
2210          61         135
2220          61         132
2230          63         138
2240          64         127
2250          66         126
2260          65         123
2270          63         127
2280          61         134
2290          63         128
2300          64         132
2310          60         141
2320          63         130
2330          68         141
2340          65         135
2350          64         127
2360          67         133
2370          64         132
2380          65         134
2390          61         130
2400          66         136
2410          66         121
2420          64         140
2430          67         135
2440          63         130
2450          64         133
2460          63         130
2470          61         137
2480          61         132
2490          62         134
2500          64         135
2510          63         132
2520          62         129
2530          62         131
2540          65         136
2550          68         129
2560          63         132
2570          63         132
2580          64         129
2590          59         131
2600          65         124
2610          61         119
2620          57         140
2630          63         133
2640          63         128
2650          65         124
2660          66         136
2670          64         125
2680          64         143
2690          62         137
2700          63         137
2710          62         132
2720          65         123
2730          59         129
2740          63         129
2750          66         129
2760          64         126
2770          63         127
2780          60         123
2790          65         138
2800          63         121
2810          67         126
2820          63         128
2830          64         125
2840          63         127
2850          63         138
2860          67         134
2870          65         138
2880          64         133
2890          66         129
2900          66         128
2910          65         127
2920          63         134
2930          64         131
2940          67         128
2950          65         131
2960          65         124
2970          62         129
2980          64         135
2990          67         133
3000          66         126
3010          65         127
3020          62         136
3030          64         128
3040          62         130
3050          61         129
3060          65         117
3070          63         123
3080          64         135
3090          68         131
3100          61         127
3110          59         128
3120          68         121
3130          62         131
3140          68         122
3150          66         128
3160          66         125
3170          65         124
3180          66         130
3190          66         132
3200          63         129
3210          66         128
3220          66         132
3230          65         130
3240          66         128
3250          67         119
3260          67         124
3270          65         118
3280          65         119
3290          64         119
3300          67         122
3310          67         115
3320          66         125
3330          63         116
3340          65         118
3350          64         115
3360          65         117
3370          65         130
3380          67         123
3390          67         120
3400          70         119
3410          66         125
3420          66         121
3430          65         131
3440          69         121
3450          66         125
3460          64         119
3470          65         118
3480          67         113
3490          66         123
3500          67         117
3510          70         121
3520          65         126
3530          63         128
3540          64         120
3550          67         122
3560          67         117
3570          65         122
3580          66         123
3590          63         119
3600          65         122
3610          63         127
3620          68         122
3630          66         117
3640          67         120
3650          65         123
3660          68         118
3670          66         122
3680          68         127
3690          68         118
3700          67         134
3710          70         138
3720          69         122
3730          66         133
3740          68         130
3750          71         126
3760          65         135
3770          66         127
3780          70         130
3790          67         130
3800          71         130
3810          69         133
3820          71         126
3830          67         132
3840          67         130
3850          63         135
3860          72         130
3870          70         137
3880          70         132
3890          64         131
3900          66         137
3910          65         136
3920          68         130
3930          66         137
3940          67         128
3950          68         139
3960          68         131
3970          68         127
3980          70         125
3990          70         136
4000          70         123
4010          65         121
4020          66         126
4030          68         128
4040          70         123
4050          66         124
4060          68         128
4070          69         134
4080          66         129
4090          69         127
4100          65         129
4110          68         134
4120          70         125
4130          64         122
4140          69         129
4150          68         125
4160          67         122
4170          70         135
4180          65         124
4190          65         122
4200          68         124
4210          71         130
4220          65         131
4230          69         128
4240          69         130
4250          65         133
4260          67         132
4270          71         128
4280          65         124
4290          70         131
4300          65         130
4310          67         123
4320          63         134
4330          67         127
4340          65         135
4350          70         137
4360          69         135
4370          66         135
4380          66         131
4390          64         140
4400          66         125
4410          61         131
4420          69         133
4430          64         128
4440          65         137
4450          68         128
4460          69         133
4470          67         133
4480          65         136
4490          64         133
4500          68         132
4510          67         136
4520          64         134
4530          67         129
4540          64         123
4550          65         128
4560          69         122
4570          70         118
4580          67         129
4590          67         129
4600          66         129
4610          64         136
4620          69         126
4630          65         124
4640          71         131
4650          68         133
4660          64         130
4670          70         133
4680          68         132
4690          68         124
4700          68         126
4710          66         129
4720          71         128
4730          70         127
4740          68         130
4750          68         127
4760          62         121
4770          66         136
4780          67         134
4790          65         130
4800          68         122
4810          67         126
4820          66         145
4830          68         121
4840          67         127
4850          67         127
4860          67         131
4870          68         128
4880          65         127
4890          66         126
4900          65         128
4910          66         127
4920          64         127
4930          63         130
4940          66         128
4950          63         136
4960          68         123
4970          63         126
4980          63         133
4990          66         133
5000          64         135
5010          67         123
5020          62         127
5030          68         128
5040          69         129
5050          66         129
5060          63         132
5070          63         139
5080          66         125
5090          62         128
5100          64         127
5110          65         127
5120          65         132
5130          66         129
5140          68         127
5150          69         129
5160          67         132
5170          65         127
5180          67         129
5190          64         131
5200          67         129
5210          66         124
5220          65         124
5230          69         119
5240          65         136
5250          69         129
5260          67         127
5270          63         127
5280          64         128
5290          65         129
5300          68         126
5310          66         125
5320          65         126
5330          66         128
5340          67         132
5350          66         127
5360          68         128
5370          65         130
5380          67         131
5390          66         118
5400          71         124
5410          69         128
5420          64         139
5430          66         139
5440          70         124
5450          65         124
5460          65         130
5470          66         133
5480          68         121
5490          66         126
5500          67         129
5510          67         135
5520          69         132
5530          67         135
5540          65         129
5550          64         134
5560          66         133
5570          66         133
5580          64         136
5590          63         125
5600          68         129
5610          63         132
5620          67         129
5630          64         133
5640          67         131
5650          70         132
5660          64         135
5670          65         132
5680          67         131
5690          65         137
5700          64         133
5710          67         135
5720          62         128
5730          67         128
5740          69         130
5750          73         124
5760          68         131
5770          69         133
5780          69         131
5790          63         129
5800          66         129
5810          66         131
5820          63         136
5830          67         133
5840          68         124
5850          69         133
5860          62         135
5870          66         132
5880          67         129
5890          69         119
5900          66         125
5910          65         131
5920          64         132
5930          69         129
5940          65         131
5950          63         133
5960          62         137
5970          64         127
5980          64         125
5990          64         127
6000          66         128
6010          64         129
6020          65         129
6030          66         126
6040          69         128
6050          66         129
6060          64         128
6070          65         119
6080          68         123
6090          67         124
6100          68         128
6110          67         130
6120          65         134
6130          68         126
6140          66         127
6150          66         127
6160          63         126
6170          66         136
6180          66         129
6190          69         133
6200          71         132
6210          67         125
6220          66         130
6230          61         132
6240          63         127
6250          65         122
6260          65         124
6270          63         131
6280          67         124
6290          63         132
6300          65         131
6310          60         123
6320          63         130
6330          65         129
6340          65         129
6350          64         127
6360          62         130
6370          60         131
6380          64         128
6390          63         135
6400          63         130
6410          65         128
6420          65         130
6430          67         133
6440          68         131
6450          66         123
6460          67         126
6470          65         125
6480          67         122
6490          67         120
6500          66         123
6510          62         122
6520          67         121
6530          63         128
6540          65         127
6550          63         125
6560          62         126
6570          65         121
6580          66         112
6590          66         120
6600          64         116
6610          67         119
6620          61         132
6630          67         130
6640          60         131
6650          63         124
6660          68         124
6670          65         126
6680          64         131
6690          63         124
6700          63         123
6710          64         122
6720          59         123
6730          62         121
6740          64         131
6750          64         129
6760          63         135
6770          63         127
6780          62         124
6790          65         122
6800          67         123
6810          62         129
6820          66         125
6830          65         122
6840          67         120
6850          64         126
6860          66         125
6870          66         129
6880          67         137
6890          67         127
6900          67         134
6910          66         120
6920          63         123
6930          65         123
6940          66         122
6950          69         122
6960          63         133
6970          63         127
6980          63         122
6990          61         127
7000          62         131
7010          69         138
7020          67         119
7030          66         139
7040          63         144
7050          66         132
7060          62         135
7070          66         131
7080          65         131
7090          68         134
7100          68         134
7110          69         129
7120          65         133
7130          68         119
7140          67         128
7150          63         128
7160          68         129
7170          69         137
7180          61         144
7190          66         125
7200          68         130
7210          64         136
7220          65         132
7230          68         129
7240          64         138
7250          66         130
7260          66         129
7270          65         126
7280          67         135
7290          66         131
7300          67         131
7310          65         135
7320          64         127
7330          65         132
7340          66         125
7350          66         135
7360          64         127
7370          64         133
7380          62         133
7390          65         135
7400          70         133
7410          68         136
7420          65         143
7430          70         128
7440          65         136
7450          67         134
7460          66         132
7470          68         136
7480          65         137
7490          68         124
7500          66         136
7510          66         129
7520          64         139
7530          63         132
7540          68         121
7550          67         127
7560          65         134
7570          66         128
7580          63         141
7590          66         135
7600          63         138
7610          65         131
7620          66         126
7630          63         140
7640          66         122
7650          63         138
7660          62         132
7670          68         122
7680          66         134
7690          65         138
7700          68         122
7710          68         129
7720          68         132
7730          66         136
7740          69         131
7750          63         133
7760          64         131
7770          68         129
7780          67         123
7790          68         127
7800          66         129
7810          68         127
7820          68         129
7830          67         128
7840          67         136
7850          63         134
7860          65         134
7870          65         138
7880          64         129
7890          70         130
7900          66         135
7910          66         133
7920          67         140
7930          68         133
7940          65         135
7950          63         146
7960          58         140
7970          65         136
7980          65         147
7990          68         142
8000          62         143
8010          68         141
8020          67         147
8030          65         141
8040          66         138
8050          62         146
8060          62         134
8070          62         143
8080          67         145
8090          65         127
8100          62         132
8110          65         142
8120          64         139
8130          72         138
8140          62         133
8150          66         136
8160          66         136
8170          68         138
8180          63         146
8190          67         148
8200          63         131
8210          64         142
8220          66         134
8230          67         137
8240          61         125
8250          72         130
8260          64         130
8270          65         138
8280          65         133
8290          65         122
8300          65         132
8310          64         132
8320          67         125
8330          66         128
8340          63         133
8350          68         131
8360          67         132
8370          66         137
8380          64         129
8390          67         133
8400          63         130
8410          68         135
8420          65         123
8430          67         136
8440          67         130
8450          68         135
8460          66         133
8470          63         133
8480          64         127
8490          66         131
8500          67         126
8510          60         133
8520          68         126
8530          67         131
8540          61         134
8550          64         130
8560          64         134
8570          64         131
8580          68         131
8590          65         128
8600          64         128
8610          67         131
8620          67         127
8630          66         124
8640          65         122
8650          65         132
8660          62         131
8670          62         134
8680          66         129
8690          67         130
8700          65         128
8710          64         128
8720          67         136
8730          68         142
8740          66         135
8750          65         132
8760          69         128
8770          67         128
8780          66         144
8790          65         140
8800          67         134
8810          62         136
8820          63         138
8830          67         139
8840          62         141
8850          65         133
8860          63         146
8870          65         130
8880          64         141
8890          66         138
8900          66         138
8910          64         136
8920          62         140
8930          65         140
8940          64         138
8950          67         130
8960          62         144
8970          64         152
8980          65         133
8990          65         142
9000          65         135
9010          65         134
9020          64         140
9030          64         130
9040          69         134
9050          65         139
9060          64         140
9070          68         137
9080          64         137
9090          63         127
9100          67         125
9110          66         133
9120          68         130
9130          63         131
9140          60         134
9150          62         133
9160          68         135
9170          69         124
9180          62         126
9190          64         132
9200          67         126
9210          67         136
9220          64         126
9230          68         123
9240          67         136
9250          61         125
9260          68         125
9270          67         128
9280          62         120
9290          65         125
9300          64         118
9310          66         125
9320          62         126
9330          67         122
9340          63         121
9350          61         132
9360          62         132
9370          65         127
9380          65         127
9390          64         127
9400          65         133
9410          63         137
9420          66         123
9430          68         125
9440          65         129
9450          61         128
9460          68         127
9470          64         135
9480          63         133
9490          64         129
9500          65         133
9510          68         128
9520          62         127
9530          65         124
9540          63         128
9550          64         123
9560          67         122
9570          64         133
9580          63         143
9590          64         127
9600          69         127
9610          61         139
9620          63         134
9630          62         129
9640          64         138
9650          63         131
9660          65         134
9670          60         126
9680          63         129
9690          60         129
9700          63         136
9710          61         138
9720          64         133
9730          65         134
9740          63         131
9750          63         134
9760          60         133
9770          65         126
9780          63         132
9790          65         124
9800          63         133
9810          63         127
9820          62         122
9830          68         130
9840          64         130
9850          58         129
9860          61         124
9870          61         123
9880          64         137
9890          62         126
9900          59         136
9910          59         124
9920          63         123
9930          65         136
9940          60         131
9950          64         123
9960          61         128
9970          62         128
9980          65         120
9990          65         124
10000          62         125
