Time   C(t)   
ps   
0           1           1  6.69953e-10   0.0280006
10     0.72515    0.808794    0.717305   0.0155856
20    0.688287     0.78315   0.0518192  0.00317072
30    0.661735    0.764678    0.951932  0.00241384
40     0.64001    0.749565    0.405058   0.0020509
50    0.620717    0.736143     -1.2558  0.00179895
60    0.604031    0.724535  -0.0237849  0.00169373
70    0.586843    0.712577   -0.736237  0.00157295
80    0.572572     0.70265    -1.06899  0.00120341
90    0.562774    0.695834    -1.63955  0.00118925
100    0.548787    0.686103   -0.240499   0.0013345
110    0.536084    0.677266  -0.0519117  0.00131368
120    0.522514    0.667825    0.588527  0.00113923
130      0.5133    0.661415    0.231444  0.00101345
140    0.502245    0.653725   0.0173929  0.00102217
150    0.492856    0.647194   -0.030524  0.000912699
160    0.483991    0.641026   -0.244598  0.000858705
170    0.475682    0.635246   0.0152157  0.000857078
180    0.466849    0.629101    0.204428  0.000901224
190    0.457658    0.622707    0.275886   0.0008164
200    0.450521    0.617742    0.654126  0.000668557
210    0.444287    0.613405   -0.840594  0.000705764
220    0.436406    0.607922    -0.15284  0.000703678
230    0.430213    0.603614     1.76683  0.000770028
240    0.421005    0.597209    0.984286  0.000843163
250     0.41335    0.591883    0.296186  0.000677459
260    0.407456    0.587783     1.26787  0.000569466
270    0.401961     0.58396     2.31086  0.000608361
280    0.395289    0.579318      1.0769  0.000693533
290     0.38809     0.57431     2.38176  0.000507852
300    0.385132    0.572252      2.6647  0.000490281
310    0.378284    0.567489     1.85852  0.000522038
320    0.374691    0.564989     1.40771  0.000483654
330    0.368611    0.560759     1.85847  0.000488015
340    0.364931    0.558199     2.23687  0.000368403
350    0.361243    0.555634    0.196878  0.000305267
360    0.358825    0.553952   -0.396779  0.000475377
370    0.351736     0.54902   -0.656801  0.000607592
380    0.346674    0.545498    0.173105  0.000470398
390    0.342328    0.542475    0.243753  0.000389947
400    0.338875    0.540072     0.24271  0.00038383
410    0.334651    0.537134    0.267039  0.000384626
420    0.331182    0.534721    0.171507  0.000345488
430    0.327741    0.532327     1.47516  0.000408852
440    0.323005    0.529032     1.45206  0.000510724
450    0.317527    0.525221     2.56636  0.000494342
460    0.313118    0.522154     1.61759  0.00035046
470    0.310518    0.520345     2.20937  0.000272588
480    0.307667    0.518362    0.786274  0.000344923
490    0.303619    0.515546     2.09044  0.000408642
500    0.299494    0.512676    0.406737  0.000398986
510    0.295639    0.509995     1.78164  0.000348945
520    0.292515    0.507821     1.35474  0.000384843
530    0.287943     0.50464      1.3075  0.00037152
540    0.285084    0.502652       1.829  0.00025263
550     0.28289    0.501125     2.94273  0.000293747
560    0.279209    0.498565     2.16051  0.00034194
570    0.276051    0.496368     1.92296  0.000305593
580    0.273098    0.494313     1.75653  0.000233756
590    0.271376    0.493115     2.44342  0.000202407
600    0.269049    0.491497      2.5377  0.000264862
610    0.266079     0.48943     2.01583  0.000244109
620    0.264167      0.4881     1.49386  0.000274864
630    0.260582    0.485606     1.61277  0.000252257
640    0.259122    0.484591     1.23243  0.000219111
650    0.256199    0.482557    0.521527  0.000315724
660    0.252808    0.480198    0.118055  0.000310992
670     0.24998     0.47823     1.39856  0.000231323
680    0.248181    0.476979     1.58784  0.000190784
690    0.246164    0.475576     1.37444  0.000246646
700    0.243248    0.473548    0.710461  0.000205897
710    0.242046    0.472711    0.970228  0.000143681
720    0.240375    0.471549     1.08884  0.000350487
730    0.235036    0.467835    0.733725  0.000399581
740    0.232383    0.465989    0.543308  0.000323162
750    0.228573    0.463338    0.757058  0.000287779
760    0.226627    0.461985    0.163378  0.000247085
770    0.223631    0.459901     1.18331  0.000301689
780    0.220594    0.457787     1.06463  0.000276989
790    0.218091    0.456047    -1.16493  0.000346402
800    0.213666    0.452968   -0.169168  0.000287316
810    0.212345    0.452049   -0.216158  0.000173875
820    0.210188    0.450549   -0.406366  0.000179624
830    0.208753     0.44955    0.281341  0.000192785
840    0.206332    0.447866    -0.12183  0.000296837
850    0.202816     0.44542   -0.359075  0.000299255
860    0.200347    0.443703   0.0676604  0.000185125
870    0.199113    0.442844   -0.549607  0.000212936
880    0.196089     0.44074   -0.810579  0.000216976
890    0.194774    0.439825    -1.09498  0.000180997
900    0.192469    0.438222   -0.430904  0.000210618
910    0.190562    0.436895     1.58483  0.000216607
920    0.188137    0.435208     1.22881  0.000136302
930    0.187835    0.434998     0.99164  0.000123864
940    0.185659    0.433484     1.53692  0.000210471
950    0.183626     0.43207     1.13326  0.000151996
960    0.182619     0.43137    0.730042  0.000130305
970     0.18102    0.430257   -0.384886  0.000147167
980    0.179676    0.429322    0.397566  0.000201074
990    0.176998    0.427459    0.990806  0.000207002
1000    0.175536    0.426442    0.349973  0.000177915
1010     0.17344    0.424984    0.349302  0.00016716
1020    0.172193    0.424116     1.39342  0.000104466
1030    0.171351    0.423531     1.41631  0.000164174
1040    0.168909    0.421832     2.41312  0.000121681
1050    0.168917    0.421838    0.847495  1.96777e-05
1060    0.168516    0.421558     1.43983  0.000135274
1070    0.166212    0.419955    0.587357  0.000223177
1080    0.164052    0.418453    0.183955  0.000113456
1090    0.163943    0.418377  -0.0784293  0.000134405
1100    0.161364    0.416583  -0.0541699  0.000205687
1110    0.159829    0.415515  -0.0301417  6.75194e-05
1120    0.160014    0.415644  -0.0784294  0.000103462
1130     0.15776    0.414075    0.846801  8.85084e-05
1140    0.158243    0.414412   -0.055073  9.44957e-05
1150     0.15587    0.412761      1.9368  0.000262133
1160    0.153001    0.410765    0.941615  0.00020802
1170    0.151709    0.409866     1.05967  4.06094e-05
1180    0.152189      0.4102     1.01194  0.000195759
1190    0.147794    0.407143    0.348491  0.000269689
1200    0.146795    0.406448     1.20168  0.000107635
1210    0.145641    0.405645    0.798258  0.000140103
1220    0.143993    0.404498   0.0155749  0.000147989
1230    0.142682    0.403586    0.797285  0.000188247
1240    0.140228    0.401879     1.20113  0.00015437
1250    0.139594    0.401438     2.05462  0.000103406
1260     0.13816     0.40044     1.39036  0.000149347
1270    0.136607     0.39936     1.08191  0.000111531
1280    0.135929    0.398889     1.65138  0.000134742
1290    0.133913    0.397486     1.24847  9.28633e-05
1300    0.134072    0.397596    0.678212  0.000135377
1310    0.131205    0.395602   0.0146716  0.000221823
1320    0.129635     0.39451     0.20444  8.8007e-05
1330    0.129445    0.394378    0.607309  6.52097e-05
1340    0.128331    0.393603    0.654901  0.000126895
1350    0.126907    0.392612    0.322865  0.000144506
1360    0.125441    0.391592    0.346499  0.000139046
1370    0.124126    0.390677    0.109255  7.95234e-05
1380    0.123851    0.390486   0.0609673  3.72402e-05
1390    0.123381    0.390159     1.00941  6.44177e-05
1400    0.122562     0.38959    0.322171  0.000116866
1410    0.121044    0.388533    0.203837  0.000194695
1420    0.118668    0.386881  -0.0330832  9.60309e-05
1430    0.119123    0.387197   -0.199263  3.22472e-05
1440    0.118023    0.386432  -0.0806069  -3.1988e-05
1450    0.119763    0.387642   -0.555606  -8.84399e-05
1460    0.119792    0.387663     0.48798  8.29715e-05
1470    0.118104    0.386488   -0.555513  0.000133886
1480    0.117114      0.3858    0.226893  0.000134224
1490    0.115419     0.38462  -0.0340329  0.000161912
1500    0.113876    0.383547   -0.389657  0.000154473
1510     0.11233    0.382471    0.108305  0.000131273
1520    0.111251     0.38172   0.0135135  0.000127662
1530    0.109776    0.380695   0.0139767  0.000145665
1540    0.108337    0.379694   -0.720952  7.90451e-05
1550    0.108195    0.379595    -0.43718  1.81749e-05
1560    0.107974    0.379441  -0.0339867  -6.67032e-05
1570     0.10953    0.380523    0.131661  4.4167e-06
1580    0.107886    0.379379   -0.295005  7.94459e-05
1590    0.107941    0.379418     1.08043  6.18964e-05
1600    0.106648    0.378518    0.795363  4.01471e-05
1610    0.107138    0.378859   -0.153732  6.81385e-05
1620    0.105285     0.37757   -0.342875  8.20953e-05
1630    0.105496    0.377717   -0.342829  -2.70855e-05
1640    0.105827    0.377947    -1.05461  -5.10689e-05
1650    0.106517    0.378427   -0.509819  8.85431e-05
1660    0.104056    0.376715    -1.12558  0.000100551
1670    0.104506    0.377028    -1.15014  0.000150983
1680    0.101036    0.374614    -1.31507  0.000137103
1690    0.101764    0.375121     -1.2447  -8.89521e-05
1700    0.102815    0.375852    -1.69535  3.13222e-05
1710    0.101138    0.374685    -1.17299  2.72267e-05
1720    0.102271    0.375473   -0.225098  7.37567e-05
1730   0.0996625    0.373659    -0.91299  0.000134159
1740   0.0995875    0.373607    -0.84174  0.00015078
1750   0.0966469    0.371561    -1.43389  0.000112591
1760   0.0973356     0.37204    -1.24447  -6.24359e-06
1770   0.0967718    0.371648    -1.43475  0.000147556
1780   0.0943845    0.369987    -1.36357  0.000161999
1790   0.0935318    0.369394    -1.26866  0.000113765
1800   0.0921092    0.368404    -1.12642  0.000185146
1810   0.0898289    0.366818    -1.36317  0.000163176
1820   0.0888457    0.366134     -1.4585  8.41968e-05
1830   0.0881449    0.365646    -3.14234  0.000159903
1840   0.0856477    0.363909    -1.67174  0.000129519
1850   0.0855546    0.363844    -1.79065  2.97971e-05
1860   0.0850517    0.363494    -1.22183  9.33215e-05
1870   0.0836881    0.362546    -1.81493  7.30004e-05
1880   0.0835917    0.362479    -1.93361  6.50391e-05
1890   0.0823874    0.361641    -1.22188  0.000178146
1900   0.0800288        0.36    -1.72005  0.000211458
1910   0.0781582    0.358699    -2.26544  5.75099e-05
1920   0.0788786      0.3592    -2.05255  -3.91319e-05
1930   0.0789408    0.359243    -1.15172  6.60457e-05
1940   0.0775577    0.358281    -1.19868  7.85187e-05
1950   0.0773705    0.358151   -0.345608  -3.09367e-05
1960   0.0781764    0.358711   -0.345724  -1.85069e-05
1970   0.0777406    0.358408   -0.724959  8.09904e-05
1980   0.0765566    0.357585    -1.22281  6.03631e-05
1990   0.0765333    0.357568    -1.67361  -8.07308e-06
2000   0.0767181    0.357697    -1.19952  -1.22413e-05
2010   0.0767782    0.357739    -1.69778  8.57562e-05
2020   0.0750029    0.356504    -1.48438  0.000173549
2030   0.0733072    0.355324    -2.10058  0.000138461
2040   0.0722337    0.354577   -0.985861  0.000157695
2050   0.0701533     0.35313    -1.53116  4.06228e-05
2060   0.0714213    0.354012    -1.62655  -2.41123e-05
2070   0.0706355    0.353465    -1.41273  5.55415e-05
2080   0.0703104    0.353239    -1.53158  8.51609e-05
2090   0.0689323    0.352281    -0.77276  0.00012535
2100   0.0678034    0.351495    -1.88729  0.00011092
2110   0.0667139    0.350737    -1.53148  0.000123881
2120   0.0653258    0.349772    -1.19954  0.000149568
2130   0.0637226    0.348656   -0.962366  -4.66295e-06
2140    0.065419    0.349837    -1.41343  -9.1413e-05
2150   0.0655508    0.349928    -1.57926  0.000194875
2160   0.0615216    0.347125    -1.31818  0.000265269
2170   0.0602455    0.346237    -1.48447  7.45429e-05
2180   0.0600307    0.346088     -1.2944  3.21725e-05
2190    0.059602     0.34579    -1.01021   2.384e-06
2200    0.059983    0.346055    -1.65086  -8.73068e-05
2210   0.0613481    0.347005   -0.347183  -4.0397e-06
2220   0.0600638    0.346111    -1.08207  7.93258e-05
2230   0.0597616    0.345901     -1.0585  -6.19888e-06
2240   0.0601878    0.346197    -1.62813  -8.29361e-06
2250   0.0599275    0.346016   -0.963964  0.000120666
2260   0.0577745    0.344518    -1.46181  0.000224186
2270   0.0554438    0.342897    -1.17679  0.000132051
2280   0.0551335    0.342681    -2.05468  3.10713e-05
2290   0.0548224    0.342465    -2.33942  5.19641e-06
2300   0.0550295    0.342609    -2.14956  6.36917e-05
2310   0.0535485    0.341579    -2.76567  4.64145e-05
2320   0.0541012    0.341963    -2.64757  6.40238e-05
2330   0.0522681    0.340688     -1.6038  4.2304e-05
2340   0.0532552    0.341374    -2.78982  7.78381e-06
2350   0.0521124    0.340579    -2.03086  0.00013404
2360   0.0505744    0.339509    -2.12567  4.27281e-05
2370   0.0512578    0.339985    -1.55709  6.91988e-05
2380   0.0491904    0.338547    -1.46211  0.000121707
2390   0.0488237    0.338292    -1.84213  0.000144028
2400   0.0463098    0.336543    -1.34378  0.000131102
2410   0.0462016    0.336467    -2.17445  0.000100887
2420   0.0442921    0.335139    -2.55359  7.4652e-05
2430   0.0447086    0.335429    -1.72433  0.000105807
2440   0.0421759    0.333667    -2.31676  0.000176441
2450   0.0411798    0.332974    -1.51042  0.000104162
2460   0.0400927    0.332218    -2.45917  9.11709e-05
2470   0.0393564    0.331705    -1.79512  8.48031e-05
2480   0.0383966    0.331038     -1.5344  5.84289e-05
2490   0.0381878    0.330892    -1.10716  -7.95964e-06
2500   0.0385558    0.331148    -1.32114  4.53776e-05
2510   0.0372802    0.330261    -1.70049  4.09525e-05
2520   0.0377368    0.330579    -1.74813  1.22115e-05
2530    0.037036    0.330091   -0.538919  0.000110331
2540   0.0355301    0.329044    -1.39237  -5.59483e-06
2550   0.0371479    0.330169    -1.48785  1.69687e-05
2560   0.0351908    0.328808     -1.3217  0.000135497
2570    0.034438    0.328284    -1.10827  0.000138205
2580   0.0324267    0.326885   -0.822807  -3.89624e-05
2590   0.0352172    0.328826    -1.67737  -0.000187222
2600   0.0361711    0.329489    -1.39315  -3.9194e-05
2610   0.0360011    0.329371    -2.10463  4.18307e-05
2620   0.0353345    0.328907     -1.6304  5.31981e-05
2630   0.0349371    0.328631    -2.29459  8.50257e-05
2640    0.033634    0.327724    -1.44072  0.000155415
2650   0.0318288    0.326469    -1.41695  5.37485e-05
2660    0.032559    0.326977    -1.13274  5.40592e-05
2670   0.0307476    0.325717       0.243  9.04215e-05
2680   0.0307506    0.325719    -1.44107  2.93065e-05
2690   0.0301615    0.325309    -0.84841  0.000202648
2700   0.0266976    0.322899   -0.753016  0.000134503
2710   0.0274714    0.323437   -0.374337  8.02876e-05
2720   0.0250919    0.321782     -1.1566  1.38885e-05
2730   0.0271937    0.323244    -1.34679  -0.000100405
2740      0.0271    0.323179    -1.25211  2.5019e-06
2750   0.0271436    0.323209     -1.3235  6.68874e-05
2760   0.0257622    0.322248   -0.706813  0.000119914
2770   0.0247453    0.321541   -0.398295  4.41954e-05
2780   0.0248783    0.321633   -0.730448  -8.25645e-05
2790   0.0263966     0.32269   -0.612207  -0.00012432
2800   0.0273647    0.323363   -0.351861  2.11392e-05
2810   0.0259738    0.322396    -1.25316  8.36291e-05
2820   0.0256921      0.3222   -0.778711  -1.58849e-05
2830   0.0262915    0.322617   -0.351652  9.80639e-05
2840   0.0237309    0.320835   -0.802021  0.000116716
2850   0.0239572    0.320993   -0.494268  6.68317e-07
2860   0.0237175    0.320826    -1.39542  -2.26835e-05
2870   0.0244109    0.321308    -0.96892  8.71891e-05
2880   0.0219737    0.319613   -0.542254  0.000166802
2890   0.0210749    0.318987   -0.494592  1.2657e-05
2900   0.0217206    0.319437    -1.04056  4.80209e-05
2910   0.0201144    0.318319   -0.661074  0.000120882
2920   0.0193029    0.317755    -1.11154  9.77297e-05
2930   0.0181598     0.31696    -1.06443  6.26164e-05
2940   0.0180506    0.316884    -1.91808  0.000152597
2950   0.0151079    0.314836    -1.82267  0.000103172
2960   0.0159871    0.315448    -1.01714  7.76723e-05
2970   0.0135545    0.313756   -0.708133  0.000148799
2980   0.0130112    0.313378    -1.44383  9.28119e-06
2990   0.0133688    0.313627     -2.1791  -7.14863e-05
3000   0.0144409    0.314372    -1.72869  2.36217e-05
3010   0.0128964    0.313298    -1.65785  7.11842e-05
3020   0.0130172    0.313382   -0.756444  2.85161e-05
3030   0.0123261    0.312901     -1.0176  0.000121827
3040   0.0105807    0.311687   -0.685009  1.91193e-05
3050   0.0119437    0.312635   -0.898828  -7.65521e-05
3060   0.0121117    0.312752    -1.82371  -3.12236e-05
3070   0.0125682     0.31307    -1.58654  3.12471e-05
3080   0.0114868    0.312317    -1.89461  4.56755e-05
3090   0.0116547    0.312434    -2.67757  -8.91833e-05
3100   0.0132704    0.313558    -2.41711  -3.86155e-05
3110    0.012427    0.312971    -2.60681  -7.44765e-06
3120   0.0134194    0.313662    -2.67797  -1.94449e-05
3130   0.0128159    0.313242     -1.9666  8.47152e-05
3140   0.0117251    0.312483    -1.61038  1.68831e-05
3150   0.0124782    0.313007    -2.13292  -0.000143542
3160   0.0145959     0.31448    -1.27948  -6.85453e-08
3170   0.0124796    0.313008    -1.04198  2.15697e-05
3180   0.0141645     0.31418    -1.13744  -9.54121e-05
3190   0.0143878    0.314335    -1.70684  9.75991e-05
3200   0.0122126    0.312822    -2.27524  -1.75064e-05
3210   0.0147379    0.314579   -0.829153  -0.000130164
3220   0.0148158    0.314633     -1.1139  -1.02493e-05
3230   0.0149429    0.314722    -1.42191  4.88392e-05
3240    0.013839    0.313954    -1.01869  2.91566e-05
3250   0.0143598    0.314316    -1.06649  4.64809e-06
3260   0.0137461    0.313889   -0.734686  6.89009e-05
3270   0.0129818    0.313357    -1.37482  -2.74172e-06
3280   0.0138009    0.313927    -1.11404  -4.48058e-05
3290   0.0138779    0.313981   -0.213066  5.68737e-05
3300   0.0126634    0.313136   -0.189317  9.1775e-05
3310   0.0120424    0.312704   -0.545288  4.72391e-05
3320   0.0117187    0.312479    0.261006  5.73835e-05
3330   0.0108947    0.311905  -0.0234834  0.000115003
3340  0.00941861    0.310878   -0.948482  0.000115298
3350  0.00858876    0.310301   -0.450358  1.04079e-05
3360  0.00921045    0.310734    0.142257  -6.22544e-05
3370  0.00983385    0.311167  -0.0241554  1.55014e-05
3380  0.00890042    0.310518   -0.498159  7.33477e-05
3390   0.0083669    0.310147   -0.166122  7.10836e-05
3400  0.00747875    0.309529  -0.0953586  6.11812e-05
3410  0.00714327    0.309296   0.0707288  8.16328e-05
3420  0.00584609    0.308393    0.402997  1.08598e-05
3430  0.00692608    0.309144    -1.02008  1.87016e-05
3440  0.00547206    0.308133   -0.166331  0.000196432
3450  0.00299744    0.306411   -0.806236  0.000146066
3460  0.00255075    0.306101    -0.37971  1.92264e-05
3470  0.00261291    0.306144   0.0707291  4.7404e-05
3480  0.00160267    0.305441   -0.190474  0.000116504
3490  0.000282826    0.304523  -0.0480906  6.81662e-05
3500  0.000239344    0.304493   0.0940622  4.36535e-06
3510  0.00019552    0.304462    0.093483  6.08878e-05
3520  -0.000978411    0.303646    0.876537  1.98218e-05
3530  -0.000200917    0.304186    0.401677  7.41616e-05
3540  -0.00246164    0.302614    0.188761  9.2212e-05
3550  -0.00204516    0.302903    0.449107  9.78733e-05
3560  -0.00441911    0.301252    0.995125  7.20625e-05
3570  -0.00348641    0.301901     1.04232  -0.000106349
3580  -0.00229213    0.302732    0.212024  -1.05642e-05
3590  -0.00327512    0.302048    0.259872  0.000114062
3600  -0.00457337    0.301145    0.283043  8.31322e-05
3610  -0.00493777    0.300891    0.401329  2.08521e-05
3620  -0.00499042    0.300855   -0.404919  7.06102e-05
3630  -0.00634997    0.299909  -0.0252439  2.62242e-05
3640  -0.0055149     0.30049   -0.120684  -6.79006e-05
3650  -0.00499196    0.300853   -0.500174  6.84061e-05
3660  -0.00688302    0.299538   -0.262906  6.57865e-05
3670  -0.00630769    0.299938    -0.57147  3.98493e-05
3680  -0.00768001    0.298983   0.0453112  6.62085e-05
3690  -0.00763186    0.299017   -0.286956  -1.27298e-05
3700  -0.00742541    0.299161    0.163853  -1.27576e-05
3710  -0.00737671    0.299194   -0.832627  4.81345e-05
3720  -0.0083881    0.298491   -0.974756  2.43264e-05
3730  -0.00786323    0.298856    -0.40573  -1.5358e-05
3740  -0.00808094    0.298705   -0.168091  0.000136328
3750  -0.0105898    0.296959   -0.689919  4.85629e-05
3760  -0.0090522    0.298029   -0.642905  -2.84326e-05
3770  -0.0100211    0.297355   -0.855613  3.81657e-05
3780  -0.00981552    0.297498   -0.476725  -7.15205e-05
3790  -0.00859073     0.29835    -0.66603  -0.000208586
3800  -0.00564381      0.3004   -0.832881  -0.000120381
3810  -0.00618311    0.300025   -0.951307  -2.53611e-06
3820  -0.00559308    0.300435    -0.50066  -6.4497e-05
3830  -0.00489317    0.300922     -1.2357  -3.22731e-05
3840  -0.00494762    0.300884   -0.263392  -5.36137e-06
3850  -0.00478594    0.300997   -0.690405  -2.97713e-05
3860  -0.00435219    0.301298   -0.477049  0.000119477
3870  -0.00717549    0.299334    -0.92714  -5.3551e-08
3880  -0.00435112    0.301299     -1.0936  -7.04131e-05
3890  -0.00576723    0.300314   -0.310776   1.904e-05
3900  -0.00473192    0.301034  -0.0975125  5.7572e-05
3910  -0.00691867    0.299513   0.0213301  9.30859e-05
3920  -0.00659364    0.299739    0.163529  -1.88215e-05
3930  -0.00654224    0.299775   -0.144781  -8.75704e-05
3940  -0.00484223    0.300958    0.566421  -4.09653e-05
3950  -0.00572293    0.300345   0.0449177  0.000121289
3960  -0.00726802     0.29927    0.234547  8.02212e-05
3970  -0.00732735    0.299229  -0.00316115  -5.10861e-06
3980  -0.00716585    0.299341   -0.406702  0.000108465
3990  -0.00949666     0.29772   -0.169087  8.64159e-05
4000  -0.00889417    0.298139   -0.477651  -5.75635e-05
4010  -0.00834539    0.298521   -0.454063  3.96779e-05
4020  -0.00968773    0.297587   -0.430267  4.52364e-05
4030  -0.00925012    0.297891   -0.287605  3.64138e-06
4040  -0.00976055    0.297536   0.0913062  3.99264e-05
4050  -0.0100486    0.297336   -0.857512  -2.7171e-05
4060  -0.00921713    0.297914   -0.809896  -2.71645e-05
4070  -0.00950536    0.297714    -1.30793  -4.84944e-06
4080  -0.00912014    0.297982    -1.16594  -3.57924e-05
4090  -0.00878951    0.298212    -1.09462  -4.4386e-05
4100  -0.00823242    0.298599   -0.667929  8.82922e-05
4110  -0.0105554    0.296983   -0.691331  0.00019875
4120  -0.0122074    0.295834   -0.382535  7.47335e-05
4130    -0.01205    0.295943   -0.454087  2.68518e-05
4140  -0.0127445     0.29546    -1.35492  -1.58078e-05
4150  -0.0117339    0.296163   -0.288253  -5.84738e-05
4160   -0.011575    0.296274  -0.0750829  -7.3534e-06
4170  -0.0115868    0.296266   -0.809896  -3.88533e-05
4180  -0.0107979    0.296814   -0.644387  -5.32538e-05
4190  -0.0105217    0.297007   -0.739225  0.000107238
4200  -0.0129427    0.295322   -0.335869  6.71381e-05
4210  -0.0118645    0.296072  -0.0516339   5.039e-05
4220  -0.0139505    0.294621   -0.739179  6.18302e-05
4230  -0.0131011    0.295212   -0.573369  -4.46302e-05
4240  -0.0130579    0.295242   -0.810313  1.30425e-05
4250  -0.0133619    0.295031    0.114732  -0.000137738
4260  -0.0103031    0.297159  -0.0755922  -9.14473e-05
4270   -0.011533    0.296303   -0.359712  -4.83016e-06
4280  -0.0102065    0.297226   -0.573346  -5.1266e-05
4290  -0.0105077    0.297016   -0.929271  9.70298e-07
4300  -0.0102259    0.297212   -0.241472  1.56492e-05
4310  -0.0108207    0.296799   -0.620845  9.78913e-07
4320  -0.0102455    0.297199    -0.17043  -6.05686e-05
4330  -0.00960929    0.297641   -0.265453  8.33228e-05
4340   -0.011912    0.296039   -0.833924  0.000157011
4350  -0.0127495    0.295457   -0.335846  -1.64268e-05
4360  -0.0115834    0.296268   -0.312536  -0.000119773
4370  -0.0103541    0.297123   -0.241865  5.15809e-05
4380   -0.012615     0.29555   -0.692142  6.92522e-05
4390  -0.0117391     0.29616   -0.976724  -0.000165037
4400  -0.00931429    0.297846    -1.07196  -6.12669e-05
4410  -0.0105138    0.297012    -1.49834  1.27726e-05
4420  -0.00956975    0.297669    -1.21462  8.17313e-05
4430  -0.0121484    0.295875   -0.336795  0.000150564
4440   -0.012581    0.295574   -0.716239  0.000115315
4450  -0.0144547     0.29427    0.303689  0.000100579
4460  -0.0145926    0.294175  -0.0286944  -4.63866e-05
4470   -0.013527    0.294916   -0.977466  4.40112e-05
4480  -0.0154728    0.293562   -0.905915  0.000131507
4490  -0.0161571    0.293086   -0.170916  0.000116956
4500  -0.0178119    0.291935   -0.147398  0.000199154
4510  -0.0201402    0.290315   -0.147468  0.000145168
4520  -0.0207153    0.289915   -0.123764  -1.84766e-05
4530  -0.0197706    0.290572    0.468665  -4.88906e-05
4540  -0.0197375    0.290595   -0.123555  8.82857e-05
4550  -0.0215364    0.289344   -0.147351  3.64264e-05
4560   -0.020466    0.290089   0.0186202  -8.27102e-05
4570  -0.0198822    0.290495    0.279106  -3.70134e-05
4580  -0.0197257    0.290604   0.0655876  5.87758e-06
4590  -0.0199997    0.290413    0.682137  7.06017e-05
4600  -0.0211378    0.289621    0.207902  0.000114024
4610  -0.0222802    0.288826    0.231884  8.04119e-05
4620   -0.022746    0.288502     1.53577  6.52617e-05
4630  -0.0235854    0.287918     1.44095  1.88987e-05
4640   -0.023124    0.288239    0.895285  9.76101e-06
4650  -0.0237806    0.287783      1.1795  4.08474e-05
4660  -0.0239409    0.287671    0.278874  3.48156e-05
4670   -0.024477    0.287298    0.611212  8.18556e-05
4680  -0.0255781    0.286532    0.302833  3.82107e-05
4690  -0.0252412    0.286767   -0.148046  -2.11863e-05
4700  -0.0251543    0.286827    0.350124  -0.00011883
4710  -0.0228646     0.28842    0.397415  -0.000112764
4720   -0.022899    0.288396    0.373874  0.000123478
4730  -0.0253341    0.286702     0.27906  0.000126886
4740  -0.0254368    0.286631   -0.622027  -9.43583e-05
4750   -0.023447    0.288015   -0.171796  -0.000116748
4760  -0.0231018    0.288255    0.184268  -4.41547e-05
4770  -0.0225639    0.288629   -0.622235  4.17835e-05
4780  -0.0239375    0.287674   -0.313879  -0.000117969
4790  -0.0202045     0.29027   -0.456773  -0.000124327
4800  -0.0214509    0.289403   -0.171843  0.000169764
4810  -0.0235998    0.287908   -0.930869  9.32101e-05
4820  -0.0233151    0.288106   -0.195755  -4.78496e-05
4830  -0.0226428    0.288574   0.0655874  -5.76769e-05
4840  -0.0221616    0.288909   -0.195708  3.25816e-05
4850  -0.0232944    0.288121   -0.100662  -7.75609e-05
4860  -0.0206104    0.289988    -1.21554  -0.000191053
4870  -0.0194733    0.290779   -0.954966  8.76346e-05
4880  -0.0223631    0.288769   -0.812281  1.26719e-05
4890  -0.0197268    0.290603    -0.71793  -0.000166252
4900   -0.019038    0.291082   -0.883948  -3.95601e-05
4910  -0.0189356    0.291153    -1.19191  -2.0111e-05
4920  -0.0186358    0.291362   -0.267121  -5.95662e-05
4930  -0.0177443    0.291982   -0.338278  -6.63241e-05
4940  -0.0173093    0.292285   -0.741101  -7.32256e-05
4950  -0.0162797    0.293001   -0.907327  -7.67577e-05
4960  -0.0157742    0.293353   -0.195963  -2.0865e-05
4970  -0.0158624    0.293291  -0.00598626  -9.39491e-05
4980  -0.0138952     0.29466   -0.646448  -0.000197102
4990  -0.0119204    0.296034    -1.07353  -0.000300256
